VoteKit RankProfile
Candidates
(R2:R2),(R1:R1),(D4:D4),(D1:D1),(R3:R3),(D2:D2),(R5:R5),(D3:D3),(R4:R4),(D5:D5)
Max Ranking Length
10
Includes Voter Set
False
=,=,=,=,=,=,=,=,=,=
Ranking_1,Ranking_2,Ranking_3,Ranking_4,Ranking_5,Ranking_6,Ranking_7,Ranking_8,Ranking_9,Ranking_10,&,Weight,&
{'D4'},{'R5'},{'D3'},{'D5'},{'D2'},{'D1'},{'R2'},{'R1'},{'R3'},{'R4'},&,1.0,&
{'D4'},{'R5'},{'D3'},{'D5'},{'D2'},{'R1'},{'D1'},{'R2'},{'R3'},{'R4'},&,1.0,&
{'D4'},{'R5'},{'D3'},{'D2'},{'D5'},{'D1'},{'R2'},{'R1'},{'R3'},{'R4'},&,1.0,&
{'D4'},{'R5'},{'D3'},{'D2'},{'D5'},{'D1'},{'R1'},{'R2'},{'R4'},{'R3'},&,1.0,&
{'D4'},{'R5'},{'D1'},{'D3'},{'R1'},{'R2'},{'D5'},{'D2'},{'R4'},{'R3'},&,1.0,&
{'D4'},{'R5'},{'D5'},{'D3'},{'D1'},{'R2'},{'D2'},{'R3'},{'R1'},{'R4'},&,1.0,&
{'D4'},{'R5'},{'D5'},{'D3'},{'R1'},{'D1'},{'D2'},{'R2'},{'R3'},{'R4'},&,1.0,&
{'D4'},{'R5'},{'D5'},{'D2'},{'D3'},{'D1'},{'R2'},{'R1'},{'R3'},{'R4'},&,1.0,&
{'D4'},{'R5'},{'D5'},{'D2'},{'D3'},{'D1'},{'R2'},{'R4'},{'R1'},{'R3'},&,1.0,&
{'D4'},{'R5'},{'D5'},{'D2'},{'D3'},{'D1'},{'R1'},{'R2'},{'R3'},{'R4'},&,1.0,&
{'D4'},{'R5'},{'D5'},{'R2'},{'R1'},{'R4'},{'D3'},{'D1'},{'D2'},{'R3'},&,1.0,&
{'D4'},{'R5'},{'D2'},{'D5'},{'D1'},{'D3'},{'R2'},{'R1'},{'R3'},{'R4'},&,1.0,&
{'D4'},{'R5'},{'D2'},{'D3'},{'D5'},{'D1'},{'R2'},{'R1'},{'R3'},{'R4'},&,1.0,&
{'D4'},{'R5'},{'R2'},{'D3'},{'R1'},{'D5'},{'D1'},{'D2'},{'R3'},{'R4'},&,1.0,&
{'D4'},{'R5'},{'R2'},{'R1'},{'D1'},{'R4'},{'R3'},{'D3'},{'D5'},{'D2'},&,1.0,&
{'D4'},{'R5'},{'R2'},{'R1'},{'D5'},{'D3'},{'R3'},{'D2'},{'R4'},{'D1'},&,1.0,&
{'D4'},{'D3'},{'D1'},{'D5'},{'D2'},{'R1'},{'R2'},{'R5'},{'R3'},{'R4'},&,4.0,&
{'D4'},{'D3'},{'D1'},{'D5'},{'D2'},{'R1'},{'R2'},{'R5'},{'R4'},{'R3'},&,3.0,&
{'D4'},{'D3'},{'D1'},{'D5'},{'D2'},{'R1'},{'R2'},{'R4'},{'R5'},{'R3'},&,1.0,&
{'D4'},{'D3'},{'D1'},{'D5'},{'D2'},{'R1'},{'R2'},{'R3'},{'R4'},{'R5'},&,1.0,&
{'D4'},{'D3'},{'D1'},{'D5'},{'D2'},{'R1'},{'R2'},{'R3'},{'R5'},{'R4'},&,2.0,&
{'D4'},{'D3'},{'D1'},{'D5'},{'D2'},{'R1'},{'R3'},{'R2'},{'R5'},{'R4'},&,1.0,&
{'D4'},{'D3'},{'D1'},{'D5'},{'D2'},{'R2'},{'R5'},{'R1'},{'R3'},{'R4'},&,1.0,&
{'D4'},{'D3'},{'D1'},{'D5'},{'D2'},{'R2'},{'R5'},{'R1'},{'R4'},{'R3'},&,1.0,&
{'D4'},{'D3'},{'D1'},{'D5'},{'D2'},{'R2'},{'R1'},{'R5'},{'R3'},{'R4'},&,7.0,&
{'D4'},{'D3'},{'D1'},{'D5'},{'D2'},{'R2'},{'R1'},{'R5'},{'R4'},{'R3'},&,3.0,&
{'D4'},{'D3'},{'D1'},{'D5'},{'D2'},{'R2'},{'R1'},{'R4'},{'R5'},{'R3'},&,1.0,&
{'D4'},{'D3'},{'D1'},{'D5'},{'D2'},{'R2'},{'R1'},{'R3'},{'R4'},{'R5'},&,2.0,&
{'D4'},{'D3'},{'D1'},{'D5'},{'D2'},{'R2'},{'R3'},{'R5'},{'R1'},{'R4'},&,1.0,&
{'D4'},{'D3'},{'D1'},{'D5'},{'D2'},{'R5'},{'R1'},{'R2'},{'R3'},{'R4'},&,1.0,&
{'D4'},{'D3'},{'D1'},{'D5'},{'D2'},{'R4'},{'R1'},{'R2'},{'R5'},{'R3'},&,1.0,&
{'D4'},{'D3'},{'D1'},{'D5'},{'D2'},{'R3'},{'R2'},{'R1'},{'R5'},{'R4'},&,1.0,&
{'D4'},{'D3'},{'D1'},{'D5'},{'R1'},{'R2'},{'R5'},{'R4'},{'R3'},{'D2'},&,1.0,&
{'D4'},{'D3'},{'D1'},{'D5'},{'R1'},{'D2'},{'R2'},{'R4'},{'R5'},{'R3'},&,1.0,&
{'D4'},{'D3'},{'D1'},{'D5'},{'R5'},{'D2'},{'R1'},{'R2'},{'R3'},{'R4'},&,1.0,&
{'D4'},{'D3'},{'D1'},{'D5'},{'R2'},{'D2'},{'R1'},{'R5'},{'R4'},{'R3'},&,1.0,&
{'D4'},{'D3'},{'D1'},{'D5'},{'R2'},{'D2'},{'R1'},{'R3'},{'R5'},{'R4'},&,1.0,&
{'D4'},{'D3'},{'D1'},{'D2'},{'R1'},{'D5'},{'R5'},{'R2'},{'R3'},{'R4'},&,1.0,&
{'D4'},{'D3'},{'D1'},{'D2'},{'D5'},{'R1'},{'R2'},{'R5'},{'R3'},{'R4'},&,2.0,&
{'D4'},{'D3'},{'D1'},{'D2'},{'D5'},{'R1'},{'R2'},{'R5'},{'R4'},{'R3'},&,1.0,&
{'D4'},{'D3'},{'D1'},{'D2'},{'D5'},{'R2'},{'R1'},{'R5'},{'R3'},{'R4'},&,1.0,&
{'D4'},{'D3'},{'D1'},{'D2'},{'D5'},{'R2'},{'R1'},{'R4'},{'R5'},{'R3'},&,1.0,&
{'D4'},{'D3'},{'D1'},{'D2'},{'D5'},{'R3'},{'R1'},{'R2'},{'R4'},{'R5'},&,1.0,&
{'D4'},{'D3'},{'D1'},{'R2'},{'R1'},{'D5'},{'D2'},{'R4'},{'R5'},{'R3'},&,2.0,&
{'D4'},{'D3'},{'D1'},{'R2'},{'R1'},{'D5'},{'D2'},{'R3'},{'R4'},{'R5'},&,1.0,&
{'D4'},{'D3'},{'D1'},{'R2'},{'D5'},{'D2'},{'R5'},{'R1'},{'R3'},{'R4'},&,1.0,&
{'D4'},{'D3'},{'D1'},{'R2'},{'D5'},{'D2'},{'R1'},{'R5'},{'R4'},{'R3'},&,1.0,&
{'D4'},{'D3'},{'D1'},{'R2'},{'D5'},{'D2'},{'R1'},{'R4'},{'R5'},{'R3'},&,1.0,&
{'D4'},{'D3'},{'D1'},{'R5'},{'D5'},{'R4'},{'R2'},{'D2'},{'R1'},{'R3'},&,1.0,&
{'D4'},{'D3'},{'D1'},{'R1'},{'D2'},{'D5'},{'R5'},{'R2'},{'R3'},{'R4'},&,1.0,&
{'D4'},{'D3'},{'D1'},{'R1'},{'D5'},{'D2'},{'R2'},{'R5'},{'R3'},{'R4'},&,2.0,&
{'D4'},{'D3'},{'D1'},{'R1'},{'D5'},{'D2'},{'R2'},{'R5'},{'R4'},{'R3'},&,1.0,&
{'D4'},{'D3'},{'D1'},{'R1'},{'D5'},{'D2'},{'R2'},{'R3'},{'R5'},{'R4'},&,1.0,&
{'D4'},{'D3'},{'D1'},{'R1'},{'D5'},{'D2'},{'R5'},{'R2'},{'R3'},{'R4'},&,1.0,&
{'D4'},{'D3'},{'D1'},{'R3'},{'D5'},{'D2'},{'R2'},{'R4'},{'R1'},{'R5'},&,1.0,&
{'D4'},{'D3'},{'D5'},{'D2'},{'D1'},{'R1'},{'R2'},{'R5'},{'R3'},{'R4'},&,14.0,&
{'D4'},{'D3'},{'D5'},{'D2'},{'D1'},{'R1'},{'R2'},{'R5'},{'R4'},{'R3'},&,4.0,&
{'D4'},{'D3'},{'D5'},{'D2'},{'D1'},{'R1'},{'R2'},{'R4'},{'R3'},{'R5'},&,2.0,&
{'D4'},{'D3'},{'D5'},{'D2'},{'D1'},{'R1'},{'R2'},{'R4'},{'R5'},{'R3'},&,4.0,&
{'D4'},{'D3'},{'D5'},{'D2'},{'D1'},{'R1'},{'R2'},{'R3'},{'R5'},{'R4'},&,3.0,&
{'D4'},{'D3'},{'D5'},{'D2'},{'D1'},{'R1'},{'R5'},{'R2'},{'R3'},{'R4'},&,4.0,&
{'D4'},{'D3'},{'D5'},{'D2'},{'D1'},{'R1'},{'R5'},{'R2'},{'R4'},{'R3'},&,3.0,&
{'D4'},{'D3'},{'D5'},{'D2'},{'D1'},{'R1'},{'R5'},{'R3'},{'R2'},{'R4'},&,1.0,&
{'D4'},{'D3'},{'D5'},{'D2'},{'D1'},{'R1'},{'R3'},{'R2'},{'R4'},{'R5'},&,1.0,&
{'D4'},{'D3'},{'D5'},{'D2'},{'D1'},{'R1'},{'R3'},{'R2'},{'R5'},{'R4'},&,2.0,&
{'D4'},{'D3'},{'D5'},{'D2'},{'D1'},{'R1'},{'R4'},{'R2'},{'R5'},{'R3'},&,2.0,&
{'D4'},{'D3'},{'D5'},{'D2'},{'D1'},{'R2'},{'R5'},{'R1'},{'R3'},{'R4'},&,5.0,&
{'D4'},{'D3'},{'D5'},{'D2'},{'D1'},{'R2'},{'R5'},{'R1'},{'R4'},{'R3'},&,4.0,&
{'D4'},{'D3'},{'D5'},{'D2'},{'D1'},{'R2'},{'R5'},{'R3'},{'R1'},{'R4'},&,3.0,&
{'D4'},{'D3'},{'D5'},{'D2'},{'D1'},{'R2'},{'R1'},{'R5'},{'R3'},{'R4'},&,18.0,&
{'D4'},{'D3'},{'D5'},{'D2'},{'D1'},{'R2'},{'R1'},{'R5'},{'R4'},{'R3'},&,6.0,&
{'D4'},{'D3'},{'D5'},{'D2'},{'D1'},{'R2'},{'R1'},{'R4'},{'R3'},{'R5'},&,4.0,&
{'D4'},{'D3'},{'D5'},{'D2'},{'D1'},{'R2'},{'R1'},{'R4'},{'R5'},{'R3'},&,7.0,&
{'D4'},{'D3'},{'D5'},{'D2'},{'D1'},{'R2'},{'R1'},{'R3'},{'R4'},{'R5'},&,1.0,&
{'D4'},{'D3'},{'D5'},{'D2'},{'D1'},{'R2'},{'R1'},{'R3'},{'R5'},{'R4'},&,16.0,&
{'D4'},{'D3'},{'D5'},{'D2'},{'D1'},{'R2'},{'R3'},{'R1'},{'R5'},{'R4'},&,7.0,&
{'D4'},{'D3'},{'D5'},{'D2'},{'D1'},{'R2'},{'R3'},{'R5'},{'R4'},{'R1'},&,1.0,&
{'D4'},{'D3'},{'D5'},{'D2'},{'D1'},{'R2'},{'R3'},{'R5'},{'R1'},{'R4'},&,2.0,&
{'D4'},{'D3'},{'D5'},{'D2'},{'D1'},{'R2'},{'R4'},{'R1'},{'R3'},{'R5'},&,1.0,&
{'D4'},{'D3'},{'D5'},{'D2'},{'D1'},{'R2'},{'R4'},{'R1'},{'R5'},{'R3'},&,1.0,&
{'D4'},{'D3'},{'D5'},{'D2'},{'D1'},{'R2'},{'R4'},{'R3'},{'R1'},{'R5'},&,1.0,&
{'D4'},{'D3'},{'D5'},{'D2'},{'D1'},{'R5'},{'R2'},{'R1'},{'R3'},{'R4'},&,4.0,&
{'D4'},{'D3'},{'D5'},{'D2'},{'D1'},{'R5'},{'R2'},{'R1'},{'R4'},{'R3'},&,3.0,&
{'D4'},{'D3'},{'D5'},{'D2'},{'D1'},{'R5'},{'R2'},{'R3'},{'R1'},{'R4'},&,1.0,&
{'D4'},{'D3'},{'D5'},{'D2'},{'D1'},{'R5'},{'R1'},{'R2'},{'R3'},{'R4'},&,2.0,&
{'D4'},{'D3'},{'D5'},{'D2'},{'D1'},{'R5'},{'R1'},{'R2'},{'R4'},{'R3'},&,1.0,&
{'D4'},{'D3'},{'D5'},{'D2'},{'D1'},{'R5'},{'R1'},{'R3'},{'R2'},{'R4'},&,1.0,&
{'D4'},{'D3'},{'D5'},{'D2'},{'D1'},{'R4'},{'R2'},{'R1'},{'R5'},{'R3'},&,1.0,&
{'D4'},{'D3'},{'D5'},{'D2'},{'D1'},{'R3'},{'R2'},{'R1'},{'R5'},{'R4'},&,2.0,&
{'D4'},{'D3'},{'D5'},{'D2'},{'R1'},{'D1'},{'R2'},{'R5'},{'R3'},{'R4'},&,4.0,&
{'D4'},{'D3'},{'D5'},{'D2'},{'R1'},{'D1'},{'R2'},{'R4'},{'R5'},{'R3'},&,1.0,&
{'D4'},{'D3'},{'D5'},{'D2'},{'R1'},{'D1'},{'R2'},{'R3'},{'R5'},{'R4'},&,2.0,&
{'D4'},{'D3'},{'D5'},{'D2'},{'R1'},{'D1'},{'R5'},{'R2'},{'R3'},{'R4'},&,1.0,&
{'D4'},{'D3'},{'D5'},{'D2'},{'R1'},{'D1'},{'R5'},{'R2'},{'R4'},{'R3'},&,1.0,&
{'D4'},{'D3'},{'D5'},{'D2'},{'R5'},{'D1'},{'R2'},{'R1'},{'R3'},{'R4'},&,1.0,&
{'D4'},{'D3'},{'D5'},{'D2'},{'R5'},{'D1'},{'R1'},{'R2'},{'R3'},{'R4'},&,1.0,&
{'D4'},{'D3'},{'D5'},{'D2'},{'R2'},{'D1'},{'R1'},{'R5'},{'R3'},{'R4'},&,5.0,&
{'D4'},{'D3'},{'D5'},{'D2'},{'R2'},{'D1'},{'R1'},{'R5'},{'R4'},{'R3'},&,5.0,&
{'D4'},{'D3'},{'D5'},{'D2'},{'R2'},{'D1'},{'R1'},{'R4'},{'R5'},{'R3'},&,2.0,&
{'D4'},{'D3'},{'D5'},{'D2'},{'R2'},{'D1'},{'R1'},{'R3'},{'R5'},{'R4'},&,1.0,&
{'D4'},{'D3'},{'D5'},{'D2'},{'R2'},{'D1'},{'R4'},{'R1'},{'R5'},{'R3'},&,1.0,&
{'D4'},{'D3'},{'D5'},{'D2'},{'R2'},{'R1'},{'D1'},{'R4'},{'R5'},{'R3'},&,1.0,&
{'D4'},{'D3'},{'D5'},{'D2'},{'R2'},{'R5'},{'D1'},{'R1'},{'R3'},{'R4'},&,1.0,&
{'D4'},{'D3'},{'D5'},{'D1'},{'D2'},{'R1'},{'R2'},{'R5'},{'R3'},{'R4'},&,14.0,&
{'D4'},{'D3'},{'D5'},{'D1'},{'D2'},{'R1'},{'R2'},{'R5'},{'R4'},{'R3'},&,5.0,&
{'D4'},{'D3'},{'D5'},{'D1'},{'D2'},{'R1'},{'R2'},{'R4'},{'R5'},{'R3'},&,3.0,&
{'D4'},{'D3'},{'D5'},{'D1'},{'D2'},{'R1'},{'R2'},{'R3'},{'R5'},{'R4'},&,2.0,&
{'D4'},{'D3'},{'D5'},{'D1'},{'D2'},{'R1'},{'R5'},{'R2'},{'R3'},{'R4'},&,3.0,&
{'D4'},{'D3'},{'D5'},{'D1'},{'D2'},{'R1'},{'R3'},{'R5'},{'R2'},{'R4'},&,1.0,&
{'D4'},{'D3'},{'D5'},{'D1'},{'D2'},{'R1'},{'R3'},{'R2'},{'R5'},{'R4'},&,1.0,&
{'D4'},{'D3'},{'D5'},{'D1'},{'D2'},{'R1'},{'R3'},{'R4'},{'R2'},{'R5'},&,1.0,&
{'D4'},{'D3'},{'D5'},{'D1'},{'D2'},{'R1'},{'R4'},{'R2'},{'R5'},{'R3'},&,1.0,&
{'D4'},{'D3'},{'D5'},{'D1'},{'D2'},{'R2'},{'R5'},{'R1'},{'R3'},{'R4'},&,5.0,&
{'D4'},{'D3'},{'D5'},{'D1'},{'D2'},{'R2'},{'R5'},{'R1'},{'R4'},{'R3'},&,2.0,&
{'D4'},{'D3'},{'D5'},{'D1'},{'D2'},{'R2'},{'R5'},{'R3'},{'R1'},{'R4'},&,1.0,&
{'D4'},{'D3'},{'D5'},{'D1'},{'D2'},{'R2'},{'R1'},{'R5'},{'R3'},{'R4'},&,16.0,&
{'D4'},{'D3'},{'D5'},{'D1'},{'D2'},{'R2'},{'R1'},{'R5'},{'R4'},{'R3'},&,4.0,&
{'D4'},{'D3'},{'D5'},{'D1'},{'D2'},{'R2'},{'R1'},{'R4'},{'R5'},{'R3'},&,4.0,&
{'D4'},{'D3'},{'D5'},{'D1'},{'D2'},{'R2'},{'R1'},{'R3'},{'R4'},{'R5'},&,4.0,&
{'D4'},{'D3'},{'D5'},{'D1'},{'D2'},{'R2'},{'R1'},{'R3'},{'R5'},{'R4'},&,14.0,&
{'D4'},{'D3'},{'D5'},{'D1'},{'D2'},{'R2'},{'R3'},{'R1'},{'R4'},{'R5'},&,1.0,&
{'D4'},{'D3'},{'D5'},{'D1'},{'D2'},{'R2'},{'R3'},{'R1'},{'R5'},{'R4'},&,4.0,&
{'D4'},{'D3'},{'D5'},{'D1'},{'D2'},{'R2'},{'R4'},{'R1'},{'R5'},{'R3'},&,2.0,&
{'D4'},{'D3'},{'D5'},{'D1'},{'D2'},{'R2'},{'R4'},{'R5'},{'R1'},{'R3'},&,1.0,&
{'D4'},{'D3'},{'D5'},{'D1'},{'D2'},{'R2'},{'R4'},{'R3'},{'R1'},{'R5'},&,1.0,&
{'D4'},{'D3'},{'D5'},{'D1'},{'D2'},{'R5'},{'R2'},{'R1'},{'R3'},{'R4'},&,2.0,&
{'D4'},{'D3'},{'D5'},{'D1'},{'D2'},{'R5'},{'R1'},{'R2'},{'R3'},{'R4'},&,5.0,&
{'D4'},{'D3'},{'D5'},{'D1'},{'D2'},{'R5'},{'R1'},{'R2'},{'R4'},{'R3'},&,3.0,&
{'D4'},{'D3'},{'D5'},{'D1'},{'D2'},{'R5'},{'R1'},{'R3'},{'R2'},{'R4'},&,1.0,&
{'D4'},{'D3'},{'D5'},{'D1'},{'D2'},{'R4'},{'R2'},{'R1'},{'R5'},{'R3'},&,1.0,&
{'D4'},{'D3'},{'D5'},{'D1'},{'D2'},{'R3'},{'R2'},{'R1'},{'R5'},{'R4'},&,2.0,&
{'D4'},{'D3'},{'D5'},{'D1'},{'D2'},{'R3'},{'R1'},{'R5'},{'R2'},{'R4'},&,1.0,&
{'D4'},{'D3'},{'D5'},{'D1'},{'R1'},{'R2'},{'R5'},{'D2'},{'R3'},{'R4'},&,1.0,&
{'D4'},{'D3'},{'D5'},{'D1'},{'R1'},{'D2'},{'R2'},{'R5'},{'R3'},{'R4'},&,4.0,&
{'D4'},{'D3'},{'D5'},{'D1'},{'R1'},{'D2'},{'R2'},{'R5'},{'R4'},{'R3'},&,2.0,&
{'D4'},{'D3'},{'D5'},{'D1'},{'R1'},{'D2'},{'R2'},{'R4'},{'R5'},{'R3'},&,2.0,&
{'D4'},{'D3'},{'D5'},{'D1'},{'R1'},{'D2'},{'R2'},{'R3'},{'R5'},{'R4'},&,1.0,&
{'D4'},{'D3'},{'D5'},{'D1'},{'R1'},{'D2'},{'R5'},{'R2'},{'R3'},{'R4'},&,2.0,&
{'D4'},{'D3'},{'D5'},{'D1'},{'R5'},{'D2'},{'R2'},{'R1'},{'R4'},{'R3'},&,1.0,&
{'D4'},{'D3'},{'D5'},{'D1'},{'R2'},{'R1'},{'D2'},{'R5'},{'R3'},{'R4'},&,1.0,&
{'D4'},{'D3'},{'D5'},{'D1'},{'R2'},{'D2'},{'R1'},{'R5'},{'R3'},{'R4'},&,1.0,&
{'D4'},{'D3'},{'D5'},{'D1'},{'R2'},{'D2'},{'R1'},{'R5'},{'R4'},{'R3'},&,1.0,&
{'D4'},{'D3'},{'D5'},{'D1'},{'R2'},{'D2'},{'R1'},{'R3'},{'R5'},{'R4'},&,1.0,&
{'D4'},{'D3'},{'D5'},{'D1'},{'R3'},{'D2'},{'R2'},{'R1'},{'R5'},{'R4'},&,2.0,&
{'D4'},{'D3'},{'D5'},{'R2'},{'D2'},{'D1'},{'R5'},{'R1'},{'R3'},{'R4'},&,2.0,&
{'D4'},{'D3'},{'D5'},{'R2'},{'D2'},{'D1'},{'R5'},{'R3'},{'R1'},{'R4'},&,1.0,&
{'D4'},{'D3'},{'D5'},{'R2'},{'D2'},{'D1'},{'R1'},{'R5'},{'R3'},{'R4'},&,6.0,&
{'D4'},{'D3'},{'D5'},{'R2'},{'D2'},{'D1'},{'R1'},{'R4'},{'R5'},{'R3'},&,1.0,&
{'D4'},{'D3'},{'D5'},{'R2'},{'D2'},{'D1'},{'R1'},{'R3'},{'R5'},{'R4'},&,3.0,&
{'D4'},{'D3'},{'D5'},{'R2'},{'D2'},{'D1'},{'R4'},{'R5'},{'R3'},{'R1'},&,1.0,&
{'D4'},{'D3'},{'D5'},{'R2'},{'D2'},{'R1'},{'R5'},{'D1'},{'R4'},{'R3'},&,1.0,&
{'D4'},{'D3'},{'D5'},{'R2'},{'D2'},{'R1'},{'D1'},{'R5'},{'R4'},{'R3'},&,1.0,&
{'D4'},{'D3'},{'D5'},{'R2'},{'D2'},{'R1'},{'D1'},{'R4'},{'R5'},{'R3'},&,1.0,&
{'D4'},{'D3'},{'D5'},{'R2'},{'D2'},{'R3'},{'D1'},{'R1'},{'R5'},{'R4'},&,1.0,&
{'D4'},{'D3'},{'D5'},{'R2'},{'D1'},{'R5'},{'D2'},{'R4'},{'R1'},{'R3'},&,1.0,&
{'D4'},{'D3'},{'D5'},{'R2'},{'D1'},{'D2'},{'R1'},{'R5'},{'R3'},{'R4'},&,3.0,&
{'D4'},{'D3'},{'D5'},{'R2'},{'D1'},{'D2'},{'R1'},{'R5'},{'R4'},{'R3'},&,2.0,&
{'D4'},{'D3'},{'D5'},{'R2'},{'D1'},{'D2'},{'R1'},{'R3'},{'R5'},{'R4'},&,3.0,&
{'D4'},{'D3'},{'D5'},{'R2'},{'D1'},{'D2'},{'R3'},{'R1'},{'R4'},{'R5'},&,1.0,&
{'D4'},{'D3'},{'D5'},{'R2'},{'D1'},{'D2'},{'R3'},{'R1'},{'R5'},{'R4'},&,1.0,&
{'D4'},{'D3'},{'D5'},{'R2'},{'R1'},{'D2'},{'D1'},{'R5'},{'R3'},{'R4'},&,2.0,&
{'D4'},{'D3'},{'D5'},{'R2'},{'R1'},{'D2'},{'D1'},{'R4'},{'R5'},{'R3'},&,1.0,&
{'D4'},{'D3'},{'D5'},{'R2'},{'R1'},{'D2'},{'D1'},{'R3'},{'R5'},{'R4'},&,1.0,&
{'D4'},{'D3'},{'D5'},{'R5'},{'D2'},{'D1'},{'R1'},{'R2'},{'R3'},{'R4'},&,1.0,&
{'D4'},{'D3'},{'D5'},{'R5'},{'D2'},{'D1'},{'R1'},{'R2'},{'R4'},{'R3'},&,1.0,&
{'D4'},{'D3'},{'D5'},{'R5'},{'D1'},{'R1'},{'D2'},{'R2'},{'R3'},{'R4'},&,1.0,&
{'D4'},{'D3'},{'D5'},{'R5'},{'D1'},{'R2'},{'D2'},{'R1'},{'R3'},{'R4'},&,1.0,&
{'D4'},{'D3'},{'D5'},{'R5'},{'R2'},{'D2'},{'R1'},{'D1'},{'R3'},{'R4'},&,1.0,&
{'D4'},{'D3'},{'D5'},{'R1'},{'D2'},{'D1'},{'R2'},{'R5'},{'R3'},{'R4'},&,4.0,&
{'D4'},{'D3'},{'D5'},{'R1'},{'D2'},{'D1'},{'R2'},{'R5'},{'R4'},{'R3'},&,3.0,&
{'D4'},{'D3'},{'D5'},{'R1'},{'D2'},{'D1'},{'R2'},{'R3'},{'R4'},{'R5'},&,1.0,&
{'D4'},{'D3'},{'D5'},{'R1'},{'D2'},{'D1'},{'R5'},{'R2'},{'R3'},{'R4'},&,1.0,&
{'D4'},{'D3'},{'D5'},{'R1'},{'D1'},{'R2'},{'R3'},{'D2'},{'R5'},{'R4'},&,1.0,&
{'D4'},{'D3'},{'D5'},{'R1'},{'D1'},{'D2'},{'R2'},{'R5'},{'R3'},{'R4'},&,3.0,&
{'D4'},{'D3'},{'D5'},{'R1'},{'D1'},{'D2'},{'R2'},{'R5'},{'R4'},{'R3'},&,1.0,&
{'D4'},{'D3'},{'D5'},{'R1'},{'R2'},{'D2'},{'D1'},{'R5'},{'R3'},{'R4'},&,1.0,&
{'D4'},{'D3'},{'D5'},{'R3'},{'D2'},{'D1'},{'R2'},{'R1'},{'R5'},{'R4'},&,1.0,&
{'D4'},{'D3'},{'D5'},{'R3'},{'R2'},{'D2'},{'D1'},{'R1'},{'R5'},{'R4'},&,1.0,&
{'D4'},{'D3'},{'D5'},{'R4'},{'D1'},{'D2'},{'R2'},{'R1'},{'R5'},{'R3'},&,1.0,&
{'D4'},{'D3'},{'D5'},{'R4'},{'D1'},{'D2'},{'R5'},{'R3'},{'R2'},{'R1'},&,1.0,&
{'D4'},{'D3'},{'D2'},{'D5'},{'D1'},{'R1'},{'R2'},{'R5'},{'R3'},{'R4'},&,5.0,&
{'D4'},{'D3'},{'D2'},{'D5'},{'D1'},{'R1'},{'R2'},{'R5'},{'R4'},{'R3'},&,4.0,&
{'D4'},{'D3'},{'D2'},{'D5'},{'D1'},{'R1'},{'R2'},{'R4'},{'R5'},{'R3'},&,4.0,&
{'D4'},{'D3'},{'D2'},{'D5'},{'D1'},{'R1'},{'R2'},{'R3'},{'R4'},{'R5'},&,1.0,&
{'D4'},{'D3'},{'D2'},{'D5'},{'D1'},{'R1'},{'R2'},{'R3'},{'R5'},{'R4'},&,3.0,&
{'D4'},{'D3'},{'D2'},{'D5'},{'D1'},{'R1'},{'R5'},{'R2'},{'R3'},{'R4'},&,4.0,&
{'D4'},{'D3'},{'D2'},{'D5'},{'D1'},{'R2'},{'R5'},{'R1'},{'R3'},{'R4'},&,4.0,&
{'D4'},{'D3'},{'D2'},{'D5'},{'D1'},{'R2'},{'R5'},{'R1'},{'R4'},{'R3'},&,3.0,&
{'D4'},{'D3'},{'D2'},{'D5'},{'D1'},{'R2'},{'R5'},{'R3'},{'R1'},{'R4'},&,1.0,&
{'D4'},{'D3'},{'D2'},{'D5'},{'D1'},{'R2'},{'R1'},{'R5'},{'R3'},{'R4'},&,14.0,&
{'D4'},{'D3'},{'D2'},{'D5'},{'D1'},{'R2'},{'R1'},{'R5'},{'R4'},{'R3'},&,4.0,&
{'D4'},{'D3'},{'D2'},{'D5'},{'D1'},{'R2'},{'R1'},{'R4'},{'R3'},{'R5'},&,1.0,&
{'D4'},{'D3'},{'D2'},{'D5'},{'D1'},{'R2'},{'R1'},{'R3'},{'R4'},{'R5'},&,1.0,&
{'D4'},{'D3'},{'D2'},{'D5'},{'D1'},{'R2'},{'R1'},{'R3'},{'R5'},{'R4'},&,3.0,&
{'D4'},{'D3'},{'D2'},{'D5'},{'D1'},{'R2'},{'R3'},{'R1'},{'R5'},{'R4'},&,1.0,&
{'D4'},{'D3'},{'D2'},{'D5'},{'D1'},{'R2'},{'R4'},{'R3'},{'R1'},{'R5'},&,1.0,&
{'D4'},{'D3'},{'D2'},{'D5'},{'D1'},{'R5'},{'R2'},{'R1'},{'R3'},{'R4'},&,5.0,&
{'D4'},{'D3'},{'D2'},{'D5'},{'D1'},{'R5'},{'R2'},{'R3'},{'R1'},{'R4'},&,1.0,&
{'D4'},{'D3'},{'D2'},{'D5'},{'D1'},{'R5'},{'R1'},{'R2'},{'R3'},{'R4'},&,1.0,&
{'D4'},{'D3'},{'D2'},{'D5'},{'D1'},{'R3'},{'R1'},{'R2'},{'R4'},{'R5'},&,1.0,&
{'D4'},{'D3'},{'D2'},{'D5'},{'D1'},{'R3'},{'R1'},{'R2'},{'R5'},{'R4'},&,1.0,&
{'D4'},{'D3'},{'D2'},{'D5'},{'R1'},{'D1'},{'R2'},{'R5'},{'R3'},{'R4'},&,3.0,&
{'D4'},{'D3'},{'D2'},{'D5'},{'R1'},{'D1'},{'R2'},{'R5'},{'R4'},{'R3'},&,2.0,&
{'D4'},{'D3'},{'D2'},{'D5'},{'R1'},{'R2'},{'R5'},{'D1'},{'R3'},{'R4'},&,1.0,&
{'D4'},{'D3'},{'D2'},{'D5'},{'R1'},{'R5'},{'D1'},{'R2'},{'R3'},{'R4'},&,1.0,&
{'D4'},{'D3'},{'D2'},{'D5'},{'R2'},{'D1'},{'R5'},{'R3'},{'R1'},{'R4'},&,1.0,&
{'D4'},{'D3'},{'D2'},{'D5'},{'R2'},{'D1'},{'R1'},{'R5'},{'R3'},{'R4'},&,3.0,&
{'D4'},{'D3'},{'D2'},{'D1'},{'D5'},{'R1'},{'R2'},{'R5'},{'R3'},{'R4'},&,1.0,&
{'D4'},{'D3'},{'D2'},{'D1'},{'D5'},{'R2'},{'R5'},{'R1'},{'R3'},{'R4'},&,1.0,&
{'D4'},{'D3'},{'D2'},{'D1'},{'D5'},{'R2'},{'R5'},{'R1'},{'R4'},{'R3'},&,1.0,&
{'D4'},{'D3'},{'D2'},{'D1'},{'D5'},{'R2'},{'R1'},{'R3'},{'R5'},{'R4'},&,4.0,&
{'D4'},{'D3'},{'D2'},{'D1'},{'R2'},{'D5'},{'R5'},{'R1'},{'R3'},{'R4'},&,1.0,&
{'D4'},{'D3'},{'D2'},{'D1'},{'R2'},{'D5'},{'R1'},{'R5'},{'R4'},{'R3'},&,1.0,&
{'D4'},{'D3'},{'D2'},{'R2'},{'R1'},{'D5'},{'D1'},{'R5'},{'R4'},{'R3'},&,1.0,&
{'D4'},{'D3'},{'D2'},{'R2'},{'D5'},{'D1'},{'R1'},{'R5'},{'R3'},{'R4'},&,1.0,&
{'D4'},{'D3'},{'D2'},{'R2'},{'D5'},{'D1'},{'R1'},{'R5'},{'R4'},{'R3'},&,1.0,&
{'D4'},{'D3'},{'D2'},{'R2'},{'D5'},{'D1'},{'R1'},{'R3'},{'R5'},{'R4'},&,2.0,&
{'D4'},{'D3'},{'D2'},{'R1'},{'D5'},{'D1'},{'R2'},{'R5'},{'R4'},{'R3'},&,1.0,&
{'D4'},{'D3'},{'D2'},{'R1'},{'D5'},{'D1'},{'R2'},{'R4'},{'R5'},{'R3'},&,1.0,&
{'D4'},{'D3'},{'D2'},{'R1'},{'D5'},{'D1'},{'R2'},{'R3'},{'R5'},{'R4'},&,1.0,&
{'D4'},{'D3'},{'D2'},{'R1'},{'D5'},{'D1'},{'R5'},{'R2'},{'R3'},{'R4'},&,1.0,&
{'D4'},{'D3'},{'D2'},{'R1'},{'R2'},{'D5'},{'D1'},{'R5'},{'R3'},{'R4'},&,1.0,&
{'D4'},{'D3'},{'R2'},{'D5'},{'D2'},{'D1'},{'R5'},{'R1'},{'R3'},{'R4'},&,1.0,&
{'D4'},{'D3'},{'R2'},{'D5'},{'D2'},{'D1'},{'R1'},{'R5'},{'R3'},{'R4'},&,3.0,&
{'D4'},{'D3'},{'R2'},{'D5'},{'D2'},{'D1'},{'R1'},{'R5'},{'R4'},{'R3'},&,1.0,&
{'D4'},{'D3'},{'R2'},{'D5'},{'D2'},{'D1'},{'R1'},{'R4'},{'R3'},{'R5'},&,1.0,&
{'D4'},{'D3'},{'R2'},{'D5'},{'D2'},{'D1'},{'R1'},{'R4'},{'R5'},{'R3'},&,2.0,&
{'D4'},{'D3'},{'R2'},{'D5'},{'D2'},{'D1'},{'R3'},{'R1'},{'R5'},{'R4'},&,1.0,&
{'D4'},{'D3'},{'R2'},{'D5'},{'D2'},{'R1'},{'R5'},{'D1'},{'R4'},{'R3'},&,1.0,&
{'D4'},{'D3'},{'R2'},{'D5'},{'D2'},{'R1'},{'D1'},{'R5'},{'R4'},{'R3'},&,1.0,&
{'D4'},{'D3'},{'R2'},{'D5'},{'D2'},{'R1'},{'D1'},{'R3'},{'R5'},{'R4'},&,1.0,&
{'D4'},{'D3'},{'R2'},{'D5'},{'D1'},{'D2'},{'R1'},{'R4'},{'R3'},{'R5'},&,1.0,&
{'D4'},{'D3'},{'R2'},{'D5'},{'D1'},{'D2'},{'R1'},{'R4'},{'R5'},{'R3'},&,1.0,&
{'D4'},{'D3'},{'R2'},{'D5'},{'D1'},{'D2'},{'R1'},{'R3'},{'R5'},{'R4'},&,2.0,&
{'D4'},{'D3'},{'R2'},{'D5'},{'R1'},{'D2'},{'D1'},{'R5'},{'R3'},{'R4'},&,1.0,&
{'D4'},{'D3'},{'R2'},{'D5'},{'R1'},{'D2'},{'D1'},{'R5'},{'R4'},{'R3'},&,1.0,&
{'D4'},{'D3'},{'R2'},{'D5'},{'R1'},{'D2'},{'D1'},{'R3'},{'R5'},{'R4'},&,1.0,&
{'D4'},{'D3'},{'R2'},{'D5'},{'R5'},{'D1'},{'D2'},{'R4'},{'R1'},{'R3'},&,1.0,&
{'D4'},{'D3'},{'R2'},{'D2'},{'D5'},{'D1'},{'R1'},{'R5'},{'R3'},{'R4'},&,2.0,&
{'D4'},{'D3'},{'R2'},{'D2'},{'D5'},{'D1'},{'R1'},{'R3'},{'R5'},{'R4'},&,2.0,&
{'D4'},{'D3'},{'R2'},{'D2'},{'D5'},{'D1'},{'R3'},{'R1'},{'R5'},{'R4'},&,1.0,&
{'D4'},{'D3'},{'R2'},{'D1'},{'D2'},{'D5'},{'R1'},{'R5'},{'R3'},{'R4'},&,1.0,&
{'D4'},{'D3'},{'R2'},{'D1'},{'D5'},{'D2'},{'R1'},{'R5'},{'R3'},{'R4'},&,4.0,&
{'D4'},{'D3'},{'R2'},{'D1'},{'D5'},{'D2'},{'R3'},{'R4'},{'R1'},{'R5'},&,1.0,&
{'D4'},{'D3'},{'R2'},{'R5'},{'R1'},{'D5'},{'R4'},{'D1'},{'D2'},{'R3'},&,1.0,&
{'D4'},{'D3'},{'R2'},{'R5'},{'D5'},{'D2'},{'D1'},{'R1'},{'R3'},{'R4'},&,1.0,&
{'D4'},{'D3'},{'R2'},{'R1'},{'D2'},{'D5'},{'R5'},{'D1'},{'R3'},{'R4'},&,1.0,&
{'D4'},{'D3'},{'R2'},{'R1'},{'D5'},{'D2'},{'D1'},{'R5'},{'R3'},{'R4'},&,2.0,&
{'D4'},{'D3'},{'R2'},{'R1'},{'D5'},{'D2'},{'D1'},{'R3'},{'R5'},{'R4'},&,1.0,&
{'D4'},{'D3'},{'R1'},{'D5'},{'D2'},{'D1'},{'R2'},{'R5'},{'R3'},{'R4'},&,2.0,&
{'D4'},{'D3'},{'R1'},{'D5'},{'D2'},{'D1'},{'R2'},{'R5'},{'R4'},{'R3'},&,1.0,&
{'D4'},{'D3'},{'R1'},{'D5'},{'D2'},{'D1'},{'R2'},{'R4'},{'R5'},{'R3'},&,1.0,&
{'D4'},{'D3'},{'R1'},{'D5'},{'D2'},{'D1'},{'R2'},{'R3'},{'R5'},{'R4'},&,1.0,&
{'D4'},{'D3'},{'R1'},{'D5'},{'D2'},{'R2'},{'D1'},{'R5'},{'R3'},{'R4'},&,2.0,&
{'D4'},{'D3'},{'R1'},{'D5'},{'D1'},{'R2'},{'D2'},{'R3'},{'R5'},{'R4'},&,1.0,&
{'D4'},{'D3'},{'R1'},{'D5'},{'D1'},{'D2'},{'R2'},{'R5'},{'R3'},{'R4'},&,2.0,&
{'D4'},{'D3'},{'R1'},{'D5'},{'D1'},{'D2'},{'R5'},{'R2'},{'R4'},{'R3'},&,1.0,&
{'D4'},{'D3'},{'R1'},{'D5'},{'R2'},{'D2'},{'D1'},{'R3'},{'R4'},{'R5'},&,1.0,&
{'D4'},{'D3'},{'R1'},{'D5'},{'R4'},{'R5'},{'D1'},{'D2'},{'R2'},{'R3'},&,1.0,&
{'D4'},{'D3'},{'R1'},{'D2'},{'D5'},{'D1'},{'R2'},{'R3'},{'R5'},{'R4'},&,1.0,&
{'D4'},{'D3'},{'R1'},{'D2'},{'D5'},{'D1'},{'R5'},{'R2'},{'R4'},{'R3'},&,1.0,&
{'D4'},{'D3'},{'R1'},{'D2'},{'D5'},{'R2'},{'D1'},{'R3'},{'R5'},{'R4'},&,1.0,&
{'D4'},{'D3'},{'R1'},{'D1'},{'D5'},{'R2'},{'D2'},{'R3'},{'R5'},{'R4'},&,1.0,&
{'D4'},{'D3'},{'R1'},{'D1'},{'D5'},{'D2'},{'R2'},{'R5'},{'R3'},{'R4'},&,1.0,&
{'D4'},{'D3'},{'R1'},{'D1'},{'D5'},{'D2'},{'R5'},{'R2'},{'R3'},{'R4'},&,2.0,&
{'D4'},{'D3'},{'R1'},{'D1'},{'D5'},{'D2'},{'R3'},{'R2'},{'R5'},{'R4'},&,1.0,&
{'D4'},{'D3'},{'R1'},{'R2'},{'D1'},{'R5'},{'R3'},{'D5'},{'D2'},{'R4'},&,1.0,&
{'D4'},{'D3'},{'R1'},{'R2'},{'D5'},{'D1'},{'D2'},{'R5'},{'R3'},{'R4'},&,1.0,&
{'D4'},{'D3'},{'R1'},{'R2'},{'D5'},{'D1'},{'D2'},{'R5'},{'R4'},{'R3'},&,1.0,&
{'D4'},{'D3'},{'R1'},{'R2'},{'D5'},{'D1'},{'R3'},{'D2'},{'R4'},{'R5'},&,1.0,&
{'D4'},{'D3'},{'R1'},{'R2'},{'D5'},{'D2'},{'D1'},{'R5'},{'R4'},{'R3'},&,1.0,&
{'D4'},{'D3'},{'R5'},{'D5'},{'D2'},{'D1'},{'R2'},{'R1'},{'R3'},{'R4'},&,1.0,&
{'D4'},{'D3'},{'R5'},{'D5'},{'D2'},{'D1'},{'R2'},{'R3'},{'R1'},{'R4'},&,1.0,&
{'D4'},{'D3'},{'R5'},{'D5'},{'D2'},{'R2'},{'D1'},{'R1'},{'R3'},{'R4'},&,1.0,&
{'D4'},{'D3'},{'R5'},{'D2'},{'D5'},{'D1'},{'R2'},{'R1'},{'R4'},{'R3'},&,1.0,&
{'D4'},{'D3'},{'R5'},{'D2'},{'R2'},{'D5'},{'D1'},{'R3'},{'R4'},{'R1'},&,1.0,&
{'D4'},{'D3'},{'R3'},{'D5'},{'D2'},{'D1'},{'R1'},{'R2'},{'R5'},{'R4'},&,1.0,&
{'D4'},{'D3'},{'R4'},{'D5'},{'R1'},{'R5'},{'R2'},{'D1'},{'R3'},{'D2'},&,1.0,&
{'D4'},{'D3'},{'R4'},{'D2'},{'R1'},{'D5'},{'R5'},{'D1'},{'R2'},{'R3'},&,1.0,&
{'D4'},{'D3'},{'R4'},{'R2'},{'R1'},{'R5'},{'D1'},{'R3'},{'D5'},{'D2'},&,1.0,&
{'D4'},{'D3'},{'R4'},{'R1'},{'D5'},{'R2'},{'D2'},{'D1'},{'R5'},{'R3'},&,1.0,&
{'D4'},{'D2'},{'D3'},{'D5'},{'D1'},{'R1'},{'R2'},{'R5'},{'R3'},{'R4'},&,1.0,&
{'D4'},{'D2'},{'D3'},{'D5'},{'D1'},{'R1'},{'R2'},{'R5'},{'R4'},{'R3'},&,1.0,&
{'D4'},{'D2'},{'D3'},{'D5'},{'D1'},{'R1'},{'R2'},{'R3'},{'R4'},{'R5'},&,1.0,&
{'D4'},{'D2'},{'D3'},{'D5'},{'D1'},{'R1'},{'R2'},{'R3'},{'R5'},{'R4'},&,2.0,&
{'D4'},{'D2'},{'D3'},{'D5'},{'D1'},{'R1'},{'R5'},{'R2'},{'R3'},{'R4'},&,2.0,&
{'D4'},{'D2'},{'D3'},{'D5'},{'D1'},{'R1'},{'R5'},{'R2'},{'R4'},{'R3'},&,1.0,&
{'D4'},{'D2'},{'D3'},{'D5'},{'D1'},{'R1'},{'R3'},{'R5'},{'R2'},{'R4'},&,1.0,&
{'D4'},{'D2'},{'D3'},{'D5'},{'D1'},{'R1'},{'R3'},{'R2'},{'R5'},{'R4'},&,1.0,&
{'D4'},{'D2'},{'D3'},{'D5'},{'D1'},{'R2'},{'R5'},{'R1'},{'R3'},{'R4'},&,3.0,&
{'D4'},{'D2'},{'D3'},{'D5'},{'D1'},{'R2'},{'R1'},{'R5'},{'R3'},{'R4'},&,6.0,&
{'D4'},{'D2'},{'D3'},{'D5'},{'D1'},{'R2'},{'R1'},{'R5'},{'R4'},{'R3'},&,2.0,&
{'D4'},{'D2'},{'D3'},{'D5'},{'D1'},{'R2'},{'R1'},{'R3'},{'R4'},{'R5'},&,1.0,&
{'D4'},{'D2'},{'D3'},{'D5'},{'D1'},{'R2'},{'R1'},{'R3'},{'R5'},{'R4'},&,2.0,&
{'D4'},{'D2'},{'D3'},{'D5'},{'D1'},{'R2'},{'R3'},{'R1'},{'R5'},{'R4'},&,1.0,&
{'D4'},{'D2'},{'D3'},{'D5'},{'D1'},{'R2'},{'R4'},{'R1'},{'R5'},{'R3'},&,1.0,&
{'D4'},{'D2'},{'D3'},{'D5'},{'D1'},{'R4'},{'R2'},{'R1'},{'R5'},{'R3'},&,1.0,&
{'D4'},{'D2'},{'D3'},{'D5'},{'D1'},{'R4'},{'R1'},{'R2'},{'R5'},{'R3'},&,1.0,&
{'D4'},{'D2'},{'D3'},{'D5'},{'R1'},{'D1'},{'R2'},{'R4'},{'R5'},{'R3'},&,1.0,&
{'D4'},{'D2'},{'D3'},{'D5'},{'R5'},{'R2'},{'D1'},{'R1'},{'R3'},{'R4'},&,1.0,&
{'D4'},{'D2'},{'D3'},{'D5'},{'R2'},{'D1'},{'R1'},{'R4'},{'R5'},{'R3'},&,1.0,&
{'D4'},{'D2'},{'D3'},{'D5'},{'R2'},{'D1'},{'R1'},{'R3'},{'R5'},{'R4'},&,1.0,&
{'D4'},{'D2'},{'D3'},{'D5'},{'R2'},{'R1'},{'D1'},{'R5'},{'R4'},{'R3'},&,1.0,&
{'D4'},{'D2'},{'D3'},{'D5'},{'R2'},{'R1'},{'D1'},{'R4'},{'R5'},{'R3'},&,1.0,&
{'D4'},{'D2'},{'D3'},{'D1'},{'D5'},{'R1'},{'R2'},{'R5'},{'R3'},{'R4'},&,3.0,&
{'D4'},{'D2'},{'D3'},{'D1'},{'D5'},{'R1'},{'R2'},{'R4'},{'R5'},{'R3'},&,1.0,&
{'D4'},{'D2'},{'D3'},{'D1'},{'D5'},{'R2'},{'R5'},{'R4'},{'R1'},{'R3'},&,1.0,&
{'D4'},{'D2'},{'D3'},{'D1'},{'D5'},{'R2'},{'R1'},{'R5'},{'R3'},{'R4'},&,1.0,&
{'D4'},{'D2'},{'D3'},{'D1'},{'D5'},{'R2'},{'R1'},{'R4'},{'R5'},{'R3'},&,1.0,&
{'D4'},{'D2'},{'D3'},{'D1'},{'D5'},{'R5'},{'R2'},{'R1'},{'R3'},{'R4'},&,1.0,&
{'D4'},{'D2'},{'D3'},{'R2'},{'D5'},{'D1'},{'R1'},{'R5'},{'R3'},{'R4'},&,3.0,&
{'D4'},{'D2'},{'D3'},{'R2'},{'D5'},{'D1'},{'R1'},{'R3'},{'R5'},{'R4'},&,1.0,&
{'D4'},{'D2'},{'D3'},{'R2'},{'R3'},{'D5'},{'R1'},{'D1'},{'R4'},{'R5'},&,1.0,&
{'D4'},{'D2'},{'D3'},{'R5'},{'D5'},{'R2'},{'D1'},{'R1'},{'R4'},{'R3'},&,1.0,&
{'D4'},{'D2'},{'D3'},{'R1'},{'D1'},{'D5'},{'R2'},{'R5'},{'R3'},{'R4'},&,1.0,&
{'D4'},{'D2'},{'D3'},{'R1'},{'R2'},{'D1'},{'D5'},{'R3'},{'R5'},{'R4'},&,1.0,&
{'D4'},{'D2'},{'D1'},{'D5'},{'D3'},{'R1'},{'R5'},{'R2'},{'R3'},{'R4'},&,1.0,&
{'D4'},{'D2'},{'D1'},{'D5'},{'D3'},{'R2'},{'R1'},{'R5'},{'R3'},{'R4'},&,1.0,&
{'D4'},{'D2'},{'D1'},{'D5'},{'R2'},{'D3'},{'R5'},{'R1'},{'R3'},{'R4'},&,1.0,&
{'D4'},{'D2'},{'D1'},{'D5'},{'R2'},{'D3'},{'R1'},{'R5'},{'R3'},{'R4'},&,1.0,&
{'D4'},{'D2'},{'D1'},{'D5'},{'R2'},{'D3'},{'R1'},{'R3'},{'R5'},{'R4'},&,1.0,&
{'D4'},{'D2'},{'D1'},{'D3'},{'D5'},{'R2'},{'R5'},{'R1'},{'R3'},{'R4'},&,1.0,&
{'D4'},{'D2'},{'D1'},{'D3'},{'D5'},{'R2'},{'R1'},{'R5'},{'R3'},{'R4'},&,1.0,&
{'D4'},{'D2'},{'D1'},{'D3'},{'D5'},{'R2'},{'R1'},{'R4'},{'R5'},{'R3'},&,1.0,&
{'D4'},{'D2'},{'D1'},{'R2'},{'D5'},{'D3'},{'R1'},{'R3'},{'R4'},{'R5'},&,1.0,&
{'D4'},{'D2'},{'D5'},{'D3'},{'D1'},{'R1'},{'R2'},{'R5'},{'R3'},{'R4'},&,7.0,&
{'D4'},{'D2'},{'D5'},{'D3'},{'D1'},{'R1'},{'R2'},{'R5'},{'R4'},{'R3'},&,2.0,&
{'D4'},{'D2'},{'D5'},{'D3'},{'D1'},{'R1'},{'R2'},{'R3'},{'R4'},{'R5'},&,2.0,&
{'D4'},{'D2'},{'D5'},{'D3'},{'D1'},{'R1'},{'R2'},{'R3'},{'R5'},{'R4'},&,4.0,&
{'D4'},{'D2'},{'D5'},{'D3'},{'D1'},{'R1'},{'R5'},{'R2'},{'R3'},{'R4'},&,2.0,&
{'D4'},{'D2'},{'D5'},{'D3'},{'D1'},{'R1'},{'R5'},{'R2'},{'R4'},{'R3'},&,3.0,&
{'D4'},{'D2'},{'D5'},{'D3'},{'D1'},{'R2'},{'R5'},{'R1'},{'R3'},{'R4'},&,4.0,&
{'D4'},{'D2'},{'D5'},{'D3'},{'D1'},{'R2'},{'R5'},{'R1'},{'R4'},{'R3'},&,1.0,&
{'D4'},{'D2'},{'D5'},{'D3'},{'D1'},{'R2'},{'R5'},{'R3'},{'R1'},{'R4'},&,1.0,&
{'D4'},{'D2'},{'D5'},{'D3'},{'D1'},{'R2'},{'R1'},{'R5'},{'R3'},{'R4'},&,10.0,&
{'D4'},{'D2'},{'D5'},{'D3'},{'D1'},{'R2'},{'R1'},{'R5'},{'R4'},{'R3'},&,3.0,&
{'D4'},{'D2'},{'D5'},{'D3'},{'D1'},{'R2'},{'R1'},{'R4'},{'R3'},{'R5'},&,1.0,&
{'D4'},{'D2'},{'D5'},{'D3'},{'D1'},{'R2'},{'R1'},{'R4'},{'R5'},{'R3'},&,1.0,&
{'D4'},{'D2'},{'D5'},{'D3'},{'D1'},{'R2'},{'R1'},{'R3'},{'R5'},{'R4'},&,4.0,&
{'D4'},{'D2'},{'D5'},{'D3'},{'D1'},{'R2'},{'R3'},{'R1'},{'R5'},{'R4'},&,1.0,&
{'D4'},{'D2'},{'D5'},{'D3'},{'D1'},{'R2'},{'R4'},{'R1'},{'R5'},{'R3'},&,1.0,&
{'D4'},{'D2'},{'D5'},{'D3'},{'D1'},{'R5'},{'R2'},{'R1'},{'R3'},{'R4'},&,3.0,&
{'D4'},{'D2'},{'D5'},{'D3'},{'D1'},{'R5'},{'R2'},{'R3'},{'R1'},{'R4'},&,1.0,&
{'D4'},{'D2'},{'D5'},{'D3'},{'D1'},{'R4'},{'R2'},{'R1'},{'R3'},{'R5'},&,1.0,&
{'D4'},{'D2'},{'D5'},{'D3'},{'R1'},{'D1'},{'R2'},{'R5'},{'R3'},{'R4'},&,1.0,&
{'D4'},{'D2'},{'D5'},{'D3'},{'R1'},{'D1'},{'R5'},{'R2'},{'R3'},{'R4'},&,1.0,&
{'D4'},{'D2'},{'D5'},{'D3'},{'R1'},{'D1'},{'R4'},{'R2'},{'R3'},{'R5'},&,1.0,&
{'D4'},{'D2'},{'D5'},{'D3'},{'R5'},{'D1'},{'R2'},{'R3'},{'R1'},{'R4'},&,1.0,&
{'D4'},{'D2'},{'D5'},{'D3'},{'R5'},{'D1'},{'R1'},{'R2'},{'R3'},{'R4'},&,1.0,&
{'D4'},{'D2'},{'D5'},{'D3'},{'R2'},{'D1'},{'R1'},{'R5'},{'R3'},{'R4'},&,4.0,&
{'D4'},{'D2'},{'D5'},{'D3'},{'R2'},{'D1'},{'R1'},{'R4'},{'R5'},{'R3'},&,1.0,&
{'D4'},{'D2'},{'D5'},{'D3'},{'R2'},{'D1'},{'R1'},{'R3'},{'R5'},{'R4'},&,1.0,&
{'D4'},{'D2'},{'D5'},{'D1'},{'R1'},{'D3'},{'R2'},{'R5'},{'R3'},{'R4'},&,1.0,&
{'D4'},{'D2'},{'D5'},{'D1'},{'D3'},{'R1'},{'R2'},{'R5'},{'R3'},{'R4'},&,3.0,&
{'D4'},{'D2'},{'D5'},{'D1'},{'D3'},{'R1'},{'R2'},{'R5'},{'R4'},{'R3'},&,1.0,&
{'D4'},{'D2'},{'D5'},{'D1'},{'D3'},{'R1'},{'R2'},{'R3'},{'R4'},{'R5'},&,1.0,&
{'D4'},{'D2'},{'D5'},{'D1'},{'D3'},{'R1'},{'R3'},{'R2'},{'R5'},{'R4'},&,1.0,&
{'D4'},{'D2'},{'D5'},{'D1'},{'D3'},{'R2'},{'R5'},{'R1'},{'R3'},{'R4'},&,2.0,&
{'D4'},{'D2'},{'D5'},{'D1'},{'D3'},{'R2'},{'R1'},{'R5'},{'R3'},{'R4'},&,1.0,&
{'D4'},{'D2'},{'D5'},{'D1'},{'D3'},{'R2'},{'R1'},{'R3'},{'R5'},{'R4'},&,1.0,&
{'D4'},{'D2'},{'D5'},{'D1'},{'D3'},{'R2'},{'R3'},{'R1'},{'R5'},{'R4'},&,2.0,&
{'D4'},{'D2'},{'D5'},{'D1'},{'D3'},{'R2'},{'R4'},{'R1'},{'R5'},{'R3'},&,1.0,&
{'D4'},{'D2'},{'D5'},{'D1'},{'R2'},{'D3'},{'R1'},{'R4'},{'R5'},{'R3'},&,1.0,&
{'D4'},{'D2'},{'D5'},{'D1'},{'R4'},{'D3'},{'R1'},{'R3'},{'R2'},{'R5'},&,1.0,&
{'D4'},{'D2'},{'D5'},{'R2'},{'D1'},{'D3'},{'R1'},{'R5'},{'R3'},{'R4'},&,1.0,&
{'D4'},{'D2'},{'D5'},{'R2'},{'R1'},{'D3'},{'D1'},{'R5'},{'R3'},{'R4'},&,1.0,&
{'D4'},{'D2'},{'D5'},{'R2'},{'R1'},{'R3'},{'D3'},{'D1'},{'R5'},{'R4'},&,1.0,&
{'D4'},{'D2'},{'D5'},{'R2'},{'D3'},{'D1'},{'R5'},{'R1'},{'R3'},{'R4'},&,1.0,&
{'D4'},{'D2'},{'D5'},{'R2'},{'D3'},{'D1'},{'R1'},{'R5'},{'R3'},{'R4'},&,3.0,&
{'D4'},{'D2'},{'D5'},{'R2'},{'D3'},{'D1'},{'R1'},{'R5'},{'R4'},{'R3'},&,1.0,&
{'D4'},{'D2'},{'D5'},{'R2'},{'D3'},{'D1'},{'R1'},{'R3'},{'R5'},{'R4'},&,1.0,&
{'D4'},{'D2'},{'D5'},{'R2'},{'D3'},{'R5'},{'D1'},{'R1'},{'R3'},{'R4'},&,1.0,&
{'D4'},{'D2'},{'D5'},{'R1'},{'D1'},{'D3'},{'R2'},{'R5'},{'R3'},{'R4'},&,1.0,&
{'D4'},{'D2'},{'D5'},{'R1'},{'D1'},{'D3'},{'R5'},{'R2'},{'R3'},{'R4'},&,1.0,&
{'D4'},{'D2'},{'D5'},{'R1'},{'D3'},{'D1'},{'R2'},{'R5'},{'R4'},{'R3'},&,1.0,&
{'D4'},{'D2'},{'D5'},{'R1'},{'D3'},{'D1'},{'R2'},{'R3'},{'R4'},{'R5'},&,1.0,&
{'D4'},{'D2'},{'D5'},{'R1'},{'D3'},{'D1'},{'R3'},{'R2'},{'R5'},{'R4'},&,1.0,&
{'D4'},{'D2'},{'D5'},{'R1'},{'D3'},{'R5'},{'D1'},{'R2'},{'R3'},{'R4'},&,1.0,&
{'D4'},{'D2'},{'D5'},{'R1'},{'R3'},{'D3'},{'D1'},{'R2'},{'R5'},{'R4'},&,1.0,&
{'D4'},{'D2'},{'R2'},{'D5'},{'R1'},{'D3'},{'D1'},{'R5'},{'R3'},{'R4'},&,1.0,&
{'D4'},{'D2'},{'R2'},{'D5'},{'D3'},{'D1'},{'R1'},{'R5'},{'R3'},{'R4'},&,1.0,&
{'D4'},{'D2'},{'R2'},{'D5'},{'D3'},{'D1'},{'R1'},{'R5'},{'R4'},{'R3'},&,1.0,&
{'D4'},{'D2'},{'R2'},{'D5'},{'D3'},{'D1'},{'R1'},{'R3'},{'R5'},{'R4'},&,1.0,&
{'D4'},{'D2'},{'R2'},{'D5'},{'D3'},{'D1'},{'R3'},{'R1'},{'R5'},{'R4'},&,1.0,&
{'D4'},{'D2'},{'R2'},{'D5'},{'D3'},{'R1'},{'D1'},{'R5'},{'R4'},{'R3'},&,2.0,&
{'D4'},{'D2'},{'R2'},{'D3'},{'D1'},{'D5'},{'R1'},{'R5'},{'R3'},{'R4'},&,1.0,&
{'D4'},{'D2'},{'R2'},{'D3'},{'D5'},{'D1'},{'R5'},{'R1'},{'R3'},{'R4'},&,1.0,&
{'D4'},{'D2'},{'R2'},{'D3'},{'D5'},{'D1'},{'R1'},{'R5'},{'R3'},{'R4'},&,1.0,&
{'D4'},{'D2'},{'R2'},{'D3'},{'D5'},{'D1'},{'R1'},{'R4'},{'R3'},{'R5'},&,1.0,&
{'D4'},{'D2'},{'R2'},{'D3'},{'D5'},{'D1'},{'R1'},{'R4'},{'R5'},{'R3'},&,1.0,&
{'D4'},{'D2'},{'R2'},{'D3'},{'D5'},{'D1'},{'R3'},{'R1'},{'R5'},{'R4'},&,1.0,&
{'D4'},{'D2'},{'R2'},{'R5'},{'D1'},{'D3'},{'D5'},{'R3'},{'R1'},{'R4'},&,1.0,&
{'D4'},{'D2'},{'R1'},{'D5'},{'D1'},{'D3'},{'R2'},{'R5'},{'R3'},{'R4'},&,1.0,&
{'D4'},{'D2'},{'R1'},{'D5'},{'D3'},{'D1'},{'R2'},{'R5'},{'R3'},{'R4'},&,1.0,&
{'D4'},{'D2'},{'R1'},{'D3'},{'D1'},{'D5'},{'R2'},{'R3'},{'R5'},{'R4'},&,1.0,&
{'D4'},{'D2'},{'R1'},{'D3'},{'D5'},{'D1'},{'R2'},{'R5'},{'R4'},{'R3'},&,1.0,&
{'D4'},{'D2'},{'R1'},{'D1'},{'D5'},{'D3'},{'R2'},{'R5'},{'R4'},{'R3'},&,1.0,&
{'D4'},{'D2'},{'R1'},{'D1'},{'D5'},{'D3'},{'R3'},{'R5'},{'R2'},{'R4'},&,1.0,&
{'D4'},{'D2'},{'R1'},{'R2'},{'D5'},{'R3'},{'D3'},{'R5'},{'D1'},{'R4'},&,1.0,&
{'D4'},{'D2'},{'R5'},{'D3'},{'D5'},{'D1'},{'R1'},{'R2'},{'R4'},{'R3'},&,1.0,&
{'D4'},{'D2'},{'R3'},{'D3'},{'D1'},{'D5'},{'R2'},{'R1'},{'R4'},{'R5'},&,1.0,&
{'D4'},{'D2'},{'R3'},{'D3'},{'D5'},{'D1'},{'R2'},{'R1'},{'R5'},{'R4'},&,1.0,&
{'D4'},{'D5'},{'D3'},{'D2'},{'D1'},{'R1'},{'R2'},{'R5'},{'R3'},{'R4'},&,27.0,&
{'D4'},{'D5'},{'D3'},{'D2'},{'D1'},{'R1'},{'R2'},{'R5'},{'R4'},{'R3'},&,10.0,&
{'D4'},{'D5'},{'D3'},{'D2'},{'D1'},{'R1'},{'R2'},{'R4'},{'R3'},{'R5'},&,1.0,&
{'D4'},{'D5'},{'D3'},{'D2'},{'D1'},{'R1'},{'R2'},{'R4'},{'R5'},{'R3'},&,7.0,&
{'D4'},{'D5'},{'D3'},{'D2'},{'D1'},{'R1'},{'R2'},{'R3'},{'R4'},{'R5'},&,1.0,&
{'D4'},{'D5'},{'D3'},{'D2'},{'D1'},{'R1'},{'R2'},{'R3'},{'R5'},{'R4'},&,7.0,&
{'D4'},{'D5'},{'D3'},{'D2'},{'D1'},{'R1'},{'R5'},{'R2'},{'R3'},{'R4'},&,4.0,&
{'D4'},{'D5'},{'D3'},{'D2'},{'D1'},{'R1'},{'R5'},{'R2'},{'R4'},{'R3'},&,2.0,&
{'D4'},{'D5'},{'D3'},{'D2'},{'D1'},{'R1'},{'R3'},{'R2'},{'R5'},{'R4'},&,1.0,&
{'D4'},{'D5'},{'D3'},{'D2'},{'D1'},{'R2'},{'R5'},{'R1'},{'R3'},{'R4'},&,3.0,&
{'D4'},{'D5'},{'D3'},{'D2'},{'D1'},{'R2'},{'R5'},{'R1'},{'R4'},{'R3'},&,2.0,&
{'D4'},{'D5'},{'D3'},{'D2'},{'D1'},{'R2'},{'R1'},{'R5'},{'R3'},{'R4'},&,27.0,&
{'D4'},{'D5'},{'D3'},{'D2'},{'D1'},{'R2'},{'R1'},{'R5'},{'R4'},{'R3'},&,6.0,&
{'D4'},{'D5'},{'D3'},{'D2'},{'D1'},{'R2'},{'R1'},{'R4'},{'R3'},{'R5'},&,2.0,&
{'D4'},{'D5'},{'D3'},{'D2'},{'D1'},{'R2'},{'R1'},{'R4'},{'R5'},{'R3'},&,5.0,&
{'D4'},{'D5'},{'D3'},{'D2'},{'D1'},{'R2'},{'R1'},{'R3'},{'R4'},{'R5'},&,3.0,&
{'D4'},{'D5'},{'D3'},{'D2'},{'D1'},{'R2'},{'R1'},{'R3'},{'R5'},{'R4'},&,17.0,&
{'D4'},{'D5'},{'D3'},{'D2'},{'D1'},{'R2'},{'R3'},{'R1'},{'R5'},{'R4'},&,3.0,&
{'D4'},{'D5'},{'D3'},{'D2'},{'D1'},{'R2'},{'R4'},{'R1'},{'R5'},{'R3'},&,2.0,&
{'D4'},{'D5'},{'D3'},{'D2'},{'D1'},{'R2'},{'R4'},{'R3'},{'R1'},{'R5'},&,1.0,&
{'D4'},{'D5'},{'D3'},{'D2'},{'D1'},{'R5'},{'R2'},{'R1'},{'R3'},{'R4'},&,5.0,&
{'D4'},{'D5'},{'D3'},{'D2'},{'D1'},{'R5'},{'R2'},{'R1'},{'R4'},{'R3'},&,1.0,&
{'D4'},{'D5'},{'D3'},{'D2'},{'D1'},{'R5'},{'R2'},{'R3'},{'R1'},{'R4'},&,1.0,&
{'D4'},{'D5'},{'D3'},{'D2'},{'D1'},{'R5'},{'R1'},{'R2'},{'R3'},{'R4'},&,2.0,&
{'D4'},{'D5'},{'D3'},{'D2'},{'D1'},{'R5'},{'R3'},{'R2'},{'R1'},{'R4'},&,1.0,&
{'D4'},{'D5'},{'D3'},{'D2'},{'D1'},{'R4'},{'R2'},{'R1'},{'R3'},{'R5'},&,1.0,&
{'D4'},{'D5'},{'D3'},{'D2'},{'D1'},{'R4'},{'R2'},{'R1'},{'R5'},{'R3'},&,1.0,&
{'D4'},{'D5'},{'D3'},{'D2'},{'D1'},{'R4'},{'R1'},{'R2'},{'R3'},{'R5'},&,1.0,&
{'D4'},{'D5'},{'D3'},{'D2'},{'D1'},{'R3'},{'R2'},{'R1'},{'R4'},{'R5'},&,1.0,&
{'D4'},{'D5'},{'D3'},{'D2'},{'D1'},{'R3'},{'R2'},{'R1'},{'R5'},{'R4'},&,3.0,&
{'D4'},{'D5'},{'D3'},{'D2'},{'D1'},{'R3'},{'R2'},{'R5'},{'R1'},{'R4'},&,1.0,&
{'D4'},{'D5'},{'D3'},{'D2'},{'R1'},{'D1'},{'R2'},{'R5'},{'R3'},{'R4'},&,3.0,&
{'D4'},{'D5'},{'D3'},{'D2'},{'R1'},{'D1'},{'R2'},{'R5'},{'R4'},{'R3'},&,1.0,&
{'D4'},{'D5'},{'D3'},{'D2'},{'R1'},{'D1'},{'R2'},{'R3'},{'R4'},{'R5'},&,1.0,&
{'D4'},{'D5'},{'D3'},{'D2'},{'R1'},{'D1'},{'R2'},{'R3'},{'R5'},{'R4'},&,3.0,&
{'D4'},{'D5'},{'D3'},{'D2'},{'R1'},{'R2'},{'D1'},{'R5'},{'R3'},{'R4'},&,1.0,&
{'D4'},{'D5'},{'D3'},{'D2'},{'R1'},{'R2'},{'R3'},{'D1'},{'R4'},{'R5'},&,1.0,&
{'D4'},{'D5'},{'D3'},{'D2'},{'R5'},{'D1'},{'R1'},{'R2'},{'R4'},{'R3'},&,1.0,&
{'D4'},{'D5'},{'D3'},{'D2'},{'R2'},{'D1'},{'R5'},{'R1'},{'R3'},{'R4'},&,2.0,&
{'D4'},{'D5'},{'D3'},{'D2'},{'R2'},{'D1'},{'R5'},{'R1'},{'R4'},{'R3'},&,3.0,&
{'D4'},{'D5'},{'D3'},{'D2'},{'R2'},{'D1'},{'R1'},{'R5'},{'R3'},{'R4'},&,2.0,&
{'D4'},{'D5'},{'D3'},{'D2'},{'R2'},{'D1'},{'R1'},{'R5'},{'R4'},{'R3'},&,3.0,&
{'D4'},{'D5'},{'D3'},{'D2'},{'R2'},{'D1'},{'R1'},{'R4'},{'R3'},{'R5'},&,2.0,&
{'D4'},{'D5'},{'D3'},{'D2'},{'R2'},{'D1'},{'R1'},{'R3'},{'R4'},{'R5'},&,1.0,&
{'D4'},{'D5'},{'D3'},{'D2'},{'R2'},{'D1'},{'R1'},{'R3'},{'R5'},{'R4'},&,1.0,&
{'D4'},{'D5'},{'D3'},{'D2'},{'R2'},{'D1'},{'R4'},{'R1'},{'R5'},{'R3'},&,1.0,&
{'D4'},{'D5'},{'D3'},{'D2'},{'R2'},{'R1'},{'R5'},{'R3'},{'D1'},{'R4'},&,1.0,&
{'D4'},{'D5'},{'D3'},{'D2'},{'R2'},{'R1'},{'D1'},{'R5'},{'R3'},{'R4'},&,1.0,&
{'D4'},{'D5'},{'D3'},{'D2'},{'R2'},{'R5'},{'D1'},{'R3'},{'R1'},{'R4'},&,1.0,&
{'D4'},{'D5'},{'D3'},{'D2'},{'R3'},{'D1'},{'R2'},{'R1'},{'R5'},{'R4'},&,1.0,&
{'D4'},{'D5'},{'D3'},{'D2'},{'R3'},{'D1'},{'R2'},{'R5'},{'R1'},{'R4'},&,1.0,&
{'D4'},{'D5'},{'D3'},{'D1'},{'D2'},{'R1'},{'R2'},{'R5'},{'R3'},{'R4'},&,13.0,&
{'D4'},{'D5'},{'D3'},{'D1'},{'D2'},{'R1'},{'R2'},{'R5'},{'R4'},{'R3'},&,4.0,&
{'D4'},{'D5'},{'D3'},{'D1'},{'D2'},{'R1'},{'R2'},{'R4'},{'R3'},{'R5'},&,1.0,&
{'D4'},{'D5'},{'D3'},{'D1'},{'D2'},{'R1'},{'R2'},{'R4'},{'R5'},{'R3'},&,4.0,&
{'D4'},{'D5'},{'D3'},{'D1'},{'D2'},{'R1'},{'R2'},{'R3'},{'R4'},{'R5'},&,1.0,&
{'D4'},{'D5'},{'D3'},{'D1'},{'D2'},{'R1'},{'R2'},{'R3'},{'R5'},{'R4'},&,7.0,&
{'D4'},{'D5'},{'D3'},{'D1'},{'D2'},{'R1'},{'R5'},{'R2'},{'R3'},{'R4'},&,2.0,&
{'D4'},{'D5'},{'D3'},{'D1'},{'D2'},{'R1'},{'R5'},{'R2'},{'R4'},{'R3'},&,1.0,&
{'D4'},{'D5'},{'D3'},{'D1'},{'D2'},{'R1'},{'R3'},{'R2'},{'R5'},{'R4'},&,1.0,&
{'D4'},{'D5'},{'D3'},{'D1'},{'D2'},{'R2'},{'R5'},{'R1'},{'R3'},{'R4'},&,6.0,&
{'D4'},{'D5'},{'D3'},{'D1'},{'D2'},{'R2'},{'R5'},{'R1'},{'R4'},{'R3'},&,3.0,&
{'D4'},{'D5'},{'D3'},{'D1'},{'D2'},{'R2'},{'R1'},{'R5'},{'R3'},{'R4'},&,19.0,&
{'D4'},{'D5'},{'D3'},{'D1'},{'D2'},{'R2'},{'R1'},{'R5'},{'R4'},{'R3'},&,9.0,&
{'D4'},{'D5'},{'D3'},{'D1'},{'D2'},{'R2'},{'R1'},{'R4'},{'R3'},{'R5'},&,1.0,&
{'D4'},{'D5'},{'D3'},{'D1'},{'D2'},{'R2'},{'R1'},{'R4'},{'R5'},{'R3'},&,1.0,&
{'D4'},{'D5'},{'D3'},{'D1'},{'D2'},{'R2'},{'R1'},{'R3'},{'R5'},{'R4'},&,12.0,&
{'D4'},{'D5'},{'D3'},{'D1'},{'D2'},{'R2'},{'R3'},{'R1'},{'R5'},{'R4'},&,1.0,&
{'D4'},{'D5'},{'D3'},{'D1'},{'D2'},{'R2'},{'R4'},{'R1'},{'R5'},{'R3'},&,2.0,&
{'D4'},{'D5'},{'D3'},{'D1'},{'D2'},{'R5'},{'R2'},{'R1'},{'R3'},{'R4'},&,2.0,&
{'D4'},{'D5'},{'D3'},{'D1'},{'D2'},{'R5'},{'R2'},{'R3'},{'R1'},{'R4'},&,1.0,&
{'D4'},{'D5'},{'D3'},{'D1'},{'D2'},{'R5'},{'R1'},{'R2'},{'R3'},{'R4'},&,2.0,&
{'D4'},{'D5'},{'D3'},{'D1'},{'D2'},{'R4'},{'R2'},{'R1'},{'R5'},{'R3'},&,2.0,&
{'D4'},{'D5'},{'D3'},{'D1'},{'D2'},{'R3'},{'R2'},{'R1'},{'R5'},{'R4'},&,3.0,&
{'D4'},{'D5'},{'D3'},{'D1'},{'D2'},{'R3'},{'R1'},{'R2'},{'R5'},{'R4'},&,1.0,&
{'D4'},{'D5'},{'D3'},{'D1'},{'R1'},{'D2'},{'R2'},{'R5'},{'R3'},{'R4'},&,2.0,&
{'D4'},{'D5'},{'D3'},{'D1'},{'R1'},{'D2'},{'R2'},{'R5'},{'R4'},{'R3'},&,2.0,&
{'D4'},{'D5'},{'D3'},{'D1'},{'R1'},{'D2'},{'R2'},{'R4'},{'R5'},{'R3'},&,1.0,&
{'D4'},{'D5'},{'D3'},{'D1'},{'R5'},{'D2'},{'R2'},{'R1'},{'R3'},{'R4'},&,1.0,&
{'D4'},{'D5'},{'D3'},{'D1'},{'R2'},{'D2'},{'R5'},{'R1'},{'R4'},{'R3'},&,3.0,&
{'D4'},{'D5'},{'D3'},{'D1'},{'R2'},{'D2'},{'R5'},{'R3'},{'R1'},{'R4'},&,1.0,&
{'D4'},{'D5'},{'D3'},{'D1'},{'R2'},{'D2'},{'R1'},{'R5'},{'R3'},{'R4'},&,4.0,&
{'D4'},{'D5'},{'D3'},{'D1'},{'R2'},{'D2'},{'R1'},{'R5'},{'R4'},{'R3'},&,2.0,&
{'D4'},{'D5'},{'D3'},{'D1'},{'R2'},{'D2'},{'R1'},{'R4'},{'R5'},{'R3'},&,2.0,&
{'D4'},{'D5'},{'D3'},{'D1'},{'R2'},{'D2'},{'R1'},{'R3'},{'R5'},{'R4'},&,1.0,&
{'D4'},{'D5'},{'D3'},{'D1'},{'R2'},{'D2'},{'R3'},{'R1'},{'R5'},{'R4'},&,2.0,&
{'D4'},{'D5'},{'D3'},{'R2'},{'D2'},{'D1'},{'R5'},{'R1'},{'R3'},{'R4'},&,2.0,&
{'D4'},{'D5'},{'D3'},{'R2'},{'D2'},{'D1'},{'R5'},{'R1'},{'R4'},{'R3'},&,2.0,&
{'D4'},{'D5'},{'D3'},{'R2'},{'D2'},{'D1'},{'R1'},{'R5'},{'R3'},{'R4'},&,4.0,&
{'D4'},{'D5'},{'D3'},{'R2'},{'D2'},{'D1'},{'R1'},{'R5'},{'R4'},{'R3'},&,2.0,&
{'D4'},{'D5'},{'D3'},{'R2'},{'D2'},{'D1'},{'R1'},{'R4'},{'R3'},{'R5'},&,2.0,&
{'D4'},{'D5'},{'D3'},{'R2'},{'D2'},{'D1'},{'R1'},{'R4'},{'R5'},{'R3'},&,1.0,&
{'D4'},{'D5'},{'D3'},{'R2'},{'D2'},{'D1'},{'R1'},{'R3'},{'R4'},{'R5'},&,2.0,&
{'D4'},{'D5'},{'D3'},{'R2'},{'D2'},{'D1'},{'R1'},{'R3'},{'R5'},{'R4'},&,5.0,&
{'D4'},{'D5'},{'D3'},{'R2'},{'D2'},{'R1'},{'D1'},{'R5'},{'R3'},{'R4'},&,1.0,&
{'D4'},{'D5'},{'D3'},{'R2'},{'D2'},{'R1'},{'D1'},{'R4'},{'R5'},{'R3'},&,2.0,&
{'D4'},{'D5'},{'D3'},{'R2'},{'D2'},{'R1'},{'D1'},{'R3'},{'R5'},{'R4'},&,1.0,&
{'D4'},{'D5'},{'D3'},{'R2'},{'D1'},{'R1'},{'D2'},{'R3'},{'R4'},{'R5'},&,1.0,&
{'D4'},{'D5'},{'D3'},{'R2'},{'D1'},{'R1'},{'D2'},{'R3'},{'R5'},{'R4'},&,1.0,&
{'D4'},{'D5'},{'D3'},{'R2'},{'D1'},{'R5'},{'D2'},{'R1'},{'R3'},{'R4'},&,1.0,&
{'D4'},{'D5'},{'D3'},{'R2'},{'D1'},{'D2'},{'R5'},{'R1'},{'R3'},{'R4'},&,1.0,&
{'D4'},{'D5'},{'D3'},{'R2'},{'D1'},{'D2'},{'R5'},{'R1'},{'R4'},{'R3'},&,2.0,&
{'D4'},{'D5'},{'D3'},{'R2'},{'D1'},{'D2'},{'R1'},{'R5'},{'R3'},{'R4'},&,3.0,&
{'D4'},{'D5'},{'D3'},{'R2'},{'D1'},{'D2'},{'R1'},{'R5'},{'R4'},{'R3'},&,3.0,&
{'D4'},{'D5'},{'D3'},{'R2'},{'D1'},{'D2'},{'R1'},{'R4'},{'R3'},{'R5'},&,1.0,&
{'D4'},{'D5'},{'D3'},{'R2'},{'D1'},{'D2'},{'R1'},{'R3'},{'R5'},{'R4'},&,2.0,&
{'D4'},{'D5'},{'D3'},{'R2'},{'D1'},{'D2'},{'R4'},{'R5'},{'R1'},{'R3'},&,1.0,&
{'D4'},{'D5'},{'D3'},{'R2'},{'R1'},{'D2'},{'D1'},{'R5'},{'R3'},{'R4'},&,3.0,&
{'D4'},{'D5'},{'D3'},{'R2'},{'R1'},{'D2'},{'D1'},{'R3'},{'R5'},{'R4'},&,1.0,&
{'D4'},{'D5'},{'D3'},{'R5'},{'D2'},{'D1'},{'R2'},{'R1'},{'R4'},{'R3'},&,2.0,&
{'D4'},{'D5'},{'D3'},{'R5'},{'D2'},{'D1'},{'R1'},{'R2'},{'R4'},{'R3'},&,1.0,&
{'D4'},{'D5'},{'D3'},{'R5'},{'D1'},{'R1'},{'D2'},{'R2'},{'R3'},{'R4'},&,1.0,&
{'D4'},{'D5'},{'D3'},{'R5'},{'D1'},{'D2'},{'R2'},{'R1'},{'R3'},{'R4'},&,1.0,&
{'D4'},{'D5'},{'D3'},{'R5'},{'D1'},{'D2'},{'R1'},{'R2'},{'R3'},{'R4'},&,1.0,&
{'D4'},{'D5'},{'D3'},{'R5'},{'R1'},{'R2'},{'D2'},{'D1'},{'R3'},{'R4'},&,1.0,&
{'D4'},{'D5'},{'D3'},{'R1'},{'D2'},{'D1'},{'R2'},{'R5'},{'R3'},{'R4'},&,4.0,&
{'D4'},{'D5'},{'D3'},{'R1'},{'D2'},{'D1'},{'R2'},{'R4'},{'R3'},{'R5'},&,1.0,&
{'D4'},{'D5'},{'D3'},{'R1'},{'D2'},{'D1'},{'R2'},{'R3'},{'R5'},{'R4'},&,1.0,&
{'D4'},{'D5'},{'D3'},{'R1'},{'D2'},{'D1'},{'R3'},{'R2'},{'R5'},{'R4'},&,1.0,&
{'D4'},{'D5'},{'D3'},{'R1'},{'D2'},{'D1'},{'R4'},{'R2'},{'R5'},{'R3'},&,1.0,&
{'D4'},{'D5'},{'D3'},{'R1'},{'D1'},{'R2'},{'D2'},{'R5'},{'R3'},{'R4'},&,1.0,&
{'D4'},{'D5'},{'D3'},{'R1'},{'D1'},{'R2'},{'D2'},{'R3'},{'R5'},{'R4'},&,1.0,&
{'D4'},{'D5'},{'D3'},{'R1'},{'D1'},{'D2'},{'R2'},{'R5'},{'R3'},{'R4'},&,3.0,&
{'D4'},{'D5'},{'D3'},{'R1'},{'D1'},{'D2'},{'R2'},{'R5'},{'R4'},{'R3'},&,2.0,&
{'D4'},{'D5'},{'D3'},{'R1'},{'D1'},{'D2'},{'R2'},{'R3'},{'R4'},{'R5'},&,1.0,&
{'D4'},{'D5'},{'D3'},{'R1'},{'D1'},{'D2'},{'R2'},{'R3'},{'R5'},{'R4'},&,2.0,&
{'D4'},{'D5'},{'D3'},{'R1'},{'R2'},{'D1'},{'D2'},{'R4'},{'R3'},{'R5'},&,1.0,&
{'D4'},{'D5'},{'D3'},{'R1'},{'R2'},{'R3'},{'D1'},{'D2'},{'R5'},{'R4'},&,1.0,&
{'D4'},{'D5'},{'D3'},{'R1'},{'R3'},{'D2'},{'D1'},{'R2'},{'R5'},{'R4'},&,1.0,&
{'D4'},{'D5'},{'D1'},{'D3'},{'D2'},{'R1'},{'R2'},{'R5'},{'R3'},{'R4'},&,3.0,&
{'D4'},{'D5'},{'D1'},{'D3'},{'D2'},{'R1'},{'R2'},{'R5'},{'R4'},{'R3'},&,3.0,&
{'D4'},{'D5'},{'D1'},{'D3'},{'D2'},{'R1'},{'R2'},{'R3'},{'R5'},{'R4'},&,3.0,&
{'D4'},{'D5'},{'D1'},{'D3'},{'D2'},{'R1'},{'R5'},{'R2'},{'R3'},{'R4'},&,1.0,&
{'D4'},{'D5'},{'D1'},{'D3'},{'D2'},{'R1'},{'R4'},{'R2'},{'R3'},{'R5'},&,1.0,&
{'D4'},{'D5'},{'D1'},{'D3'},{'D2'},{'R2'},{'R5'},{'R1'},{'R3'},{'R4'},&,5.0,&
{'D4'},{'D5'},{'D1'},{'D3'},{'D2'},{'R2'},{'R5'},{'R1'},{'R4'},{'R3'},&,2.0,&
{'D4'},{'D5'},{'D1'},{'D3'},{'D2'},{'R2'},{'R5'},{'R3'},{'R1'},{'R4'},&,1.0,&
{'D4'},{'D5'},{'D1'},{'D3'},{'D2'},{'R2'},{'R1'},{'R5'},{'R3'},{'R4'},&,11.0,&
{'D4'},{'D5'},{'D1'},{'D3'},{'D2'},{'R2'},{'R1'},{'R5'},{'R4'},{'R3'},&,4.0,&
{'D4'},{'D5'},{'D1'},{'D3'},{'D2'},{'R2'},{'R1'},{'R4'},{'R3'},{'R5'},&,3.0,&
{'D4'},{'D5'},{'D1'},{'D3'},{'D2'},{'R2'},{'R1'},{'R4'},{'R5'},{'R3'},&,1.0,&
{'D4'},{'D5'},{'D1'},{'D3'},{'D2'},{'R2'},{'R1'},{'R3'},{'R5'},{'R4'},&,9.0,&
{'D4'},{'D5'},{'D1'},{'D3'},{'D2'},{'R2'},{'R3'},{'R1'},{'R4'},{'R5'},&,1.0,&
{'D4'},{'D5'},{'D1'},{'D3'},{'D2'},{'R2'},{'R3'},{'R1'},{'R5'},{'R4'},&,1.0,&
{'D4'},{'D5'},{'D1'},{'D3'},{'D2'},{'R2'},{'R3'},{'R5'},{'R1'},{'R4'},&,2.0,&
{'D4'},{'D5'},{'D1'},{'D3'},{'D2'},{'R2'},{'R4'},{'R1'},{'R3'},{'R5'},&,2.0,&
{'D4'},{'D5'},{'D1'},{'D3'},{'D2'},{'R2'},{'R4'},{'R1'},{'R5'},{'R3'},&,1.0,&
{'D4'},{'D5'},{'D1'},{'D3'},{'D2'},{'R5'},{'R2'},{'R1'},{'R3'},{'R4'},&,1.0,&
{'D4'},{'D5'},{'D1'},{'D3'},{'D2'},{'R5'},{'R1'},{'R2'},{'R3'},{'R4'},&,1.0,&
{'D4'},{'D5'},{'D1'},{'D3'},{'R1'},{'R2'},{'D2'},{'R3'},{'R5'},{'R4'},&,1.0,&
{'D4'},{'D5'},{'D1'},{'D3'},{'R1'},{'D2'},{'R2'},{'R5'},{'R4'},{'R3'},&,1.0,&
{'D4'},{'D5'},{'D1'},{'D3'},{'R2'},{'R1'},{'D2'},{'R5'},{'R3'},{'R4'},&,1.0,&
{'D4'},{'D5'},{'D1'},{'D3'},{'R2'},{'D2'},{'R1'},{'R5'},{'R3'},{'R4'},&,5.0,&
{'D4'},{'D5'},{'D1'},{'D3'},{'R2'},{'D2'},{'R3'},{'R1'},{'R5'},{'R4'},&,1.0,&
{'D4'},{'D5'},{'D1'},{'D3'},{'R4'},{'D2'},{'R2'},{'R5'},{'R1'},{'R3'},&,1.0,&
{'D4'},{'D5'},{'D1'},{'D2'},{'D3'},{'R1'},{'R2'},{'R5'},{'R4'},{'R3'},&,2.0,&
{'D4'},{'D5'},{'D1'},{'D2'},{'D3'},{'R1'},{'R2'},{'R3'},{'R4'},{'R5'},&,2.0,&
{'D4'},{'D5'},{'D1'},{'D2'},{'D3'},{'R1'},{'R2'},{'R3'},{'R5'},{'R4'},&,1.0,&
{'D4'},{'D5'},{'D1'},{'D2'},{'D3'},{'R1'},{'R5'},{'R2'},{'R3'},{'R4'},&,1.0,&
{'D4'},{'D5'},{'D1'},{'D2'},{'D3'},{'R2'},{'R5'},{'R1'},{'R3'},{'R4'},&,1.0,&
{'D4'},{'D5'},{'D1'},{'D2'},{'D3'},{'R2'},{'R1'},{'R5'},{'R3'},{'R4'},&,4.0,&
{'D4'},{'D5'},{'D1'},{'D2'},{'D3'},{'R2'},{'R1'},{'R4'},{'R3'},{'R5'},&,1.0,&
{'D4'},{'D5'},{'D1'},{'D2'},{'D3'},{'R2'},{'R1'},{'R3'},{'R5'},{'R4'},&,4.0,&
{'D4'},{'D5'},{'D1'},{'D2'},{'R2'},{'D3'},{'R1'},{'R5'},{'R3'},{'R4'},&,1.0,&
{'D4'},{'D5'},{'D1'},{'R2'},{'D2'},{'R1'},{'D3'},{'R3'},{'R5'},{'R4'},&,1.0,&
{'D4'},{'D5'},{'D1'},{'R2'},{'D3'},{'D2'},{'R1'},{'R5'},{'R3'},{'R4'},&,1.0,&
{'D4'},{'D5'},{'D1'},{'R2'},{'D3'},{'D2'},{'R1'},{'R3'},{'R5'},{'R4'},&,1.0,&
{'D4'},{'D5'},{'D1'},{'R1'},{'D3'},{'D2'},{'R2'},{'R5'},{'R4'},{'R3'},&,2.0,&
{'D4'},{'D5'},{'D1'},{'R1'},{'R2'},{'D3'},{'D2'},{'R5'},{'R4'},{'R3'},&,1.0,&
{'D4'},{'D5'},{'D1'},{'R3'},{'D3'},{'D2'},{'R2'},{'R1'},{'R5'},{'R4'},&,1.0,&
{'D4'},{'D5'},{'D2'},{'D3'},{'D1'},{'R1'},{'R2'},{'R5'},{'R3'},{'R4'},&,7.0,&
{'D4'},{'D5'},{'D2'},{'D3'},{'D1'},{'R1'},{'R2'},{'R5'},{'R4'},{'R3'},&,4.0,&
{'D4'},{'D5'},{'D2'},{'D3'},{'D1'},{'R1'},{'R2'},{'R3'},{'R4'},{'R5'},&,2.0,&
{'D4'},{'D5'},{'D2'},{'D3'},{'D1'},{'R1'},{'R2'},{'R3'},{'R5'},{'R4'},&,6.0,&
{'D4'},{'D5'},{'D2'},{'D3'},{'D1'},{'R1'},{'R5'},{'R2'},{'R3'},{'R4'},&,2.0,&
{'D4'},{'D5'},{'D2'},{'D3'},{'D1'},{'R1'},{'R3'},{'R2'},{'R5'},{'R4'},&,1.0,&
{'D4'},{'D5'},{'D2'},{'D3'},{'D1'},{'R1'},{'R4'},{'R2'},{'R3'},{'R5'},&,1.0,&
{'D4'},{'D5'},{'D2'},{'D3'},{'D1'},{'R2'},{'R5'},{'R1'},{'R3'},{'R4'},&,8.0,&
{'D4'},{'D5'},{'D2'},{'D3'},{'D1'},{'R2'},{'R5'},{'R1'},{'R4'},{'R3'},&,1.0,&
{'D4'},{'D5'},{'D2'},{'D3'},{'D1'},{'R2'},{'R5'},{'R4'},{'R1'},{'R3'},&,1.0,&
{'D4'},{'D5'},{'D2'},{'D3'},{'D1'},{'R2'},{'R1'},{'R5'},{'R3'},{'R4'},&,14.0,&
{'D4'},{'D5'},{'D2'},{'D3'},{'D1'},{'R2'},{'R1'},{'R5'},{'R4'},{'R3'},&,8.0,&
{'D4'},{'D5'},{'D2'},{'D3'},{'D1'},{'R2'},{'R1'},{'R4'},{'R5'},{'R3'},&,1.0,&
{'D4'},{'D5'},{'D2'},{'D3'},{'D1'},{'R2'},{'R1'},{'R3'},{'R5'},{'R4'},&,5.0,&
{'D4'},{'D5'},{'D2'},{'D3'},{'D1'},{'R2'},{'R3'},{'R1'},{'R4'},{'R5'},&,1.0,&
{'D4'},{'D5'},{'D2'},{'D3'},{'D1'},{'R2'},{'R3'},{'R1'},{'R5'},{'R4'},&,2.0,&
{'D4'},{'D5'},{'D2'},{'D3'},{'D1'},{'R2'},{'R4'},{'R1'},{'R3'},{'R5'},&,1.0,&
{'D4'},{'D5'},{'D2'},{'D3'},{'D1'},{'R5'},{'R2'},{'R1'},{'R3'},{'R4'},&,2.0,&
{'D4'},{'D5'},{'D2'},{'D3'},{'D1'},{'R5'},{'R1'},{'R2'},{'R4'},{'R3'},&,1.0,&
{'D4'},{'D5'},{'D2'},{'D3'},{'D1'},{'R3'},{'R2'},{'R1'},{'R5'},{'R4'},&,1.0,&
{'D4'},{'D5'},{'D2'},{'D3'},{'D1'},{'R3'},{'R1'},{'R2'},{'R4'},{'R5'},&,1.0,&
{'D4'},{'D5'},{'D2'},{'D3'},{'D1'},{'R3'},{'R1'},{'R2'},{'R5'},{'R4'},&,1.0,&
{'D4'},{'D5'},{'D2'},{'D3'},{'R1'},{'D1'},{'R2'},{'R5'},{'R3'},{'R4'},&,2.0,&
{'D4'},{'D5'},{'D2'},{'D3'},{'R1'},{'D1'},{'R2'},{'R5'},{'R4'},{'R3'},&,1.0,&
{'D4'},{'D5'},{'D2'},{'D3'},{'R1'},{'D1'},{'R2'},{'R3'},{'R5'},{'R4'},&,2.0,&
{'D4'},{'D5'},{'D2'},{'D3'},{'R1'},{'D1'},{'R5'},{'R2'},{'R4'},{'R3'},&,1.0,&
{'D4'},{'D5'},{'D2'},{'D3'},{'R1'},{'R2'},{'D1'},{'R5'},{'R4'},{'R3'},&,1.0,&
{'D4'},{'D5'},{'D2'},{'D3'},{'R5'},{'D1'},{'R2'},{'R1'},{'R3'},{'R4'},&,1.0,&
{'D4'},{'D5'},{'D2'},{'D3'},{'R5'},{'D1'},{'R2'},{'R1'},{'R4'},{'R3'},&,1.0,&
{'D4'},{'D5'},{'D2'},{'D3'},{'R5'},{'D1'},{'R1'},{'R2'},{'R3'},{'R4'},&,1.0,&
{'D4'},{'D5'},{'D2'},{'D3'},{'R2'},{'D1'},{'R1'},{'R5'},{'R3'},{'R4'},&,1.0,&
{'D4'},{'D5'},{'D2'},{'D3'},{'R2'},{'D1'},{'R1'},{'R3'},{'R5'},{'R4'},&,3.0,&
{'D4'},{'D5'},{'D2'},{'D3'},{'R2'},{'R1'},{'R5'},{'D1'},{'R4'},{'R3'},&,1.0,&
{'D4'},{'D5'},{'D2'},{'D3'},{'R2'},{'R1'},{'D1'},{'R5'},{'R3'},{'R4'},&,1.0,&
{'D4'},{'D5'},{'D2'},{'D3'},{'R2'},{'R5'},{'D1'},{'R1'},{'R3'},{'R4'},&,1.0,&
{'D4'},{'D5'},{'D2'},{'D1'},{'D3'},{'R1'},{'R2'},{'R5'},{'R3'},{'R4'},&,1.0,&
{'D4'},{'D5'},{'D2'},{'D1'},{'D3'},{'R1'},{'R2'},{'R5'},{'R4'},{'R3'},&,1.0,&
{'D4'},{'D5'},{'D2'},{'D1'},{'D3'},{'R1'},{'R2'},{'R4'},{'R5'},{'R3'},&,1.0,&
{'D4'},{'D5'},{'D2'},{'D1'},{'D3'},{'R1'},{'R5'},{'R2'},{'R4'},{'R3'},&,1.0,&
{'D4'},{'D5'},{'D2'},{'D1'},{'D3'},{'R2'},{'R5'},{'R1'},{'R3'},{'R4'},&,1.0,&
{'D4'},{'D5'},{'D2'},{'D1'},{'D3'},{'R2'},{'R5'},{'R1'},{'R4'},{'R3'},&,1.0,&
{'D4'},{'D5'},{'D2'},{'D1'},{'D3'},{'R2'},{'R1'},{'R5'},{'R3'},{'R4'},&,4.0,&
{'D4'},{'D5'},{'D2'},{'D1'},{'D3'},{'R2'},{'R1'},{'R5'},{'R4'},{'R3'},&,2.0,&
{'D4'},{'D5'},{'D2'},{'D1'},{'D3'},{'R2'},{'R1'},{'R4'},{'R3'},{'R5'},&,1.0,&
{'D4'},{'D5'},{'D2'},{'D1'},{'D3'},{'R2'},{'R4'},{'R3'},{'R1'},{'R5'},&,1.0,&
{'D4'},{'D5'},{'D2'},{'D1'},{'D3'},{'R5'},{'R1'},{'R2'},{'R4'},{'R3'},&,1.0,&
{'D4'},{'D5'},{'D2'},{'D1'},{'D3'},{'R3'},{'R2'},{'R5'},{'R1'},{'R4'},&,1.0,&
{'D4'},{'D5'},{'D2'},{'D1'},{'D3'},{'R3'},{'R5'},{'R1'},{'R2'},{'R4'},&,1.0,&
{'D4'},{'D5'},{'D2'},{'D1'},{'R2'},{'D3'},{'R5'},{'R1'},{'R3'},{'R4'},&,1.0,&
{'D4'},{'D5'},{'D2'},{'D1'},{'R2'},{'D3'},{'R1'},{'R3'},{'R5'},{'R4'},&,1.0,&
{'D4'},{'D5'},{'D2'},{'R2'},{'D1'},{'D3'},{'R1'},{'R5'},{'R4'},{'R3'},&,2.0,&
{'D4'},{'D5'},{'D2'},{'R2'},{'R1'},{'D3'},{'D1'},{'R5'},{'R3'},{'R4'},&,1.0,&
{'D4'},{'D5'},{'D2'},{'R2'},{'R1'},{'D3'},{'D1'},{'R5'},{'R4'},{'R3'},&,1.0,&
{'D4'},{'D5'},{'D2'},{'R2'},{'R1'},{'D3'},{'R3'},{'R4'},{'D1'},{'R5'},&,1.0,&
{'D4'},{'D5'},{'D2'},{'R2'},{'D3'},{'D1'},{'R5'},{'R1'},{'R3'},{'R4'},&,1.0,&
{'D4'},{'D5'},{'D2'},{'R2'},{'D3'},{'D1'},{'R1'},{'R5'},{'R3'},{'R4'},&,4.0,&
{'D4'},{'D5'},{'D2'},{'R2'},{'D3'},{'D1'},{'R1'},{'R4'},{'R5'},{'R3'},&,1.0,&
{'D4'},{'D5'},{'D2'},{'R2'},{'D3'},{'D1'},{'R1'},{'R3'},{'R4'},{'R5'},&,1.0,&
{'D4'},{'D5'},{'D2'},{'R2'},{'D3'},{'D1'},{'R1'},{'R3'},{'R5'},{'R4'},&,1.0,&
{'D4'},{'D5'},{'D2'},{'R2'},{'D3'},{'D1'},{'R4'},{'R5'},{'R1'},{'R3'},&,2.0,&
{'D4'},{'D5'},{'D2'},{'R2'},{'D3'},{'R1'},{'D1'},{'R5'},{'R4'},{'R3'},&,2.0,&
{'D4'},{'D5'},{'D2'},{'R2'},{'D3'},{'R3'},{'D1'},{'R1'},{'R5'},{'R4'},&,1.0,&
{'D4'},{'D5'},{'D2'},{'R2'},{'R5'},{'D3'},{'D1'},{'R1'},{'R3'},{'R4'},&,1.0,&
{'D4'},{'D5'},{'D2'},{'R1'},{'D1'},{'D3'},{'R2'},{'R5'},{'R3'},{'R4'},&,1.0,&
{'D4'},{'D5'},{'D2'},{'R1'},{'D3'},{'D1'},{'R2'},{'R3'},{'R5'},{'R4'},&,1.0,&
{'D4'},{'D5'},{'D2'},{'R1'},{'R3'},{'D3'},{'D1'},{'R2'},{'R4'},{'R5'},&,1.0,&
{'D4'},{'D5'},{'D2'},{'R3'},{'D3'},{'D1'},{'R2'},{'R1'},{'R5'},{'R4'},&,2.0,&
{'D4'},{'D5'},{'R2'},{'D3'},{'D2'},{'D1'},{'R5'},{'R1'},{'R3'},{'R4'},&,1.0,&
{'D4'},{'D5'},{'R2'},{'D3'},{'D2'},{'D1'},{'R5'},{'R1'},{'R4'},{'R3'},&,2.0,&
{'D4'},{'D5'},{'R2'},{'D3'},{'D2'},{'D1'},{'R1'},{'R5'},{'R3'},{'R4'},&,3.0,&
{'D4'},{'D5'},{'R2'},{'D3'},{'D2'},{'D1'},{'R1'},{'R5'},{'R4'},{'R3'},&,1.0,&
{'D4'},{'D5'},{'R2'},{'D3'},{'D2'},{'D1'},{'R1'},{'R3'},{'R5'},{'R4'},&,2.0,&
{'D4'},{'D5'},{'R2'},{'D3'},{'D2'},{'D1'},{'R3'},{'R5'},{'R1'},{'R4'},&,1.0,&
{'D4'},{'D5'},{'R2'},{'D3'},{'D2'},{'D1'},{'R4'},{'R1'},{'R3'},{'R5'},&,1.0,&
{'D4'},{'D5'},{'R2'},{'D3'},{'D2'},{'R1'},{'D1'},{'R5'},{'R3'},{'R4'},&,2.0,&
{'D4'},{'D5'},{'R2'},{'D3'},{'D2'},{'R1'},{'D1'},{'R3'},{'R5'},{'R4'},&,1.0,&
{'D4'},{'D5'},{'R2'},{'D3'},{'D2'},{'R4'},{'D1'},{'R1'},{'R5'},{'R3'},&,1.0,&
{'D4'},{'D5'},{'R2'},{'D3'},{'D1'},{'R1'},{'D2'},{'R5'},{'R3'},{'R4'},&,2.0,&
{'D4'},{'D5'},{'R2'},{'D3'},{'D1'},{'R1'},{'D2'},{'R3'},{'R5'},{'R4'},&,1.0,&
{'D4'},{'D5'},{'R2'},{'D3'},{'D1'},{'D2'},{'R5'},{'R1'},{'R3'},{'R4'},&,1.0,&
{'D4'},{'D5'},{'R2'},{'D3'},{'D1'},{'D2'},{'R1'},{'R5'},{'R3'},{'R4'},&,6.0,&
{'D4'},{'D5'},{'R2'},{'D3'},{'D1'},{'D2'},{'R1'},{'R5'},{'R4'},{'R3'},&,2.0,&
{'D4'},{'D5'},{'R2'},{'D3'},{'R1'},{'D1'},{'D2'},{'R4'},{'R5'},{'R3'},&,1.0,&
{'D4'},{'D5'},{'R2'},{'D3'},{'R1'},{'D1'},{'D2'},{'R3'},{'R4'},{'R5'},&,1.0,&
{'D4'},{'D5'},{'R2'},{'D3'},{'R1'},{'D2'},{'D1'},{'R5'},{'R3'},{'R4'},&,1.0,&
{'D4'},{'D5'},{'R2'},{'D3'},{'R1'},{'D2'},{'D1'},{'R4'},{'R5'},{'R3'},&,1.0,&
{'D4'},{'D5'},{'R2'},{'D3'},{'R3'},{'D2'},{'R1'},{'D1'},{'R4'},{'R5'},&,1.0,&
{'D4'},{'D5'},{'R2'},{'D2'},{'D1'},{'D3'},{'R5'},{'R1'},{'R4'},{'R3'},&,1.0,&
{'D4'},{'D5'},{'R2'},{'D2'},{'D1'},{'D3'},{'R1'},{'R5'},{'R3'},{'R4'},&,1.0,&
{'D4'},{'D5'},{'R2'},{'D2'},{'D1'},{'D3'},{'R1'},{'R5'},{'R4'},{'R3'},&,2.0,&
{'D4'},{'D5'},{'R2'},{'D2'},{'R1'},{'D3'},{'D1'},{'R5'},{'R3'},{'R4'},&,1.0,&
{'D4'},{'D5'},{'R2'},{'D2'},{'D3'},{'D1'},{'R1'},{'R5'},{'R3'},{'R4'},&,1.0,&
{'D4'},{'D5'},{'R2'},{'D2'},{'D3'},{'D1'},{'R1'},{'R5'},{'R4'},{'R3'},&,2.0,&
{'D4'},{'D5'},{'R2'},{'D2'},{'D3'},{'R1'},{'D1'},{'R5'},{'R3'},{'R4'},&,1.0,&
{'D4'},{'D5'},{'R2'},{'D1'},{'D2'},{'D3'},{'R5'},{'R3'},{'R1'},{'R4'},&,1.0,&
{'D4'},{'D5'},{'R2'},{'D1'},{'D2'},{'D3'},{'R1'},{'R5'},{'R3'},{'R4'},&,1.0,&
{'D4'},{'D5'},{'R2'},{'D1'},{'D2'},{'D3'},{'R1'},{'R5'},{'R4'},{'R3'},&,1.0,&
{'D4'},{'D5'},{'R2'},{'D1'},{'D2'},{'D3'},{'R1'},{'R3'},{'R5'},{'R4'},&,1.0,&
{'D4'},{'D5'},{'R2'},{'D1'},{'R1'},{'D3'},{'D2'},{'R5'},{'R3'},{'R4'},&,1.0,&
{'D4'},{'D5'},{'R2'},{'D1'},{'R1'},{'D3'},{'D2'},{'R3'},{'R5'},{'R4'},&,1.0,&
{'D4'},{'D5'},{'R2'},{'D1'},{'R1'},{'D2'},{'D3'},{'R5'},{'R3'},{'R4'},&,1.0,&
{'D4'},{'D5'},{'R2'},{'D1'},{'D3'},{'R1'},{'D2'},{'R3'},{'R5'},{'R4'},&,1.0,&
{'D4'},{'D5'},{'R2'},{'D1'},{'D3'},{'D2'},{'R5'},{'R1'},{'R3'},{'R4'},&,1.0,&
{'D4'},{'D5'},{'R2'},{'D1'},{'D3'},{'D2'},{'R1'},{'R5'},{'R4'},{'R3'},&,1.0,&
{'D4'},{'D5'},{'R2'},{'D1'},{'D3'},{'D2'},{'R1'},{'R3'},{'R4'},{'R5'},&,1.0,&
{'D4'},{'D5'},{'R2'},{'D1'},{'D3'},{'D2'},{'R1'},{'R3'},{'R5'},{'R4'},&,2.0,&
{'D4'},{'D5'},{'R2'},{'D1'},{'D3'},{'D2'},{'R3'},{'R1'},{'R4'},{'R5'},&,1.0,&
{'D4'},{'D5'},{'R2'},{'D1'},{'R5'},{'R1'},{'R3'},{'D3'},{'R4'},{'D2'},&,1.0,&
{'D4'},{'D5'},{'R2'},{'R5'},{'D2'},{'D3'},{'D1'},{'R1'},{'R3'},{'R4'},&,1.0,&
{'D4'},{'D5'},{'R2'},{'R5'},{'D3'},{'D2'},{'D1'},{'R1'},{'R3'},{'R4'},&,2.0,&
{'D4'},{'D5'},{'R2'},{'R1'},{'D2'},{'R5'},{'D3'},{'R4'},{'R3'},{'D1'},&,1.0,&
{'D4'},{'D5'},{'R2'},{'R1'},{'D1'},{'D3'},{'D2'},{'R5'},{'R3'},{'R4'},&,1.0,&
{'D4'},{'D5'},{'R2'},{'R1'},{'D3'},{'R3'},{'D2'},{'D1'},{'R4'},{'R5'},&,1.0,&
{'D4'},{'D5'},{'R2'},{'R1'},{'D3'},{'D2'},{'D1'},{'R5'},{'R3'},{'R4'},&,2.0,&
{'D4'},{'D5'},{'R2'},{'R1'},{'R3'},{'D1'},{'R5'},{'R4'},{'D3'},{'D2'},&,1.0,&
{'D4'},{'D5'},{'R2'},{'R1'},{'R3'},{'D1'},{'R5'},{'D3'},{'R4'},{'D2'},&,1.0,&
{'D4'},{'D5'},{'R2'},{'R1'},{'R3'},{'R5'},{'D2'},{'D3'},{'D1'},{'R4'},&,1.0,&
{'D4'},{'D5'},{'R2'},{'R1'},{'R3'},{'D2'},{'D3'},{'D1'},{'R5'},{'R4'},&,1.0,&
{'D4'},{'D5'},{'R2'},{'R4'},{'R1'},{'R5'},{'R3'},{'D3'},{'D1'},{'D2'},&,1.0,&
{'D4'},{'D5'},{'R1'},{'D3'},{'D2'},{'D1'},{'R2'},{'R5'},{'R3'},{'R4'},&,2.0,&
{'D4'},{'D5'},{'R1'},{'D3'},{'D2'},{'D1'},{'R2'},{'R5'},{'R4'},{'R3'},&,2.0,&
{'D4'},{'D5'},{'R1'},{'D3'},{'D2'},{'D1'},{'R2'},{'R4'},{'R3'},{'R5'},&,2.0,&
{'D4'},{'D5'},{'R1'},{'D3'},{'D2'},{'D1'},{'R2'},{'R4'},{'R5'},{'R3'},&,1.0,&
{'D4'},{'D5'},{'R1'},{'D3'},{'D2'},{'D1'},{'R2'},{'R3'},{'R4'},{'R5'},&,1.0,&
{'D4'},{'D5'},{'R1'},{'D3'},{'D2'},{'D1'},{'R2'},{'R3'},{'R5'},{'R4'},&,1.0,&
{'D4'},{'D5'},{'R1'},{'D3'},{'D2'},{'D1'},{'R5'},{'R2'},{'R3'},{'R4'},&,1.0,&
{'D4'},{'D5'},{'R1'},{'D3'},{'D2'},{'D1'},{'R4'},{'R2'},{'R3'},{'R5'},&,1.0,&
{'D4'},{'D5'},{'R1'},{'D3'},{'D2'},{'R2'},{'D1'},{'R5'},{'R3'},{'R4'},&,1.0,&
{'D4'},{'D5'},{'R1'},{'D3'},{'D2'},{'R2'},{'D1'},{'R3'},{'R5'},{'R4'},&,4.0,&
{'D4'},{'D5'},{'R1'},{'D3'},{'D2'},{'R5'},{'D1'},{'R2'},{'R3'},{'R4'},&,1.0,&
{'D4'},{'D5'},{'R1'},{'D3'},{'D1'},{'D2'},{'R2'},{'R5'},{'R3'},{'R4'},&,1.0,&
{'D4'},{'D5'},{'R1'},{'D3'},{'D1'},{'D2'},{'R2'},{'R3'},{'R4'},{'R5'},&,1.0,&
{'D4'},{'D5'},{'R1'},{'D3'},{'R2'},{'D2'},{'D1'},{'R5'},{'R3'},{'R4'},&,1.0,&
{'D4'},{'D5'},{'R1'},{'D3'},{'R2'},{'D2'},{'D1'},{'R5'},{'R4'},{'R3'},&,1.0,&
{'D4'},{'D5'},{'R1'},{'D2'},{'D1'},{'D3'},{'R2'},{'R5'},{'R4'},{'R3'},&,1.0,&
{'D4'},{'D5'},{'R1'},{'D2'},{'D3'},{'D1'},{'R2'},{'R5'},{'R3'},{'R4'},&,3.0,&
{'D4'},{'D5'},{'R1'},{'D2'},{'D3'},{'D1'},{'R2'},{'R5'},{'R4'},{'R3'},&,1.0,&
{'D4'},{'D5'},{'R1'},{'D2'},{'D3'},{'D1'},{'R2'},{'R3'},{'R5'},{'R4'},&,1.0,&
{'D4'},{'D5'},{'R1'},{'D2'},{'R5'},{'D3'},{'D1'},{'R2'},{'R3'},{'R4'},&,1.0,&
{'D4'},{'D5'},{'R1'},{'D2'},{'R3'},{'D3'},{'D1'},{'R2'},{'R5'},{'R4'},&,1.0,&
{'D4'},{'D5'},{'R1'},{'D1'},{'D2'},{'R2'},{'D3'},{'R5'},{'R3'},{'R4'},&,1.0,&
{'D4'},{'D5'},{'R1'},{'D1'},{'D2'},{'D3'},{'R2'},{'R5'},{'R4'},{'R3'},&,1.0,&
{'D4'},{'D5'},{'R1'},{'D1'},{'D3'},{'D2'},{'R5'},{'R2'},{'R4'},{'R3'},&,1.0,&
{'D4'},{'D5'},{'R1'},{'R2'},{'D2'},{'D1'},{'D3'},{'R5'},{'R3'},{'R4'},&,1.0,&
{'D4'},{'D5'},{'R1'},{'R2'},{'D2'},{'D1'},{'D3'},{'R3'},{'R5'},{'R4'},&,1.0,&
{'D4'},{'D5'},{'R1'},{'R2'},{'D3'},{'D2'},{'D1'},{'R5'},{'R3'},{'R4'},&,1.0,&
{'D4'},{'D5'},{'R1'},{'R2'},{'D3'},{'D2'},{'D1'},{'R4'},{'R3'},{'R5'},&,1.0,&
{'D4'},{'D5'},{'R1'},{'R2'},{'R3'},{'D3'},{'R5'},{'R4'},{'D1'},{'D2'},&,1.0,&
{'D4'},{'D5'},{'R1'},{'R4'},{'D2'},{'R2'},{'D3'},{'D1'},{'R5'},{'R3'},&,1.0,&
{'D4'},{'D5'},{'R5'},{'D3'},{'D2'},{'D1'},{'R1'},{'R2'},{'R3'},{'R4'},&,1.0,&
{'D4'},{'D5'},{'R5'},{'D3'},{'D2'},{'R2'},{'D1'},{'R1'},{'R3'},{'R4'},&,1.0,&
{'D4'},{'D5'},{'R5'},{'D3'},{'R2'},{'R1'},{'D1'},{'R3'},{'D2'},{'R4'},&,1.0,&
{'D4'},{'D5'},{'R5'},{'D3'},{'R2'},{'D2'},{'D1'},{'R1'},{'R3'},{'R4'},&,2.0,&
{'D4'},{'D5'},{'R5'},{'D2'},{'D3'},{'D1'},{'R1'},{'R2'},{'R3'},{'R4'},&,2.0,&
{'D4'},{'D5'},{'R5'},{'D1'},{'D2'},{'R2'},{'D3'},{'R1'},{'R3'},{'R4'},&,1.0,&
{'D4'},{'D5'},{'R5'},{'D1'},{'D3'},{'D2'},{'R4'},{'R2'},{'R1'},{'R3'},&,1.0,&
{'D4'},{'D5'},{'R5'},{'R2'},{'D2'},{'D3'},{'D1'},{'R1'},{'R3'},{'R4'},&,1.0,&
{'D4'},{'D5'},{'R3'},{'D3'},{'D2'},{'D1'},{'R2'},{'R4'},{'R1'},{'R5'},&,1.0,&
{'D4'},{'D5'},{'R3'},{'D3'},{'D2'},{'D1'},{'R1'},{'R2'},{'R4'},{'R5'},&,1.0,&
{'D4'},{'R1'},{'D3'},{'D5'},{'D2'},{'D1'},{'R2'},{'R5'},{'R3'},{'R4'},&,2.0,&
{'D4'},{'R1'},{'D3'},{'D5'},{'D2'},{'D1'},{'R2'},{'R5'},{'R4'},{'R3'},&,1.0,&
{'D4'},{'R1'},{'D3'},{'D5'},{'D2'},{'D1'},{'R5'},{'R2'},{'R4'},{'R3'},&,1.0,&
{'D4'},{'R1'},{'D3'},{'D5'},{'D2'},{'D1'},{'R3'},{'R2'},{'R5'},{'R4'},&,1.0,&
{'D4'},{'R1'},{'D3'},{'D5'},{'D2'},{'R5'},{'D1'},{'R2'},{'R3'},{'R4'},&,1.0,&
{'D4'},{'R1'},{'D3'},{'D5'},{'D1'},{'R2'},{'D2'},{'R5'},{'R3'},{'R4'},&,1.0,&
{'D4'},{'R1'},{'D3'},{'D5'},{'D1'},{'D2'},{'R2'},{'R5'},{'R3'},{'R4'},&,2.0,&
{'D4'},{'R1'},{'D3'},{'D5'},{'D1'},{'D2'},{'R2'},{'R3'},{'R5'},{'R4'},&,1.0,&
{'D4'},{'R1'},{'D3'},{'D5'},{'R2'},{'D1'},{'D2'},{'R5'},{'R3'},{'R4'},&,1.0,&
{'D4'},{'R1'},{'D3'},{'D5'},{'R2'},{'R5'},{'D1'},{'D2'},{'R4'},{'R3'},&,1.0,&
{'D4'},{'R1'},{'D3'},{'D5'},{'R2'},{'D2'},{'D1'},{'R5'},{'R3'},{'R4'},&,1.0,&
{'D4'},{'R1'},{'D3'},{'D2'},{'D1'},{'R2'},{'D5'},{'R5'},{'R4'},{'R3'},&,1.0,&
{'D4'},{'R1'},{'D3'},{'D2'},{'D5'},{'D1'},{'R2'},{'R5'},{'R3'},{'R4'},&,2.0,&
{'D4'},{'R1'},{'D3'},{'D2'},{'D5'},{'D1'},{'R2'},{'R3'},{'R5'},{'R4'},&,1.0,&
{'D4'},{'R1'},{'D3'},{'D1'},{'D2'},{'D5'},{'R2'},{'R3'},{'R4'},{'R5'},&,1.0,&
{'D4'},{'R1'},{'D3'},{'D1'},{'D2'},{'D5'},{'R2'},{'R3'},{'R5'},{'R4'},&,1.0,&
{'D4'},{'R1'},{'D3'},{'D1'},{'D5'},{'R2'},{'R4'},{'D2'},{'R3'},{'R5'},&,1.0,&
{'D4'},{'R1'},{'D3'},{'D1'},{'D5'},{'D2'},{'R2'},{'R5'},{'R4'},{'R3'},&,1.0,&
{'D4'},{'R1'},{'D3'},{'R2'},{'D5'},{'D1'},{'D2'},{'R3'},{'R5'},{'R4'},&,1.0,&
{'D4'},{'R1'},{'D3'},{'R2'},{'D5'},{'D2'},{'D1'},{'R5'},{'R3'},{'R4'},&,1.0,&
{'D4'},{'R1'},{'D3'},{'R2'},{'R5'},{'D1'},{'D5'},{'R4'},{'R3'},{'D2'},&,1.0,&
{'D4'},{'R1'},{'D3'},{'R2'},{'R4'},{'R3'},{'R5'},{'D1'},{'D5'},{'D2'},&,1.0,&
{'D4'},{'R1'},{'D3'},{'R5'},{'D2'},{'D5'},{'D1'},{'R2'},{'R3'},{'R4'},&,1.0,&
{'D4'},{'R1'},{'D1'},{'D5'},{'D3'},{'D2'},{'R2'},{'R5'},{'R4'},{'R3'},&,1.0,&
{'D4'},{'R1'},{'D1'},{'D5'},{'D3'},{'D2'},{'R5'},{'R2'},{'R3'},{'R4'},&,1.0,&
{'D4'},{'R1'},{'D1'},{'D3'},{'D2'},{'D5'},{'R2'},{'R5'},{'R3'},{'R4'},&,1.0,&
{'D4'},{'R1'},{'D1'},{'D2'},{'D3'},{'D5'},{'R2'},{'R3'},{'R5'},{'R4'},&,1.0,&
{'D4'},{'R1'},{'D1'},{'R2'},{'D3'},{'R5'},{'D5'},{'D2'},{'R3'},{'R4'},&,1.0,&
{'D4'},{'R1'},{'D1'},{'R2'},{'R4'},{'R3'},{'R5'},{'D3'},{'D2'},{'D5'},&,1.0,&
{'D4'},{'R1'},{'D1'},{'R5'},{'D2'},{'R2'},{'D3'},{'D5'},{'R3'},{'R4'},&,1.0,&
{'D4'},{'R1'},{'D5'},{'D3'},{'D2'},{'D1'},{'R2'},{'R5'},{'R3'},{'R4'},&,2.0,&
{'D4'},{'R1'},{'D5'},{'D3'},{'D2'},{'D1'},{'R2'},{'R5'},{'R4'},{'R3'},&,2.0,&
{'D4'},{'R1'},{'D5'},{'D3'},{'D2'},{'D1'},{'R5'},{'R2'},{'R3'},{'R4'},&,1.0,&
{'D4'},{'R1'},{'D5'},{'D3'},{'D2'},{'D1'},{'R5'},{'R2'},{'R4'},{'R3'},&,1.0,&
{'D4'},{'R1'},{'D5'},{'D3'},{'D2'},{'D1'},{'R3'},{'R2'},{'R5'},{'R4'},&,1.0,&
{'D4'},{'R1'},{'D5'},{'D3'},{'D2'},{'R2'},{'D1'},{'R5'},{'R3'},{'R4'},&,1.0,&
{'D4'},{'R1'},{'D5'},{'D3'},{'D1'},{'D2'},{'R2'},{'R5'},{'R3'},{'R4'},&,1.0,&
{'D4'},{'R1'},{'D5'},{'D3'},{'D1'},{'D2'},{'R2'},{'R4'},{'R5'},{'R3'},&,1.0,&
{'D4'},{'R1'},{'D5'},{'D3'},{'D1'},{'D2'},{'R2'},{'R3'},{'R5'},{'R4'},&,1.0,&
{'D4'},{'R1'},{'D5'},{'D3'},{'R5'},{'D1'},{'D2'},{'R2'},{'R3'},{'R4'},&,1.0,&
{'D4'},{'R1'},{'D5'},{'D3'},{'R2'},{'D1'},{'D2'},{'R3'},{'R4'},{'R5'},&,1.0,&
{'D4'},{'R1'},{'D5'},{'D3'},{'R2'},{'D2'},{'D1'},{'R5'},{'R3'},{'R4'},&,2.0,&
{'D4'},{'R1'},{'D5'},{'D2'},{'R2'},{'R5'},{'D3'},{'D1'},{'R3'},{'R4'},&,1.0,&
{'D4'},{'R1'},{'D5'},{'D1'},{'D2'},{'D3'},{'R2'},{'R5'},{'R3'},{'R4'},&,1.0,&
{'D4'},{'R1'},{'D5'},{'D1'},{'D3'},{'D2'},{'R2'},{'R5'},{'R3'},{'R4'},&,2.0,&
{'D4'},{'R1'},{'D5'},{'R2'},{'D2'},{'R5'},{'D3'},{'D1'},{'R3'},{'R4'},&,1.0,&
{'D4'},{'R1'},{'D2'},{'D5'},{'D1'},{'D3'},{'R2'},{'R5'},{'R4'},{'R3'},&,1.0,&
{'D4'},{'R1'},{'D2'},{'D5'},{'D3'},{'D1'},{'R2'},{'R5'},{'R3'},{'R4'},&,1.0,&
{'D4'},{'R1'},{'D2'},{'D3'},{'D5'},{'D1'},{'R2'},{'R5'},{'R3'},{'R4'},&,1.0,&
{'D4'},{'R1'},{'D2'},{'D3'},{'D5'},{'D1'},{'R2'},{'R5'},{'R4'},{'R3'},&,1.0,&
{'D4'},{'R1'},{'D2'},{'R2'},{'D5'},{'D1'},{'D3'},{'R4'},{'R5'},{'R3'},&,1.0,&
{'D4'},{'R1'},{'D2'},{'R2'},{'D5'},{'R3'},{'D3'},{'D1'},{'R5'},{'R4'},&,1.0,&
{'D4'},{'R1'},{'D2'},{'R5'},{'R2'},{'D5'},{'D3'},{'D1'},{'R4'},{'R3'},&,1.0,&
{'D4'},{'R1'},{'R2'},{'D5'},{'D2'},{'D3'},{'D1'},{'R5'},{'R3'},{'R4'},&,1.0,&
{'D4'},{'R1'},{'R2'},{'D5'},{'D1'},{'D3'},{'D2'},{'R4'},{'R5'},{'R3'},&,1.0,&
{'D4'},{'R1'},{'R2'},{'D5'},{'D1'},{'D2'},{'D3'},{'R5'},{'R3'},{'R4'},&,1.0,&
{'D4'},{'R1'},{'R2'},{'D5'},{'D3'},{'D2'},{'R5'},{'D1'},{'R3'},{'R4'},&,1.0,&
{'D4'},{'R1'},{'R2'},{'D5'},{'D3'},{'D2'},{'D1'},{'R3'},{'R5'},{'R4'},&,1.0,&
{'D4'},{'R1'},{'R2'},{'D3'},{'D5'},{'D1'},{'D2'},{'R5'},{'R3'},{'R4'},&,1.0,&
{'D4'},{'R1'},{'R2'},{'D3'},{'D5'},{'D2'},{'D1'},{'R3'},{'R5'},{'R4'},&,1.0,&
{'D4'},{'R1'},{'R2'},{'D3'},{'R5'},{'D5'},{'D1'},{'D2'},{'R3'},{'R4'},&,1.0,&
{'D4'},{'R1'},{'R2'},{'D3'},{'R5'},{'D5'},{'D1'},{'D2'},{'R4'},{'R3'},&,1.0,&
{'D4'},{'R1'},{'R2'},{'D2'},{'D5'},{'R3'},{'D3'},{'R5'},{'D1'},{'R4'},&,1.0,&
{'D4'},{'R1'},{'R2'},{'D2'},{'R5'},{'D3'},{'D5'},{'D1'},{'R3'},{'R4'},&,1.0,&
{'D4'},{'R1'},{'R2'},{'R5'},{'D5'},{'D3'},{'D1'},{'R3'},{'D2'},{'R4'},&,1.0,&
{'D4'},{'R1'},{'R2'},{'R5'},{'D5'},{'D2'},{'D3'},{'D1'},{'R4'},{'R3'},&,1.0,&
{'D4'},{'R1'},{'R2'},{'R5'},{'R4'},{'R3'},{'D3'},{'D5'},{'D2'},{'D1'},&,1.0,&
{'D4'},{'R1'},{'R2'},{'R4'},{'R3'},{'R5'},{'D3'},{'D1'},{'D5'},{'D2'},&,1.0,&
{'D4'},{'R1'},{'R5'},{'D3'},{'D5'},{'D2'},{'R2'},{'D1'},{'R3'},{'R4'},&,1.0,&
{'D4'},{'R1'},{'R5'},{'R3'},{'R4'},{'R2'},{'D2'},{'D3'},{'D1'},{'D5'},&,1.0,&
{'D4'},{'R1'},{'R4'},{'D1'},{'R2'},{'D3'},{'R5'},{'R3'},{'D2'},{'D5'},&,1.0,&
{'D4'},{'R2'},{'D3'},{'D5'},{'D2'},{'D1'},{'R5'},{'R3'},{'R1'},{'R4'},&,1.0,&
{'D4'},{'R2'},{'D3'},{'D5'},{'D2'},{'D1'},{'R1'},{'R5'},{'R3'},{'R4'},&,5.0,&
{'D4'},{'R2'},{'D3'},{'D5'},{'D2'},{'D1'},{'R1'},{'R5'},{'R4'},{'R3'},&,2.0,&
{'D4'},{'R2'},{'D3'},{'D5'},{'D2'},{'D1'},{'R1'},{'R3'},{'R5'},{'R4'},&,4.0,&
{'D4'},{'R2'},{'D3'},{'D5'},{'D2'},{'D1'},{'R3'},{'R1'},{'R4'},{'R5'},&,1.0,&
{'D4'},{'R2'},{'D3'},{'D5'},{'D2'},{'D1'},{'R3'},{'R1'},{'R5'},{'R4'},&,1.0,&
{'D4'},{'R2'},{'D3'},{'D5'},{'D2'},{'R4'},{'D1'},{'R5'},{'R1'},{'R3'},&,1.0,&
{'D4'},{'R2'},{'D3'},{'D5'},{'D2'},{'R3'},{'D1'},{'R4'},{'R5'},{'R1'},&,1.0,&
{'D4'},{'R2'},{'D3'},{'D5'},{'D1'},{'D2'},{'R5'},{'R1'},{'R3'},{'R4'},&,1.0,&
{'D4'},{'R2'},{'D3'},{'D5'},{'D1'},{'D2'},{'R5'},{'R3'},{'R1'},{'R4'},&,1.0,&
{'D4'},{'R2'},{'D3'},{'D5'},{'D1'},{'D2'},{'R1'},{'R5'},{'R3'},{'R4'},&,5.0,&
{'D4'},{'R2'},{'D3'},{'D5'},{'D1'},{'D2'},{'R1'},{'R3'},{'R4'},{'R5'},&,1.0,&
{'D4'},{'R2'},{'D3'},{'D5'},{'D1'},{'D2'},{'R1'},{'R3'},{'R5'},{'R4'},&,2.0,&
{'D4'},{'R2'},{'D3'},{'D5'},{'R5'},{'D2'},{'D1'},{'R1'},{'R4'},{'R3'},&,1.0,&
{'D4'},{'R2'},{'D3'},{'D5'},{'R4'},{'D2'},{'D1'},{'R1'},{'R5'},{'R3'},&,1.0,&
{'D4'},{'R2'},{'D3'},{'D2'},{'D1'},{'D5'},{'R1'},{'R5'},{'R3'},{'R4'},&,1.0,&
{'D4'},{'R2'},{'D3'},{'D2'},{'D1'},{'D5'},{'R1'},{'R5'},{'R4'},{'R3'},&,1.0,&
{'D4'},{'R2'},{'D3'},{'D2'},{'R1'},{'R5'},{'D5'},{'D1'},{'R3'},{'R4'},&,1.0,&
{'D4'},{'R2'},{'D3'},{'D2'},{'D5'},{'D1'},{'R1'},{'R5'},{'R4'},{'R3'},&,1.0,&
{'D4'},{'R2'},{'D3'},{'D2'},{'D5'},{'D1'},{'R1'},{'R3'},{'R5'},{'R4'},&,1.0,&
{'D4'},{'R2'},{'D3'},{'D2'},{'D5'},{'D1'},{'R4'},{'R3'},{'R1'},{'R5'},&,1.0,&
{'D4'},{'R2'},{'D3'},{'D2'},{'D5'},{'R1'},{'D1'},{'R3'},{'R5'},{'R4'},&,1.0,&
{'D4'},{'R2'},{'D3'},{'D1'},{'D5'},{'D2'},{'R5'},{'R1'},{'R4'},{'R3'},&,1.0,&
{'D4'},{'R2'},{'D3'},{'D1'},{'D5'},{'D2'},{'R1'},{'R5'},{'R4'},{'R3'},&,1.0,&
{'D4'},{'R2'},{'D3'},{'D1'},{'D5'},{'D2'},{'R3'},{'R1'},{'R5'},{'R4'},&,1.0,&
{'D4'},{'R2'},{'D3'},{'D1'},{'R3'},{'R1'},{'D2'},{'D5'},{'R5'},{'R4'},&,1.0,&
{'D4'},{'R2'},{'D3'},{'R1'},{'D2'},{'D1'},{'R4'},{'D5'},{'R5'},{'R3'},&,1.0,&
{'D4'},{'R2'},{'D3'},{'R1'},{'D2'},{'D5'},{'R5'},{'R4'},{'D1'},{'R3'},&,1.0,&
{'D4'},{'R2'},{'D3'},{'R1'},{'D2'},{'D5'},{'D1'},{'R5'},{'R3'},{'R4'},&,1.0,&
{'D4'},{'R2'},{'D3'},{'R1'},{'D2'},{'D5'},{'R4'},{'D1'},{'R3'},{'R5'},&,1.0,&
{'D4'},{'R2'},{'D3'},{'R1'},{'D5'},{'D1'},{'D2'},{'R4'},{'R5'},{'R3'},&,1.0,&
{'D4'},{'R2'},{'D3'},{'R1'},{'R5'},{'D5'},{'D1'},{'D2'},{'R4'},{'R3'},&,1.0,&
{'D4'},{'R2'},{'D1'},{'D5'},{'D2'},{'R1'},{'D3'},{'R3'},{'R5'},{'R4'},&,1.0,&
{'D4'},{'R2'},{'D1'},{'D5'},{'R1'},{'D3'},{'D2'},{'R5'},{'R3'},{'R4'},&,1.0,&
{'D4'},{'R2'},{'D1'},{'D5'},{'D3'},{'D2'},{'R1'},{'R5'},{'R3'},{'R4'},&,2.0,&
{'D4'},{'R2'},{'D1'},{'D5'},{'D3'},{'D2'},{'R1'},{'R5'},{'R4'},{'R3'},&,1.0,&
{'D4'},{'R2'},{'D1'},{'D3'},{'R1'},{'D5'},{'D2'},{'R5'},{'R3'},{'R4'},&,1.0,&
{'D4'},{'R2'},{'D1'},{'D3'},{'R1'},{'D5'},{'D2'},{'R3'},{'R4'},{'R5'},&,1.0,&
{'D4'},{'R2'},{'D1'},{'D3'},{'D5'},{'R1'},{'D2'},{'R5'},{'R4'},{'R3'},&,1.0,&
{'D4'},{'R2'},{'D1'},{'D3'},{'D5'},{'D2'},{'R1'},{'R5'},{'R3'},{'R4'},&,1.0,&
{'D4'},{'R2'},{'D1'},{'D3'},{'D5'},{'D2'},{'R1'},{'R3'},{'R4'},{'R5'},&,1.0,&
{'D4'},{'R2'},{'D1'},{'R1'},{'D3'},{'D5'},{'D2'},{'R5'},{'R4'},{'R3'},&,1.0,&
{'D4'},{'R2'},{'D1'},{'R3'},{'D3'},{'D5'},{'D2'},{'R4'},{'R1'},{'R5'},&,1.0,&
{'D4'},{'R2'},{'D5'},{'D3'},{'D2'},{'D1'},{'R5'},{'R1'},{'R4'},{'R3'},&,2.0,&
{'D4'},{'R2'},{'D5'},{'D3'},{'D2'},{'D1'},{'R5'},{'R3'},{'R1'},{'R4'},&,1.0,&
{'D4'},{'R2'},{'D5'},{'D3'},{'D2'},{'D1'},{'R1'},{'R5'},{'R3'},{'R4'},&,2.0,&
{'D4'},{'R2'},{'D5'},{'D3'},{'D2'},{'D1'},{'R1'},{'R5'},{'R4'},{'R3'},&,1.0,&
{'D4'},{'R2'},{'D5'},{'D3'},{'D2'},{'D1'},{'R1'},{'R4'},{'R3'},{'R5'},&,1.0,&
{'D4'},{'R2'},{'D5'},{'D3'},{'D2'},{'D1'},{'R1'},{'R3'},{'R5'},{'R4'},&,3.0,&
{'D4'},{'R2'},{'D5'},{'D3'},{'D2'},{'D1'},{'R4'},{'R1'},{'R5'},{'R3'},&,1.0,&
{'D4'},{'R2'},{'D5'},{'D3'},{'D2'},{'R1'},{'D1'},{'R5'},{'R3'},{'R4'},&,2.0,&
{'D4'},{'R2'},{'D5'},{'D3'},{'D2'},{'R1'},{'D1'},{'R5'},{'R4'},{'R3'},&,1.0,&
{'D4'},{'R2'},{'D5'},{'D3'},{'D2'},{'R1'},{'D1'},{'R3'},{'R5'},{'R4'},&,1.0,&
{'D4'},{'R2'},{'D5'},{'D3'},{'D2'},{'R5'},{'D1'},{'R1'},{'R3'},{'R4'},&,2.0,&
{'D4'},{'R2'},{'D5'},{'D3'},{'D2'},{'R5'},{'D1'},{'R1'},{'R4'},{'R3'},&,1.0,&
{'D4'},{'R2'},{'D5'},{'D3'},{'D1'},{'R3'},{'D2'},{'R1'},{'R5'},{'R4'},&,1.0,&
{'D4'},{'R2'},{'D5'},{'D3'},{'D1'},{'D2'},{'R5'},{'R1'},{'R3'},{'R4'},&,1.0,&
{'D4'},{'R2'},{'D5'},{'D3'},{'D1'},{'D2'},{'R5'},{'R1'},{'R4'},{'R3'},&,1.0,&
{'D4'},{'R2'},{'D5'},{'D3'},{'D1'},{'D2'},{'R1'},{'R5'},{'R3'},{'R4'},&,4.0,&
{'D4'},{'R2'},{'D5'},{'D3'},{'D1'},{'D2'},{'R1'},{'R5'},{'R4'},{'R3'},&,2.0,&
{'D4'},{'R2'},{'D5'},{'D3'},{'D1'},{'D2'},{'R1'},{'R4'},{'R3'},{'R5'},&,1.0,&
{'D4'},{'R2'},{'D5'},{'D3'},{'D1'},{'D2'},{'R1'},{'R3'},{'R5'},{'R4'},&,3.0,&
{'D4'},{'R2'},{'D5'},{'D3'},{'R1'},{'D1'},{'D2'},{'R4'},{'R5'},{'R3'},&,1.0,&
{'D4'},{'R2'},{'D5'},{'D3'},{'R1'},{'D1'},{'D2'},{'R3'},{'R5'},{'R4'},&,2.0,&
{'D4'},{'R2'},{'D5'},{'D3'},{'R5'},{'D2'},{'D1'},{'R1'},{'R3'},{'R4'},&,1.0,&
{'D4'},{'R2'},{'D5'},{'D3'},{'R5'},{'D2'},{'D1'},{'R1'},{'R4'},{'R3'},&,1.0,&
{'D4'},{'R2'},{'D5'},{'D3'},{'R4'},{'D2'},{'D1'},{'R5'},{'R1'},{'R3'},&,1.0,&
{'D4'},{'R2'},{'D5'},{'D2'},{'D1'},{'D3'},{'R1'},{'R5'},{'R3'},{'R4'},&,1.0,&
{'D4'},{'R2'},{'D5'},{'D2'},{'R1'},{'D1'},{'D3'},{'R5'},{'R4'},{'R3'},&,1.0,&
{'D4'},{'R2'},{'D5'},{'D2'},{'R1'},{'D3'},{'D1'},{'R4'},{'R5'},{'R3'},&,1.0,&
{'D4'},{'R2'},{'D5'},{'D2'},{'R1'},{'D3'},{'D1'},{'R3'},{'R4'},{'R5'},&,1.0,&
{'D4'},{'R2'},{'D5'},{'D2'},{'R1'},{'D3'},{'D1'},{'R3'},{'R5'},{'R4'},&,1.0,&
{'D4'},{'R2'},{'D5'},{'D2'},{'D3'},{'D1'},{'R5'},{'R1'},{'R3'},{'R4'},&,2.0,&
{'D4'},{'R2'},{'D5'},{'D2'},{'D3'},{'D1'},{'R1'},{'R5'},{'R3'},{'R4'},&,3.0,&
{'D4'},{'R2'},{'D5'},{'D2'},{'D3'},{'D1'},{'R1'},{'R5'},{'R4'},{'R3'},&,1.0,&
{'D4'},{'R2'},{'D5'},{'D2'},{'D3'},{'D1'},{'R1'},{'R3'},{'R5'},{'R4'},&,1.0,&
{'D4'},{'R2'},{'D5'},{'D2'},{'D3'},{'D1'},{'R3'},{'R1'},{'R5'},{'R4'},&,1.0,&
{'D4'},{'R2'},{'D5'},{'D2'},{'D3'},{'R1'},{'D1'},{'R3'},{'R5'},{'R4'},&,1.0,&
{'D4'},{'R2'},{'D5'},{'D1'},{'D2'},{'D3'},{'R5'},{'R1'},{'R4'},{'R3'},&,1.0,&
{'D4'},{'R2'},{'D5'},{'D1'},{'R1'},{'D3'},{'D2'},{'R3'},{'R5'},{'R4'},&,1.0,&
{'D4'},{'R2'},{'D5'},{'D1'},{'R1'},{'D2'},{'R3'},{'D3'},{'R5'},{'R4'},&,1.0,&
{'D4'},{'R2'},{'D5'},{'D1'},{'D3'},{'D2'},{'R1'},{'R5'},{'R3'},{'R4'},&,1.0,&
{'D4'},{'R2'},{'D5'},{'D1'},{'D3'},{'D2'},{'R1'},{'R3'},{'R5'},{'R4'},&,1.0,&
{'D4'},{'R2'},{'D5'},{'D1'},{'D3'},{'D2'},{'R3'},{'R1'},{'R5'},{'R4'},&,2.0,&
{'D4'},{'R2'},{'D5'},{'D1'},{'D3'},{'D2'},{'R4'},{'R1'},{'R3'},{'R5'},&,1.0,&
{'D4'},{'R2'},{'D5'},{'R1'},{'D2'},{'D3'},{'D1'},{'R3'},{'R5'},{'R4'},&,1.0,&
{'D4'},{'R2'},{'D5'},{'R1'},{'D3'},{'D2'},{'D1'},{'R4'},{'R3'},{'R5'},&,1.0,&
{'D4'},{'R2'},{'D5'},{'R1'},{'D3'},{'D2'},{'D1'},{'R3'},{'R4'},{'R5'},&,1.0,&
{'D4'},{'R2'},{'D5'},{'R1'},{'R3'},{'R5'},{'D3'},{'D2'},{'D1'},{'R4'},&,1.0,&
{'D4'},{'R2'},{'D5'},{'R3'},{'D3'},{'D1'},{'D2'},{'R1'},{'R5'},{'R4'},&,1.0,&
{'D4'},{'R2'},{'D5'},{'R3'},{'D3'},{'D2'},{'R1'},{'R5'},{'D1'},{'R4'},&,1.0,&
{'D4'},{'R2'},{'D2'},{'D5'},{'D1'},{'R1'},{'R4'},{'R5'},{'D3'},{'R3'},&,1.0,&
{'D4'},{'R2'},{'D2'},{'D5'},{'D3'},{'D1'},{'R5'},{'R1'},{'R3'},{'R4'},&,2.0,&
{'D4'},{'R2'},{'D2'},{'D5'},{'D3'},{'D1'},{'R1'},{'R5'},{'R3'},{'R4'},&,3.0,&
{'D4'},{'R2'},{'D2'},{'D5'},{'D3'},{'D1'},{'R1'},{'R5'},{'R4'},{'R3'},&,1.0,&
{'D4'},{'R2'},{'D2'},{'D5'},{'D3'},{'D1'},{'R1'},{'R3'},{'R5'},{'R4'},&,1.0,&
{'D4'},{'R2'},{'D2'},{'D5'},{'D3'},{'R1'},{'D1'},{'R5'},{'R3'},{'R4'},&,1.0,&
{'D4'},{'R2'},{'D2'},{'D3'},{'D1'},{'D5'},{'R1'},{'R4'},{'R3'},{'R5'},&,1.0,&
{'D4'},{'R2'},{'D2'},{'D3'},{'D5'},{'D1'},{'R4'},{'R5'},{'R1'},{'R3'},&,1.0,&
{'D4'},{'R2'},{'D2'},{'R5'},{'D5'},{'D3'},{'D1'},{'R1'},{'R3'},{'R4'},&,1.0,&
{'D4'},{'R2'},{'D2'},{'R5'},{'D3'},{'D5'},{'D1'},{'R1'},{'R3'},{'R4'},&,1.0,&
{'D4'},{'R2'},{'D2'},{'R1'},{'D5'},{'R4'},{'D1'},{'R5'},{'D3'},{'R3'},&,1.0,&
{'D4'},{'R2'},{'D2'},{'R1'},{'D5'},{'D3'},{'R3'},{'D1'},{'R5'},{'R4'},&,1.0,&
{'D4'},{'R2'},{'D2'},{'R1'},{'R4'},{'D5'},{'D3'},{'D1'},{'R3'},{'R5'},&,1.0,&
{'D4'},{'R2'},{'R1'},{'D5'},{'D2'},{'D3'},{'D1'},{'R4'},{'R3'},{'R5'},&,1.0,&
{'D4'},{'R2'},{'R1'},{'D5'},{'D3'},{'D1'},{'R5'},{'D2'},{'R4'},{'R3'},&,1.0,&
{'D4'},{'R2'},{'R1'},{'D5'},{'D3'},{'D1'},{'D2'},{'R5'},{'R4'},{'R3'},&,2.0,&
{'D4'},{'R2'},{'R1'},{'D5'},{'D3'},{'R5'},{'D2'},{'D1'},{'R3'},{'R4'},&,1.0,&
{'D4'},{'R2'},{'R1'},{'D5'},{'D3'},{'R4'},{'D1'},{'D2'},{'R3'},{'R5'},&,1.0,&
{'D4'},{'R2'},{'R1'},{'D5'},{'D3'},{'D2'},{'D1'},{'R5'},{'R3'},{'R4'},&,1.0,&
{'D4'},{'R2'},{'R1'},{'D5'},{'D3'},{'D2'},{'D1'},{'R3'},{'R5'},{'R4'},&,2.0,&
{'D4'},{'R2'},{'R1'},{'D5'},{'D3'},{'D2'},{'R3'},{'R5'},{'D1'},{'R4'},&,1.0,&
{'D4'},{'R2'},{'R1'},{'D5'},{'R3'},{'R5'},{'R4'},{'D1'},{'D3'},{'D2'},&,1.0,&
{'D4'},{'R2'},{'R1'},{'D5'},{'R4'},{'D3'},{'D2'},{'D1'},{'R3'},{'R5'},&,1.0,&
{'D4'},{'R2'},{'R1'},{'D3'},{'D5'},{'D1'},{'R5'},{'D2'},{'R3'},{'R4'},&,1.0,&
{'D4'},{'R2'},{'R1'},{'D3'},{'D5'},{'D1'},{'D2'},{'R5'},{'R3'},{'R4'},&,1.0,&
{'D4'},{'R2'},{'R1'},{'D3'},{'D5'},{'D1'},{'D2'},{'R5'},{'R4'},{'R3'},&,1.0,&
{'D4'},{'R2'},{'R1'},{'D3'},{'D5'},{'D2'},{'D1'},{'R3'},{'R5'},{'R4'},&,1.0,&
{'D4'},{'R2'},{'R1'},{'D3'},{'R3'},{'D5'},{'D1'},{'D2'},{'R5'},{'R4'},&,1.0,&
{'D4'},{'R2'},{'R1'},{'D2'},{'D3'},{'D5'},{'D1'},{'R5'},{'R3'},{'R4'},&,1.0,&
{'D4'},{'R2'},{'R1'},{'D2'},{'D3'},{'R4'},{'D1'},{'D5'},{'R5'},{'R3'},&,1.0,&
{'D4'},{'R2'},{'R1'},{'D1'},{'D3'},{'D5'},{'D2'},{'R5'},{'R3'},{'R4'},&,1.0,&
{'D4'},{'R2'},{'R1'},{'D1'},{'D3'},{'D5'},{'D2'},{'R5'},{'R4'},{'R3'},&,1.0,&
{'D4'},{'R2'},{'R1'},{'D1'},{'R5'},{'D5'},{'D3'},{'D2'},{'R3'},{'R4'},&,1.0,&
{'D4'},{'R2'},{'R1'},{'R5'},{'D2'},{'D3'},{'D5'},{'D1'},{'R3'},{'R4'},&,1.0,&
{'D4'},{'R2'},{'R1'},{'R5'},{'D5'},{'D3'},{'D2'},{'D1'},{'R3'},{'R4'},&,1.0,&
{'D4'},{'R2'},{'R1'},{'R5'},{'D3'},{'D5'},{'D1'},{'D2'},{'R3'},{'R4'},&,1.0,&
{'D4'},{'R2'},{'R1'},{'R5'},{'R4'},{'R3'},{'D1'},{'D3'},{'D5'},{'D2'},&,1.0,&
{'D4'},{'R2'},{'R1'},{'R3'},{'D5'},{'R5'},{'D2'},{'R4'},{'D3'},{'D1'},&,1.0,&
{'D4'},{'R2'},{'R1'},{'R3'},{'D5'},{'D3'},{'D1'},{'D2'},{'R5'},{'R4'},&,1.0,&
{'D4'},{'R2'},{'R5'},{'D5'},{'D3'},{'D1'},{'D2'},{'R3'},{'R1'},{'R4'},&,1.0,&
{'D4'},{'R2'},{'R5'},{'D3'},{'D5'},{'D1'},{'D2'},{'R1'},{'R3'},{'R4'},&,1.0,&
{'D4'},{'R2'},{'R5'},{'D2'},{'D5'},{'D1'},{'D3'},{'R1'},{'R3'},{'R4'},&,1.0,&
{'D4'},{'R2'},{'R5'},{'R1'},{'D1'},{'D5'},{'D2'},{'D3'},{'R3'},{'R4'},&,1.0,&
{'D4'},{'R2'},{'R3'},{'D5'},{'D3'},{'D2'},{'D1'},{'R1'},{'R5'},{'R4'},&,1.0,&
{'D4'},{'R2'},{'R3'},{'D1'},{'D3'},{'D5'},{'D2'},{'R1'},{'R5'},{'R4'},&,1.0,&
{'D4'},{'R2'},{'R4'},{'D3'},{'D5'},{'D1'},{'D2'},{'R1'},{'R3'},{'R5'},&,1.0,&
{'D4'},{'D1'},{'D3'},{'D5'},{'D2'},{'R1'},{'R2'},{'R5'},{'R3'},{'R4'},&,3.0,&
{'D4'},{'D1'},{'D3'},{'D5'},{'D2'},{'R1'},{'R2'},{'R5'},{'R4'},{'R3'},&,2.0,&
{'D4'},{'D1'},{'D3'},{'D5'},{'D2'},{'R1'},{'R2'},{'R4'},{'R3'},{'R5'},&,2.0,&
{'D4'},{'D1'},{'D3'},{'D5'},{'D2'},{'R1'},{'R4'},{'R5'},{'R2'},{'R3'},&,1.0,&
{'D4'},{'D1'},{'D3'},{'D5'},{'D2'},{'R1'},{'R4'},{'R2'},{'R5'},{'R3'},&,1.0,&
{'D4'},{'D1'},{'D3'},{'D5'},{'D2'},{'R2'},{'R5'},{'R1'},{'R3'},{'R4'},&,1.0,&
{'D4'},{'D1'},{'D3'},{'D5'},{'D2'},{'R2'},{'R5'},{'R1'},{'R4'},{'R3'},&,1.0,&
{'D4'},{'D1'},{'D3'},{'D5'},{'D2'},{'R2'},{'R1'},{'R5'},{'R3'},{'R4'},&,5.0,&
{'D4'},{'D1'},{'D3'},{'D5'},{'D2'},{'R2'},{'R1'},{'R5'},{'R4'},{'R3'},&,2.0,&
{'D4'},{'D1'},{'D3'},{'D5'},{'D2'},{'R2'},{'R1'},{'R4'},{'R5'},{'R3'},&,2.0,&
{'D4'},{'D1'},{'D3'},{'D5'},{'D2'},{'R2'},{'R1'},{'R3'},{'R4'},{'R5'},&,1.0,&
{'D4'},{'D1'},{'D3'},{'D5'},{'D2'},{'R2'},{'R1'},{'R3'},{'R5'},{'R4'},&,2.0,&
{'D4'},{'D1'},{'D3'},{'D5'},{'D2'},{'R2'},{'R3'},{'R1'},{'R5'},{'R4'},&,1.0,&
{'D4'},{'D1'},{'D3'},{'D5'},{'D2'},{'R2'},{'R4'},{'R1'},{'R5'},{'R3'},&,1.0,&
{'D4'},{'D1'},{'D3'},{'D5'},{'D2'},{'R5'},{'R2'},{'R1'},{'R3'},{'R4'},&,1.0,&
{'D4'},{'D1'},{'D3'},{'D5'},{'R1'},{'R2'},{'D2'},{'R3'},{'R4'},{'R5'},&,1.0,&
{'D4'},{'D1'},{'D3'},{'D5'},{'R1'},{'D2'},{'R2'},{'R5'},{'R4'},{'R3'},&,1.0,&
{'D4'},{'D1'},{'D3'},{'D5'},{'R1'},{'D2'},{'R2'},{'R3'},{'R5'},{'R4'},&,1.0,&
{'D4'},{'D1'},{'D3'},{'D5'},{'R2'},{'D2'},{'R5'},{'R1'},{'R4'},{'R3'},&,1.0,&
{'D4'},{'D1'},{'D3'},{'D5'},{'R2'},{'D2'},{'R1'},{'R3'},{'R5'},{'R4'},&,2.0,&
{'D4'},{'D1'},{'D3'},{'D2'},{'D5'},{'R2'},{'R1'},{'R3'},{'R5'},{'R4'},&,1.0,&
{'D4'},{'D1'},{'D3'},{'D2'},{'D5'},{'R2'},{'R3'},{'R1'},{'R5'},{'R4'},&,1.0,&
{'D4'},{'D1'},{'D3'},{'D2'},{'D5'},{'R5'},{'R1'},{'R2'},{'R3'},{'R4'},&,1.0,&
{'D4'},{'D1'},{'D3'},{'D2'},{'D5'},{'R3'},{'R2'},{'R1'},{'R4'},{'R5'},&,1.0,&
{'D4'},{'D1'},{'D3'},{'D2'},{'R2'},{'D5'},{'R1'},{'R4'},{'R5'},{'R3'},&,1.0,&
{'D4'},{'D1'},{'D3'},{'R2'},{'D5'},{'R1'},{'D2'},{'R3'},{'R5'},{'R4'},&,1.0,&
{'D4'},{'D1'},{'D3'},{'R2'},{'D5'},{'D2'},{'R1'},{'R5'},{'R3'},{'R4'},&,1.0,&
{'D4'},{'D1'},{'D3'},{'R2'},{'D5'},{'D2'},{'R1'},{'R5'},{'R4'},{'R3'},&,2.0,&
{'D4'},{'D1'},{'D3'},{'R2'},{'D5'},{'D2'},{'R1'},{'R3'},{'R5'},{'R4'},&,1.0,&
{'D4'},{'D1'},{'D3'},{'R2'},{'D5'},{'D2'},{'R3'},{'R1'},{'R5'},{'R4'},&,1.0,&
{'D4'},{'D1'},{'D3'},{'R5'},{'D5'},{'D2'},{'R2'},{'R1'},{'R3'},{'R4'},&,1.0,&
{'D4'},{'D1'},{'D5'},{'D3'},{'D2'},{'R1'},{'R2'},{'R5'},{'R3'},{'R4'},&,1.0,&
{'D4'},{'D1'},{'D5'},{'D3'},{'D2'},{'R1'},{'R2'},{'R5'},{'R4'},{'R3'},&,1.0,&
{'D4'},{'D1'},{'D5'},{'D3'},{'D2'},{'R1'},{'R2'},{'R4'},{'R5'},{'R3'},&,2.0,&
{'D4'},{'D1'},{'D5'},{'D3'},{'D2'},{'R1'},{'R2'},{'R3'},{'R5'},{'R4'},&,1.0,&
{'D4'},{'D1'},{'D5'},{'D3'},{'D2'},{'R1'},{'R5'},{'R2'},{'R3'},{'R4'},&,1.0,&
{'D4'},{'D1'},{'D5'},{'D3'},{'D2'},{'R1'},{'R5'},{'R2'},{'R4'},{'R3'},&,1.0,&
{'D4'},{'D1'},{'D5'},{'D3'},{'D2'},{'R2'},{'R5'},{'R1'},{'R3'},{'R4'},&,1.0,&
{'D4'},{'D1'},{'D5'},{'D3'},{'D2'},{'R2'},{'R1'},{'R5'},{'R3'},{'R4'},&,2.0,&
{'D4'},{'D1'},{'D5'},{'D3'},{'D2'},{'R2'},{'R1'},{'R5'},{'R4'},{'R3'},&,3.0,&
{'D4'},{'D1'},{'D5'},{'D3'},{'D2'},{'R2'},{'R1'},{'R4'},{'R3'},{'R5'},&,1.0,&
{'D4'},{'D1'},{'D5'},{'D3'},{'D2'},{'R2'},{'R1'},{'R4'},{'R5'},{'R3'},&,1.0,&
{'D4'},{'D1'},{'D5'},{'D3'},{'D2'},{'R2'},{'R1'},{'R3'},{'R4'},{'R5'},&,1.0,&
{'D4'},{'D1'},{'D5'},{'D3'},{'D2'},{'R2'},{'R1'},{'R3'},{'R5'},{'R4'},&,3.0,&
{'D4'},{'D1'},{'D5'},{'D3'},{'D2'},{'R3'},{'R2'},{'R1'},{'R5'},{'R4'},&,1.0,&
{'D4'},{'D1'},{'D5'},{'D3'},{'D2'},{'R3'},{'R1'},{'R2'},{'R4'},{'R5'},&,1.0,&
{'D4'},{'D1'},{'D5'},{'D3'},{'R2'},{'D2'},{'R5'},{'R1'},{'R3'},{'R4'},&,2.0,&
{'D4'},{'D1'},{'D5'},{'D2'},{'D3'},{'R1'},{'R2'},{'R5'},{'R3'},{'R4'},&,4.0,&
{'D4'},{'D1'},{'D5'},{'D2'},{'D3'},{'R1'},{'R2'},{'R5'},{'R4'},{'R3'},&,1.0,&
{'D4'},{'D1'},{'D5'},{'D2'},{'D3'},{'R1'},{'R2'},{'R4'},{'R5'},{'R3'},&,1.0,&
{'D4'},{'D1'},{'D5'},{'D2'},{'D3'},{'R1'},{'R2'},{'R3'},{'R5'},{'R4'},&,1.0,&
{'D4'},{'D1'},{'D5'},{'D2'},{'D3'},{'R2'},{'R5'},{'R1'},{'R3'},{'R4'},&,1.0,&
{'D4'},{'D1'},{'D5'},{'D2'},{'D3'},{'R2'},{'R5'},{'R1'},{'R4'},{'R3'},&,1.0,&
{'D4'},{'D1'},{'D5'},{'D2'},{'D3'},{'R2'},{'R1'},{'R5'},{'R3'},{'R4'},&,1.0,&
{'D4'},{'D1'},{'D5'},{'D2'},{'D3'},{'R2'},{'R1'},{'R5'},{'R4'},{'R3'},&,2.0,&
{'D4'},{'D1'},{'D5'},{'D2'},{'D3'},{'R2'},{'R1'},{'R4'},{'R5'},{'R3'},&,3.0,&
{'D4'},{'D1'},{'D5'},{'D2'},{'D3'},{'R2'},{'R4'},{'R1'},{'R5'},{'R3'},&,1.0,&
{'D4'},{'D1'},{'D5'},{'D2'},{'D3'},{'R5'},{'R2'},{'R1'},{'R3'},{'R4'},&,1.0,&
{'D4'},{'D1'},{'D5'},{'D2'},{'D3'},{'R5'},{'R2'},{'R1'},{'R4'},{'R3'},&,1.0,&
{'D4'},{'D1'},{'D5'},{'D2'},{'D3'},{'R4'},{'R2'},{'R1'},{'R3'},{'R5'},&,1.0,&
{'D4'},{'D1'},{'D5'},{'D2'},{'R5'},{'R1'},{'R2'},{'D3'},{'R3'},{'R4'},&,1.0,&
{'D4'},{'D1'},{'D5'},{'D2'},{'R2'},{'R1'},{'D3'},{'R5'},{'R3'},{'R4'},&,1.0,&
{'D4'},{'D1'},{'D5'},{'D2'},{'R2'},{'D3'},{'R5'},{'R1'},{'R3'},{'R4'},&,2.0,&
{'D4'},{'D1'},{'D5'},{'D2'},{'R2'},{'R3'},{'D3'},{'R5'},{'R4'},{'R1'},&,1.0,&
{'D4'},{'D1'},{'D5'},{'R2'},{'D3'},{'R1'},{'D2'},{'R5'},{'R3'},{'R4'},&,1.0,&
{'D4'},{'D1'},{'D5'},{'R2'},{'D3'},{'D2'},{'R1'},{'R5'},{'R4'},{'R3'},&,2.0,&
{'D4'},{'D1'},{'D5'},{'R2'},{'D3'},{'D2'},{'R3'},{'R1'},{'R5'},{'R4'},&,1.0,&
{'D4'},{'D1'},{'D5'},{'R2'},{'R5'},{'D3'},{'D2'},{'R1'},{'R3'},{'R4'},&,1.0,&
{'D4'},{'D1'},{'D5'},{'R5'},{'D3'},{'D2'},{'R2'},{'R3'},{'R1'},{'R4'},&,1.0,&
{'D4'},{'D1'},{'D2'},{'D5'},{'D3'},{'R1'},{'R2'},{'R3'},{'R5'},{'R4'},&,1.0,&
{'D4'},{'D1'},{'D2'},{'D5'},{'D3'},{'R2'},{'R5'},{'R3'},{'R1'},{'R4'},&,1.0,&
{'D4'},{'D1'},{'D2'},{'D5'},{'R5'},{'D3'},{'R2'},{'R1'},{'R4'},{'R3'},&,1.0,&
{'D4'},{'D1'},{'D2'},{'D3'},{'D5'},{'R1'},{'R2'},{'R5'},{'R3'},{'R4'},&,1.0,&
{'D4'},{'D1'},{'D2'},{'D3'},{'D5'},{'R1'},{'R2'},{'R5'},{'R4'},{'R3'},&,1.0,&
{'D4'},{'D1'},{'D2'},{'D3'},{'R2'},{'D5'},{'R5'},{'R1'},{'R3'},{'R4'},&,1.0,&
{'D4'},{'D1'},{'D2'},{'D3'},{'R2'},{'D5'},{'R1'},{'R3'},{'R5'},{'R4'},&,1.0,&
{'D4'},{'D1'},{'D2'},{'R1'},{'D5'},{'D3'},{'R2'},{'R5'},{'R3'},{'R4'},&,1.0,&
{'D4'},{'D1'},{'R2'},{'D5'},{'D2'},{'D3'},{'R1'},{'R3'},{'R5'},{'R4'},&,1.0,&
{'D4'},{'D1'},{'R2'},{'D5'},{'D2'},{'D3'},{'R3'},{'R1'},{'R5'},{'R4'},&,1.0,&
{'D4'},{'D1'},{'R2'},{'D5'},{'D3'},{'D2'},{'R1'},{'R4'},{'R3'},{'R5'},&,1.0,&
{'D4'},{'D1'},{'R2'},{'D3'},{'D5'},{'D2'},{'R1'},{'R5'},{'R4'},{'R3'},&,1.0,&
{'D4'},{'D1'},{'R2'},{'R1'},{'D2'},{'R5'},{'R3'},{'D3'},{'D5'},{'R4'},&,1.0,&
{'D4'},{'D1'},{'R2'},{'R1'},{'D5'},{'D3'},{'D2'},{'R5'},{'R3'},{'R4'},&,1.0,&
{'D4'},{'D1'},{'R2'},{'R1'},{'R3'},{'D2'},{'D3'},{'R5'},{'D5'},{'R4'},&,1.0,&
{'D4'},{'D1'},{'R2'},{'R4'},{'D3'},{'D5'},{'D2'},{'R1'},{'R3'},{'R5'},&,1.0,&
{'D4'},{'D1'},{'R1'},{'D5'},{'D3'},{'R4'},{'D2'},{'R5'},{'R2'},{'R3'},&,1.0,&
{'D4'},{'D1'},{'R1'},{'D5'},{'D3'},{'D2'},{'R2'},{'R5'},{'R3'},{'R4'},&,2.0,&
{'D4'},{'D1'},{'R1'},{'D5'},{'D3'},{'D2'},{'R2'},{'R4'},{'R5'},{'R3'},&,1.0,&
{'D4'},{'D1'},{'R1'},{'D3'},{'D2'},{'R2'},{'D5'},{'R3'},{'R5'},{'R4'},&,1.0,&
{'D4'},{'D1'},{'R1'},{'D2'},{'D5'},{'D3'},{'R2'},{'R3'},{'R5'},{'R4'},&,1.0,&
{'D4'},{'D1'},{'R5'},{'D5'},{'D3'},{'D2'},{'R2'},{'R1'},{'R3'},{'R4'},&,1.0,&
{'D4'},{'D1'},{'R5'},{'R2'},{'R3'},{'R1'},{'D2'},{'R4'},{'D5'},{'D3'},&,1.0,&
{'D4'},{'D1'},{'R3'},{'D2'},{'D3'},{'D5'},{'R2'},{'R1'},{'R5'},{'R4'},&,1.0,&
{'D4'},{'R4'},{'D5'},{'D3'},{'D2'},{'D1'},{'R1'},{'R5'},{'R2'},{'R3'},&,1.0,&
{'D4'},{'R4'},{'D5'},{'D3'},{'D1'},{'D2'},{'R2'},{'R1'},{'R3'},{'R5'},&,1.0,&
{'D4'},{'R4'},{'R2'},{'D5'},{'D1'},{'D3'},{'R1'},{'D2'},{'R5'},{'R3'},&,1.0,&
{'D4'},{'R4'},{'R2'},{'R1'},{'R5'},{'D1'},{'D3'},{'R3'},{'D5'},{'D2'},&,1.0,&
{'D4'},{'R4'},{'R1'},{'D2'},{'D5'},{'D1'},{'D3'},{'R2'},{'R3'},{'R5'},&,1.0,&
{'D4'},{'R4'},{'R1'},{'R2'},{'R5'},{'R3'},{'D1'},{'D3'},{'D5'},{'D2'},&,1.0,&
{'D4'},{'R4'},{'R5'},{'R2'},{'R3'},{'D3'},{'D1'},{'R1'},{'D2'},{'D5'},&,1.0,&
{'D4'},{'R3'},{'D3'},{'D5'},{'D1'},{'R1'},{'D2'},{'R5'},{'R2'},{'R4'},&,1.0,&
{'D4'},{'R3'},{'D3'},{'D5'},{'D1'},{'D2'},{'R2'},{'R5'},{'R1'},{'R4'},&,1.0,&
{'D4'},{'R3'},{'D1'},{'D5'},{'D2'},{'R1'},{'R2'},{'D3'},{'R5'},{'R4'},&,1.0,&
{'D4'},{'R3'},{'D5'},{'D3'},{'R2'},{'D2'},{'R1'},{'D1'},{'R5'},{'R4'},&,1.0,&
{'D4'},{'R3'},{'D2'},{'D5'},{'D3'},{'R1'},{'D1'},{'R2'},{'R5'},{'R4'},&,1.0,&
{'D4'},{'R3'},{'D2'},{'D1'},{'D5'},{'D3'},{'R1'},{'R2'},{'R4'},{'R5'},&,1.0,&
{'D4'},{'R3'},{'R5'},{'R1'},{'R2'},{'R4'},{'D3'},{'D1'},{'D5'},{'D2'},&,1.0,&
{'D5'},{'R5'},{'D3'},{'D4'},{'D2'},{'D1'},{'R2'},{'R1'},{'R3'},{'R4'},&,1.0,&
{'D5'},{'R5'},{'D3'},{'D4'},{'D1'},{'D2'},{'R2'},{'R1'},{'R3'},{'R4'},&,1.0,&
{'D5'},{'R5'},{'D3'},{'D4'},{'R1'},{'R2'},{'D1'},{'D2'},{'R3'},{'R4'},&,1.0,&
{'D5'},{'R5'},{'D3'},{'D1'},{'D2'},{'D4'},{'R2'},{'R4'},{'R1'},{'R3'},&,1.0,&
{'D5'},{'R5'},{'D3'},{'R2'},{'D4'},{'D1'},{'D2'},{'R1'},{'R3'},{'R4'},&,1.0,&
{'D5'},{'R5'},{'D1'},{'D3'},{'D4'},{'D2'},{'R1'},{'R2'},{'R3'},{'R4'},&,1.0,&
{'D5'},{'R5'},{'D2'},{'D3'},{'D4'},{'D1'},{'R1'},{'R2'},{'R3'},{'R4'},&,1.0,&
{'D5'},{'R5'},{'D4'},{'D3'},{'D2'},{'D1'},{'R2'},{'R1'},{'R3'},{'R4'},&,1.0,&
{'D5'},{'R5'},{'D4'},{'D3'},{'D2'},{'D1'},{'R2'},{'R3'},{'R1'},{'R4'},&,1.0,&
{'D5'},{'R5'},{'D4'},{'D3'},{'D2'},{'D1'},{'R1'},{'R2'},{'R4'},{'R3'},&,1.0,&
{'D5'},{'R5'},{'D4'},{'D3'},{'D1'},{'D2'},{'R2'},{'R1'},{'R4'},{'R3'},&,2.0,&
{'D5'},{'R5'},{'D4'},{'D3'},{'R3'},{'D1'},{'D2'},{'R1'},{'R2'},{'R4'},&,1.0,&
{'D5'},{'R5'},{'D4'},{'D2'},{'D3'},{'D1'},{'R2'},{'R1'},{'R4'},{'R3'},&,1.0,&
{'D5'},{'R5'},{'D4'},{'R2'},{'D3'},{'D1'},{'D2'},{'R1'},{'R4'},{'R3'},&,1.0,&
{'D5'},{'R5'},{'D4'},{'R1'},{'D3'},{'D1'},{'D2'},{'R2'},{'R3'},{'R4'},&,1.0,&
{'D5'},{'R5'},{'R2'},{'D4'},{'D1'},{'D3'},{'D2'},{'R1'},{'R4'},{'R3'},&,1.0,&
{'D5'},{'R5'},{'R2'},{'D4'},{'D3'},{'D2'},{'R1'},{'D1'},{'R4'},{'R3'},&,1.0,&
{'D5'},{'R5'},{'R2'},{'D3'},{'D2'},{'D4'},{'D1'},{'R1'},{'R3'},{'R4'},&,1.0,&
{'D5'},{'R5'},{'R2'},{'R1'},{'D3'},{'R4'},{'R3'},{'D2'},{'D1'},{'D4'},&,1.0,&
{'D5'},{'R5'},{'R2'},{'R1'},{'R3'},{'R4'},{'D3'},{'D1'},{'D4'},{'D2'},&,1.0,&
{'D5'},{'R5'},{'R2'},{'R1'},{'R4'},{'R3'},{'D4'},{'D3'},{'D1'},{'D2'},&,1.0,&
{'D5'},{'R5'},{'R1'},{'D3'},{'R2'},{'D4'},{'D1'},{'D2'},{'R3'},{'R4'},&,1.0,&
{'D5'},{'R5'},{'R1'},{'D1'},{'R2'},{'R4'},{'R3'},{'D2'},{'D3'},{'D4'},&,1.0,&
{'D5'},{'R5'},{'R1'},{'R2'},{'R3'},{'D4'},{'R4'},{'D3'},{'D1'},{'D2'},&,1.0,&
{'D5'},{'D3'},{'D1'},{'D4'},{'D2'},{'R1'},{'R2'},{'R5'},{'R3'},{'R4'},&,14.0,&
{'D5'},{'D3'},{'D1'},{'D4'},{'D2'},{'R1'},{'R2'},{'R5'},{'R4'},{'R3'},&,4.0,&
{'D5'},{'D3'},{'D1'},{'D4'},{'D2'},{'R1'},{'R2'},{'R4'},{'R5'},{'R3'},&,2.0,&
{'D5'},{'D3'},{'D1'},{'D4'},{'D2'},{'R1'},{'R3'},{'R2'},{'R5'},{'R4'},&,1.0,&
{'D5'},{'D3'},{'D1'},{'D4'},{'D2'},{'R2'},{'R5'},{'R1'},{'R3'},{'R4'},&,5.0,&
{'D5'},{'D3'},{'D1'},{'D4'},{'D2'},{'R2'},{'R1'},{'R5'},{'R3'},{'R4'},&,14.0,&
{'D5'},{'D3'},{'D1'},{'D4'},{'D2'},{'R2'},{'R1'},{'R5'},{'R4'},{'R3'},&,3.0,&
{'D5'},{'D3'},{'D1'},{'D4'},{'D2'},{'R2'},{'R1'},{'R4'},{'R5'},{'R3'},&,1.0,&
{'D5'},{'D3'},{'D1'},{'D4'},{'D2'},{'R2'},{'R1'},{'R3'},{'R5'},{'R4'},&,5.0,&
{'D5'},{'D3'},{'D1'},{'D4'},{'D2'},{'R5'},{'R2'},{'R1'},{'R3'},{'R4'},&,3.0,&
{'D5'},{'D3'},{'D1'},{'D4'},{'D2'},{'R5'},{'R2'},{'R1'},{'R4'},{'R3'},&,1.0,&
{'D5'},{'D3'},{'D1'},{'D4'},{'D2'},{'R5'},{'R3'},{'R2'},{'R1'},{'R4'},&,1.0,&
{'D5'},{'D3'},{'D1'},{'D4'},{'D2'},{'R3'},{'R2'},{'R1'},{'R5'},{'R4'},&,2.0,&
{'D5'},{'D3'},{'D1'},{'D4'},{'R1'},{'D2'},{'R2'},{'R5'},{'R3'},{'R4'},&,2.0,&
{'D5'},{'D3'},{'D1'},{'D4'},{'R1'},{'D2'},{'R2'},{'R5'},{'R4'},{'R3'},&,1.0,&
{'D5'},{'D3'},{'D1'},{'D4'},{'R1'},{'D2'},{'R2'},{'R4'},{'R3'},{'R5'},&,1.0,&
{'D5'},{'D3'},{'D1'},{'D4'},{'R2'},{'R1'},{'D2'},{'R5'},{'R3'},{'R4'},&,1.0,&
{'D5'},{'D3'},{'D1'},{'D4'},{'R2'},{'R1'},{'D2'},{'R3'},{'R5'},{'R4'},&,1.0,&
{'D5'},{'D3'},{'D1'},{'D4'},{'R2'},{'D2'},{'R5'},{'R3'},{'R1'},{'R4'},&,1.0,&
{'D5'},{'D3'},{'D1'},{'D4'},{'R2'},{'D2'},{'R1'},{'R5'},{'R3'},{'R4'},&,1.0,&
{'D5'},{'D3'},{'D1'},{'D4'},{'R2'},{'D2'},{'R4'},{'R1'},{'R3'},{'R5'},&,1.0,&
{'D5'},{'D3'},{'D1'},{'D2'},{'R1'},{'D4'},{'R2'},{'R5'},{'R3'},{'R4'},&,1.0,&
{'D5'},{'D3'},{'D1'},{'D2'},{'D4'},{'R1'},{'R2'},{'R5'},{'R3'},{'R4'},&,5.0,&
{'D5'},{'D3'},{'D1'},{'D2'},{'D4'},{'R1'},{'R2'},{'R5'},{'R4'},{'R3'},&,3.0,&
{'D5'},{'D3'},{'D1'},{'D2'},{'D4'},{'R2'},{'R5'},{'R1'},{'R4'},{'R3'},&,1.0,&
{'D5'},{'D3'},{'D1'},{'D2'},{'D4'},{'R2'},{'R1'},{'R5'},{'R3'},{'R4'},&,2.0,&
{'D5'},{'D3'},{'D1'},{'D2'},{'D4'},{'R2'},{'R1'},{'R5'},{'R4'},{'R3'},&,1.0,&
{'D5'},{'D3'},{'D1'},{'D2'},{'D4'},{'R2'},{'R1'},{'R3'},{'R4'},{'R5'},&,1.0,&
{'D5'},{'D3'},{'D1'},{'D2'},{'D4'},{'R2'},{'R3'},{'R1'},{'R5'},{'R4'},&,1.0,&
{'D5'},{'D3'},{'D1'},{'D2'},{'D4'},{'R2'},{'R4'},{'R1'},{'R5'},{'R3'},&,1.0,&
{'D5'},{'D3'},{'D1'},{'D2'},{'R2'},{'D4'},{'R5'},{'R1'},{'R3'},{'R4'},&,1.0,&
{'D5'},{'D3'},{'D1'},{'R2'},{'D2'},{'D4'},{'R1'},{'R5'},{'R4'},{'R3'},&,1.0,&
{'D5'},{'D3'},{'D1'},{'R2'},{'D4'},{'R1'},{'D2'},{'R5'},{'R3'},{'R4'},&,1.0,&
{'D5'},{'D3'},{'D1'},{'R2'},{'D4'},{'R1'},{'D2'},{'R5'},{'R4'},{'R3'},&,1.0,&
{'D5'},{'D3'},{'D1'},{'R2'},{'D4'},{'D2'},{'R5'},{'R1'},{'R3'},{'R4'},&,1.0,&
{'D5'},{'D3'},{'D1'},{'R2'},{'D4'},{'D2'},{'R1'},{'R3'},{'R5'},{'R4'},&,1.0,&
{'D5'},{'D3'},{'D1'},{'R1'},{'D2'},{'D4'},{'R2'},{'R5'},{'R3'},{'R4'},&,1.0,&
{'D5'},{'D3'},{'D1'},{'R1'},{'D4'},{'D2'},{'R2'},{'R5'},{'R3'},{'R4'},&,1.0,&
{'D5'},{'D3'},{'D1'},{'R1'},{'R2'},{'D4'},{'D2'},{'R5'},{'R3'},{'R4'},&,1.0,&
{'D5'},{'D3'},{'D2'},{'D4'},{'D1'},{'R1'},{'R2'},{'R5'},{'R3'},{'R4'},&,6.0,&
{'D5'},{'D3'},{'D2'},{'D4'},{'D1'},{'R1'},{'R2'},{'R5'},{'R4'},{'R3'},&,7.0,&
{'D5'},{'D3'},{'D2'},{'D4'},{'D1'},{'R1'},{'R2'},{'R4'},{'R5'},{'R3'},&,1.0,&
{'D5'},{'D3'},{'D2'},{'D4'},{'D1'},{'R1'},{'R2'},{'R3'},{'R5'},{'R4'},&,11.0,&
{'D5'},{'D3'},{'D2'},{'D4'},{'D1'},{'R1'},{'R5'},{'R2'},{'R3'},{'R4'},&,3.0,&
{'D5'},{'D3'},{'D2'},{'D4'},{'D1'},{'R1'},{'R4'},{'R2'},{'R5'},{'R3'},&,2.0,&
{'D5'},{'D3'},{'D2'},{'D4'},{'D1'},{'R2'},{'R5'},{'R1'},{'R3'},{'R4'},&,3.0,&
{'D5'},{'D3'},{'D2'},{'D4'},{'D1'},{'R2'},{'R5'},{'R1'},{'R4'},{'R3'},&,1.0,&
{'D5'},{'D3'},{'D2'},{'D4'},{'D1'},{'R2'},{'R5'},{'R3'},{'R1'},{'R4'},&,1.0,&
{'D5'},{'D3'},{'D2'},{'D4'},{'D1'},{'R2'},{'R1'},{'R5'},{'R3'},{'R4'},&,14.0,&
{'D5'},{'D3'},{'D2'},{'D4'},{'D1'},{'R2'},{'R1'},{'R5'},{'R4'},{'R3'},&,4.0,&
{'D5'},{'D3'},{'D2'},{'D4'},{'D1'},{'R2'},{'R1'},{'R4'},{'R5'},{'R3'},&,2.0,&
{'D5'},{'D3'},{'D2'},{'D4'},{'D1'},{'R2'},{'R1'},{'R3'},{'R5'},{'R4'},&,11.0,&
{'D5'},{'D3'},{'D2'},{'D4'},{'D1'},{'R2'},{'R3'},{'R1'},{'R5'},{'R4'},&,2.0,&
{'D5'},{'D3'},{'D2'},{'D4'},{'D1'},{'R5'},{'R2'},{'R1'},{'R3'},{'R4'},&,1.0,&
{'D5'},{'D3'},{'D2'},{'D4'},{'D1'},{'R5'},{'R2'},{'R3'},{'R1'},{'R4'},&,1.0,&
{'D5'},{'D3'},{'D2'},{'D4'},{'D1'},{'R5'},{'R1'},{'R2'},{'R3'},{'R4'},&,3.0,&
{'D5'},{'D3'},{'D2'},{'D4'},{'D1'},{'R4'},{'R2'},{'R1'},{'R3'},{'R5'},&,1.0,&
{'D5'},{'D3'},{'D2'},{'D4'},{'D1'},{'R4'},{'R2'},{'R5'},{'R1'},{'R3'},&,1.0,&
{'D5'},{'D3'},{'D2'},{'D4'},{'D1'},{'R3'},{'R2'},{'R1'},{'R5'},{'R4'},&,1.0,&
{'D5'},{'D3'},{'D2'},{'D4'},{'D1'},{'R3'},{'R2'},{'R4'},{'R5'},{'R1'},&,1.0,&
{'D5'},{'D3'},{'D2'},{'D4'},{'R1'},{'D1'},{'R2'},{'R5'},{'R3'},{'R4'},&,1.0,&
{'D5'},{'D3'},{'D2'},{'D4'},{'R1'},{'D1'},{'R5'},{'R2'},{'R3'},{'R4'},&,1.0,&
{'D5'},{'D3'},{'D2'},{'D4'},{'R1'},{'R5'},{'D1'},{'R2'},{'R4'},{'R3'},&,1.0,&
{'D5'},{'D3'},{'D2'},{'D4'},{'R5'},{'D1'},{'R1'},{'R2'},{'R3'},{'R4'},&,1.0,&
{'D5'},{'D3'},{'D2'},{'D4'},{'R2'},{'D1'},{'R5'},{'R1'},{'R4'},{'R3'},&,1.0,&
{'D5'},{'D3'},{'D2'},{'D4'},{'R2'},{'D1'},{'R1'},{'R5'},{'R3'},{'R4'},&,5.0,&
{'D5'},{'D3'},{'D2'},{'D4'},{'R2'},{'D1'},{'R1'},{'R3'},{'R5'},{'R4'},&,1.0,&
{'D5'},{'D3'},{'D2'},{'D4'},{'R2'},{'D1'},{'R3'},{'R1'},{'R5'},{'R4'},&,1.0,&
{'D5'},{'D3'},{'D2'},{'D4'},{'R2'},{'R4'},{'D1'},{'R1'},{'R5'},{'R3'},&,1.0,&
{'D5'},{'D3'},{'D2'},{'D1'},{'D4'},{'R2'},{'R5'},{'R1'},{'R3'},{'R4'},&,1.0,&
{'D5'},{'D3'},{'D2'},{'D1'},{'D4'},{'R2'},{'R1'},{'R5'},{'R3'},{'R4'},&,5.0,&
{'D5'},{'D3'},{'D2'},{'D1'},{'D4'},{'R2'},{'R1'},{'R5'},{'R4'},{'R3'},&,1.0,&
{'D5'},{'D3'},{'D2'},{'D1'},{'D4'},{'R5'},{'R2'},{'R1'},{'R3'},{'R4'},&,1.0,&
{'D5'},{'D3'},{'D2'},{'D1'},{'D4'},{'R5'},{'R1'},{'R2'},{'R3'},{'R4'},&,2.0,&
{'D5'},{'D3'},{'D2'},{'D1'},{'D4'},{'R3'},{'R2'},{'R1'},{'R5'},{'R4'},&,1.0,&
{'D5'},{'D3'},{'D2'},{'R2'},{'D1'},{'R1'},{'R5'},{'D4'},{'R3'},{'R4'},&,2.0,&
{'D5'},{'D3'},{'D2'},{'R2'},{'D1'},{'D4'},{'R1'},{'R5'},{'R3'},{'R4'},&,1.0,&
{'D5'},{'D3'},{'D2'},{'R2'},{'D1'},{'D4'},{'R1'},{'R5'},{'R4'},{'R3'},&,1.0,&
{'D5'},{'D3'},{'D2'},{'R2'},{'R1'},{'D4'},{'D1'},{'R5'},{'R3'},{'R4'},&,1.0,&
{'D5'},{'D3'},{'D2'},{'R2'},{'D4'},{'D1'},{'R5'},{'R1'},{'R3'},{'R4'},&,1.0,&
{'D5'},{'D3'},{'D2'},{'R2'},{'D4'},{'D1'},{'R1'},{'R5'},{'R3'},{'R4'},&,3.0,&
{'D5'},{'D3'},{'D2'},{'R2'},{'D4'},{'D1'},{'R1'},{'R3'},{'R5'},{'R4'},&,1.0,&
{'D5'},{'D3'},{'D2'},{'R2'},{'D4'},{'D1'},{'R3'},{'R4'},{'R1'},{'R5'},&,1.0,&
{'D5'},{'D3'},{'D2'},{'R2'},{'D4'},{'R1'},{'D1'},{'R5'},{'R3'},{'R4'},&,1.0,&
{'D5'},{'D3'},{'D2'},{'R2'},{'D4'},{'R1'},{'D1'},{'R5'},{'R4'},{'R3'},&,1.0,&
{'D5'},{'D3'},{'D2'},{'R5'},{'D1'},{'D4'},{'R2'},{'R3'},{'R1'},{'R4'},&,1.0,&
{'D5'},{'D3'},{'D2'},{'R5'},{'D4'},{'R2'},{'D1'},{'R1'},{'R4'},{'R3'},&,1.0,&
{'D5'},{'D3'},{'D2'},{'R1'},{'D4'},{'D1'},{'R2'},{'R5'},{'R3'},{'R4'},&,2.0,&
{'D5'},{'D3'},{'D4'},{'D2'},{'D1'},{'R1'},{'R2'},{'R5'},{'R3'},{'R4'},&,24.0,&
{'D5'},{'D3'},{'D4'},{'D2'},{'D1'},{'R1'},{'R2'},{'R5'},{'R4'},{'R3'},&,5.0,&
{'D5'},{'D3'},{'D4'},{'D2'},{'D1'},{'R1'},{'R2'},{'R4'},{'R3'},{'R5'},&,1.0,&
{'D5'},{'D3'},{'D4'},{'D2'},{'D1'},{'R1'},{'R2'},{'R4'},{'R5'},{'R3'},&,4.0,&
{'D5'},{'D3'},{'D4'},{'D2'},{'D1'},{'R1'},{'R2'},{'R3'},{'R5'},{'R4'},&,12.0,&
{'D5'},{'D3'},{'D4'},{'D2'},{'D1'},{'R1'},{'R5'},{'R2'},{'R3'},{'R4'},&,9.0,&
{'D5'},{'D3'},{'D4'},{'D2'},{'D1'},{'R1'},{'R5'},{'R2'},{'R4'},{'R3'},&,2.0,&
{'D5'},{'D3'},{'D4'},{'D2'},{'D1'},{'R1'},{'R5'},{'R3'},{'R2'},{'R4'},&,1.0,&
{'D5'},{'D3'},{'D4'},{'D2'},{'D1'},{'R1'},{'R3'},{'R5'},{'R2'},{'R4'},&,1.0,&
{'D5'},{'D3'},{'D4'},{'D2'},{'D1'},{'R1'},{'R3'},{'R2'},{'R5'},{'R4'},&,2.0,&
{'D5'},{'D3'},{'D4'},{'D2'},{'D1'},{'R2'},{'R5'},{'R1'},{'R3'},{'R4'},&,9.0,&
{'D5'},{'D3'},{'D4'},{'D2'},{'D1'},{'R2'},{'R5'},{'R1'},{'R4'},{'R3'},&,8.0,&
{'D5'},{'D3'},{'D4'},{'D2'},{'D1'},{'R2'},{'R5'},{'R4'},{'R1'},{'R3'},&,1.0,&
{'D5'},{'D3'},{'D4'},{'D2'},{'D1'},{'R2'},{'R5'},{'R3'},{'R1'},{'R4'},&,2.0,&
{'D5'},{'D3'},{'D4'},{'D2'},{'D1'},{'R2'},{'R1'},{'R5'},{'R3'},{'R4'},&,35.0,&
{'D5'},{'D3'},{'D4'},{'D2'},{'D1'},{'R2'},{'R1'},{'R5'},{'R4'},{'R3'},&,20.0,&
{'D5'},{'D3'},{'D4'},{'D2'},{'D1'},{'R2'},{'R1'},{'R4'},{'R3'},{'R5'},&,4.0,&
{'D5'},{'D3'},{'D4'},{'D2'},{'D1'},{'R2'},{'R1'},{'R4'},{'R5'},{'R3'},&,5.0,&
{'D5'},{'D3'},{'D4'},{'D2'},{'D1'},{'R2'},{'R1'},{'R3'},{'R4'},{'R5'},&,2.0,&
{'D5'},{'D3'},{'D4'},{'D2'},{'D1'},{'R2'},{'R1'},{'R3'},{'R5'},{'R4'},&,15.0,&
{'D5'},{'D3'},{'D4'},{'D2'},{'D1'},{'R2'},{'R3'},{'R1'},{'R4'},{'R5'},&,2.0,&
{'D5'},{'D3'},{'D4'},{'D2'},{'D1'},{'R2'},{'R3'},{'R1'},{'R5'},{'R4'},&,4.0,&
{'D5'},{'D3'},{'D4'},{'D2'},{'D1'},{'R2'},{'R3'},{'R5'},{'R1'},{'R4'},&,1.0,&
{'D5'},{'D3'},{'D4'},{'D2'},{'D1'},{'R2'},{'R4'},{'R1'},{'R5'},{'R3'},&,1.0,&
{'D5'},{'D3'},{'D4'},{'D2'},{'D1'},{'R5'},{'R2'},{'R1'},{'R3'},{'R4'},&,6.0,&
{'D5'},{'D3'},{'D4'},{'D2'},{'D1'},{'R5'},{'R2'},{'R1'},{'R4'},{'R3'},&,2.0,&
{'D5'},{'D3'},{'D4'},{'D2'},{'D1'},{'R5'},{'R1'},{'R2'},{'R3'},{'R4'},&,6.0,&
{'D5'},{'D3'},{'D4'},{'D2'},{'D1'},{'R5'},{'R1'},{'R3'},{'R2'},{'R4'},&,1.0,&
{'D5'},{'D3'},{'D4'},{'D2'},{'D1'},{'R4'},{'R2'},{'R1'},{'R3'},{'R5'},&,1.0,&
{'D5'},{'D3'},{'D4'},{'D2'},{'D1'},{'R4'},{'R1'},{'R2'},{'R5'},{'R3'},&,1.0,&
{'D5'},{'D3'},{'D4'},{'D2'},{'D1'},{'R4'},{'R3'},{'R1'},{'R2'},{'R5'},&,1.0,&
{'D5'},{'D3'},{'D4'},{'D2'},{'D1'},{'R3'},{'R2'},{'R1'},{'R4'},{'R5'},&,2.0,&
{'D5'},{'D3'},{'D4'},{'D2'},{'D1'},{'R3'},{'R2'},{'R1'},{'R5'},{'R4'},&,3.0,&
{'D5'},{'D3'},{'D4'},{'D2'},{'D1'},{'R3'},{'R5'},{'R2'},{'R1'},{'R4'},&,1.0,&
{'D5'},{'D3'},{'D4'},{'D2'},{'R1'},{'D1'},{'R2'},{'R5'},{'R3'},{'R4'},&,3.0,&
{'D5'},{'D3'},{'D4'},{'D2'},{'R1'},{'D1'},{'R2'},{'R5'},{'R4'},{'R3'},&,2.0,&
{'D5'},{'D3'},{'D4'},{'D2'},{'R1'},{'D1'},{'R2'},{'R3'},{'R5'},{'R4'},&,4.0,&
{'D5'},{'D3'},{'D4'},{'D2'},{'R1'},{'D1'},{'R5'},{'R2'},{'R3'},{'R4'},&,1.0,&
{'D5'},{'D3'},{'D4'},{'D2'},{'R1'},{'D1'},{'R5'},{'R2'},{'R4'},{'R3'},&,1.0,&
{'D5'},{'D3'},{'D4'},{'D2'},{'R1'},{'D1'},{'R4'},{'R2'},{'R3'},{'R5'},&,1.0,&
{'D5'},{'D3'},{'D4'},{'D2'},{'R1'},{'R2'},{'D1'},{'R5'},{'R4'},{'R3'},&,1.0,&
{'D5'},{'D3'},{'D4'},{'D2'},{'R1'},{'R3'},{'R2'},{'D1'},{'R4'},{'R5'},&,1.0,&
{'D5'},{'D3'},{'D4'},{'D2'},{'R5'},{'D1'},{'R2'},{'R3'},{'R1'},{'R4'},&,1.0,&
{'D5'},{'D3'},{'D4'},{'D2'},{'R5'},{'D1'},{'R1'},{'R2'},{'R3'},{'R4'},&,1.0,&
{'D5'},{'D3'},{'D4'},{'D2'},{'R2'},{'D1'},{'R5'},{'R1'},{'R3'},{'R4'},&,1.0,&
{'D5'},{'D3'},{'D4'},{'D2'},{'R2'},{'D1'},{'R5'},{'R1'},{'R4'},{'R3'},&,3.0,&
{'D5'},{'D3'},{'D4'},{'D2'},{'R2'},{'D1'},{'R1'},{'R5'},{'R3'},{'R4'},&,5.0,&
{'D5'},{'D3'},{'D4'},{'D2'},{'R2'},{'D1'},{'R1'},{'R5'},{'R4'},{'R3'},&,4.0,&
{'D5'},{'D3'},{'D4'},{'D2'},{'R2'},{'D1'},{'R1'},{'R3'},{'R5'},{'R4'},&,1.0,&
{'D5'},{'D3'},{'D4'},{'D2'},{'R2'},{'D1'},{'R3'},{'R1'},{'R5'},{'R4'},&,2.0,&
{'D5'},{'D3'},{'D4'},{'D2'},{'R2'},{'R1'},{'R5'},{'D1'},{'R3'},{'R4'},&,1.0,&
{'D5'},{'D3'},{'D4'},{'D2'},{'R2'},{'R1'},{'D1'},{'R5'},{'R3'},{'R4'},&,1.0,&
{'D5'},{'D3'},{'D4'},{'D2'},{'R2'},{'R1'},{'D1'},{'R4'},{'R3'},{'R5'},&,1.0,&
{'D5'},{'D3'},{'D4'},{'D2'},{'R3'},{'D1'},{'R2'},{'R1'},{'R4'},{'R5'},&,1.0,&
{'D5'},{'D3'},{'D4'},{'D2'},{'R3'},{'D1'},{'R1'},{'R2'},{'R5'},{'R4'},&,1.0,&
{'D5'},{'D3'},{'D4'},{'D1'},{'D2'},{'R1'},{'R2'},{'R5'},{'R3'},{'R4'},&,14.0,&
{'D5'},{'D3'},{'D4'},{'D1'},{'D2'},{'R1'},{'R2'},{'R5'},{'R4'},{'R3'},&,6.0,&
{'D5'},{'D3'},{'D4'},{'D1'},{'D2'},{'R1'},{'R2'},{'R4'},{'R5'},{'R3'},&,1.0,&
{'D5'},{'D3'},{'D4'},{'D1'},{'D2'},{'R1'},{'R2'},{'R3'},{'R4'},{'R5'},&,1.0,&
{'D5'},{'D3'},{'D4'},{'D1'},{'D2'},{'R1'},{'R2'},{'R3'},{'R5'},{'R4'},&,14.0,&
{'D5'},{'D3'},{'D4'},{'D1'},{'D2'},{'R1'},{'R5'},{'R2'},{'R3'},{'R4'},&,1.0,&
{'D5'},{'D3'},{'D4'},{'D1'},{'D2'},{'R1'},{'R5'},{'R2'},{'R4'},{'R3'},&,1.0,&
{'D5'},{'D3'},{'D4'},{'D1'},{'D2'},{'R1'},{'R3'},{'R2'},{'R5'},{'R4'},&,1.0,&
{'D5'},{'D3'},{'D4'},{'D1'},{'D2'},{'R2'},{'R5'},{'R1'},{'R3'},{'R4'},&,5.0,&
{'D5'},{'D3'},{'D4'},{'D1'},{'D2'},{'R2'},{'R5'},{'R1'},{'R4'},{'R3'},&,5.0,&
{'D5'},{'D3'},{'D4'},{'D1'},{'D2'},{'R2'},{'R1'},{'R5'},{'R3'},{'R4'},&,17.0,&
{'D5'},{'D3'},{'D4'},{'D1'},{'D2'},{'R2'},{'R1'},{'R5'},{'R4'},{'R3'},&,10.0,&
{'D5'},{'D3'},{'D4'},{'D1'},{'D2'},{'R2'},{'R1'},{'R4'},{'R3'},{'R5'},&,1.0,&
{'D5'},{'D3'},{'D4'},{'D1'},{'D2'},{'R2'},{'R1'},{'R4'},{'R5'},{'R3'},&,3.0,&
{'D5'},{'D3'},{'D4'},{'D1'},{'D2'},{'R2'},{'R1'},{'R3'},{'R4'},{'R5'},&,2.0,&
{'D5'},{'D3'},{'D4'},{'D1'},{'D2'},{'R2'},{'R1'},{'R3'},{'R5'},{'R4'},&,13.0,&
{'D5'},{'D3'},{'D4'},{'D1'},{'D2'},{'R2'},{'R3'},{'R1'},{'R5'},{'R4'},&,1.0,&
{'D5'},{'D3'},{'D4'},{'D1'},{'D2'},{'R2'},{'R3'},{'R4'},{'R1'},{'R5'},&,1.0,&
{'D5'},{'D3'},{'D4'},{'D1'},{'D2'},{'R5'},{'R2'},{'R1'},{'R3'},{'R4'},&,4.0,&
{'D5'},{'D3'},{'D4'},{'D1'},{'D2'},{'R5'},{'R2'},{'R1'},{'R4'},{'R3'},&,1.0,&
{'D5'},{'D3'},{'D4'},{'D1'},{'D2'},{'R5'},{'R1'},{'R2'},{'R3'},{'R4'},&,1.0,&
{'D5'},{'D3'},{'D4'},{'D1'},{'D2'},{'R5'},{'R1'},{'R2'},{'R4'},{'R3'},&,1.0,&
{'D5'},{'D3'},{'D4'},{'D1'},{'D2'},{'R5'},{'R1'},{'R3'},{'R4'},{'R2'},&,1.0,&
{'D5'},{'D3'},{'D4'},{'D1'},{'D2'},{'R4'},{'R2'},{'R1'},{'R3'},{'R5'},&,1.0,&
{'D5'},{'D3'},{'D4'},{'D1'},{'D2'},{'R4'},{'R2'},{'R1'},{'R5'},{'R3'},&,1.0,&
{'D5'},{'D3'},{'D4'},{'D1'},{'D2'},{'R4'},{'R2'},{'R5'},{'R3'},{'R1'},&,1.0,&
{'D5'},{'D3'},{'D4'},{'D1'},{'D2'},{'R3'},{'R2'},{'R5'},{'R1'},{'R4'},&,1.0,&
{'D5'},{'D3'},{'D4'},{'D1'},{'D2'},{'R3'},{'R5'},{'R2'},{'R1'},{'R4'},&,1.0,&
{'D5'},{'D3'},{'D4'},{'D1'},{'D2'},{'R3'},{'R1'},{'R2'},{'R5'},{'R4'},&,1.0,&
{'D5'},{'D3'},{'D4'},{'D1'},{'R1'},{'D2'},{'R2'},{'R5'},{'R3'},{'R4'},&,2.0,&
{'D5'},{'D3'},{'D4'},{'D1'},{'R1'},{'D2'},{'R2'},{'R3'},{'R4'},{'R5'},&,1.0,&
{'D5'},{'D3'},{'D4'},{'D1'},{'R1'},{'D2'},{'R2'},{'R3'},{'R5'},{'R4'},&,1.0,&
{'D5'},{'D3'},{'D4'},{'D1'},{'R5'},{'R1'},{'D2'},{'R2'},{'R3'},{'R4'},&,1.0,&
{'D5'},{'D3'},{'D4'},{'D1'},{'R5'},{'R2'},{'D2'},{'R1'},{'R3'},{'R4'},&,1.0,&
{'D5'},{'D3'},{'D4'},{'D1'},{'R5'},{'D2'},{'R2'},{'R1'},{'R3'},{'R4'},&,1.0,&
{'D5'},{'D3'},{'D4'},{'D1'},{'R5'},{'D2'},{'R1'},{'R2'},{'R4'},{'R3'},&,1.0,&
{'D5'},{'D3'},{'D4'},{'D1'},{'R2'},{'D2'},{'R1'},{'R5'},{'R3'},{'R4'},&,2.0,&
{'D5'},{'D3'},{'D4'},{'D1'},{'R2'},{'D2'},{'R1'},{'R3'},{'R4'},{'R5'},&,1.0,&
{'D5'},{'D3'},{'D4'},{'D1'},{'R2'},{'D2'},{'R1'},{'R3'},{'R5'},{'R4'},&,1.0,&
{'D5'},{'D3'},{'D4'},{'D1'},{'R2'},{'D2'},{'R3'},{'R1'},{'R5'},{'R4'},&,1.0,&
{'D5'},{'D3'},{'D4'},{'D1'},{'R3'},{'D2'},{'R1'},{'R2'},{'R5'},{'R4'},&,1.0,&
{'D5'},{'D3'},{'D4'},{'D1'},{'R4'},{'D2'},{'R1'},{'R2'},{'R5'},{'R3'},&,1.0,&
{'D5'},{'D3'},{'D4'},{'R2'},{'D2'},{'D1'},{'R5'},{'R1'},{'R3'},{'R4'},&,3.0,&
{'D5'},{'D3'},{'D4'},{'R2'},{'D2'},{'D1'},{'R5'},{'R3'},{'R1'},{'R4'},&,1.0,&
{'D5'},{'D3'},{'D4'},{'R2'},{'D2'},{'D1'},{'R1'},{'R5'},{'R3'},{'R4'},&,6.0,&
{'D5'},{'D3'},{'D4'},{'R2'},{'D2'},{'D1'},{'R1'},{'R5'},{'R4'},{'R3'},&,1.0,&
{'D5'},{'D3'},{'D4'},{'R2'},{'D2'},{'D1'},{'R1'},{'R4'},{'R3'},{'R5'},&,1.0,&
{'D5'},{'D3'},{'D4'},{'R2'},{'D2'},{'D1'},{'R1'},{'R4'},{'R5'},{'R3'},&,1.0,&
{'D5'},{'D3'},{'D4'},{'R2'},{'D2'},{'D1'},{'R1'},{'R3'},{'R5'},{'R4'},&,2.0,&
{'D5'},{'D3'},{'D4'},{'R2'},{'D2'},{'D1'},{'R3'},{'R1'},{'R5'},{'R4'},&,1.0,&
{'D5'},{'D3'},{'D4'},{'R2'},{'D2'},{'D1'},{'R4'},{'R1'},{'R3'},{'R5'},&,1.0,&
{'D5'},{'D3'},{'D4'},{'R2'},{'D2'},{'R1'},{'D1'},{'R5'},{'R3'},{'R4'},&,1.0,&
{'D5'},{'D3'},{'D4'},{'R2'},{'D2'},{'R1'},{'D1'},{'R4'},{'R3'},{'R5'},&,1.0,&
{'D5'},{'D3'},{'D4'},{'R2'},{'D2'},{'R1'},{'D1'},{'R4'},{'R5'},{'R3'},&,1.0,&
{'D5'},{'D3'},{'D4'},{'R2'},{'D1'},{'D2'},{'R1'},{'R5'},{'R3'},{'R4'},&,1.0,&
{'D5'},{'D3'},{'D4'},{'R2'},{'D1'},{'D2'},{'R1'},{'R5'},{'R4'},{'R3'},&,1.0,&
{'D5'},{'D3'},{'D4'},{'R2'},{'D1'},{'D2'},{'R1'},{'R4'},{'R5'},{'R3'},&,2.0,&
{'D5'},{'D3'},{'D4'},{'R2'},{'D1'},{'D2'},{'R1'},{'R3'},{'R5'},{'R4'},&,1.0,&
{'D5'},{'D3'},{'D4'},{'R2'},{'D1'},{'D2'},{'R3'},{'R1'},{'R5'},{'R4'},&,1.0,&
{'D5'},{'D3'},{'D4'},{'R2'},{'R1'},{'D2'},{'D1'},{'R5'},{'R3'},{'R4'},&,1.0,&
{'D5'},{'D3'},{'D4'},{'R2'},{'R1'},{'D2'},{'D1'},{'R5'},{'R4'},{'R3'},&,1.0,&
{'D5'},{'D3'},{'D4'},{'R2'},{'R5'},{'D2'},{'D1'},{'R1'},{'R3'},{'R4'},&,1.0,&
{'D5'},{'D3'},{'D4'},{'R2'},{'R3'},{'D2'},{'D1'},{'R1'},{'R5'},{'R4'},&,1.0,&
{'D5'},{'D3'},{'D4'},{'R5'},{'D2'},{'D1'},{'R1'},{'R2'},{'R3'},{'R4'},&,2.0,&
{'D5'},{'D3'},{'D4'},{'R5'},{'R2'},{'D1'},{'R1'},{'D2'},{'R4'},{'R3'},&,1.0,&
{'D5'},{'D3'},{'D4'},{'R5'},{'R2'},{'D1'},{'D2'},{'R1'},{'R4'},{'R3'},&,1.0,&
{'D5'},{'D3'},{'D4'},{'R1'},{'D2'},{'D1'},{'R2'},{'R5'},{'R3'},{'R4'},&,7.0,&
{'D5'},{'D3'},{'D4'},{'R1'},{'D2'},{'D1'},{'R2'},{'R5'},{'R4'},{'R3'},&,1.0,&
{'D5'},{'D3'},{'D4'},{'R1'},{'D2'},{'D1'},{'R2'},{'R3'},{'R5'},{'R4'},&,2.0,&
{'D5'},{'D3'},{'D4'},{'R1'},{'D2'},{'D1'},{'R5'},{'R2'},{'R3'},{'R4'},&,1.0,&
{'D5'},{'D3'},{'D4'},{'R1'},{'D2'},{'R2'},{'D1'},{'R5'},{'R3'},{'R4'},&,1.0,&
{'D5'},{'D3'},{'D4'},{'R1'},{'D2'},{'R2'},{'D1'},{'R3'},{'R5'},{'R4'},&,1.0,&
{'D5'},{'D3'},{'D4'},{'R1'},{'D1'},{'R2'},{'D2'},{'R5'},{'R3'},{'R4'},&,1.0,&
{'D5'},{'D3'},{'D4'},{'R1'},{'D1'},{'D2'},{'R2'},{'R5'},{'R3'},{'R4'},&,1.0,&
{'D5'},{'D3'},{'D4'},{'R1'},{'D1'},{'D2'},{'R2'},{'R4'},{'R5'},{'R3'},&,1.0,&
{'D5'},{'D3'},{'D4'},{'R1'},{'D1'},{'D2'},{'R5'},{'R2'},{'R3'},{'R4'},&,1.0,&
{'D5'},{'D3'},{'D4'},{'R1'},{'R2'},{'D1'},{'D2'},{'R5'},{'R4'},{'R3'},&,1.0,&
{'D5'},{'D3'},{'D4'},{'R1'},{'R2'},{'R3'},{'D1'},{'D2'},{'R5'},{'R4'},&,1.0,&
{'D5'},{'D3'},{'D4'},{'R1'},{'R2'},{'D2'},{'D1'},{'R5'},{'R3'},{'R4'},&,2.0,&
{'D5'},{'D3'},{'D4'},{'R1'},{'R3'},{'D2'},{'D1'},{'R2'},{'R5'},{'R4'},&,1.0,&
{'D5'},{'D3'},{'D4'},{'R3'},{'D2'},{'D1'},{'R2'},{'R5'},{'R1'},{'R4'},&,1.0,&
{'D5'},{'D3'},{'D4'},{'R3'},{'D1'},{'D2'},{'R1'},{'R2'},{'R5'},{'R4'},&,2.0,&
{'D5'},{'D3'},{'R2'},{'D4'},{'D2'},{'D1'},{'R5'},{'R1'},{'R3'},{'R4'},&,3.0,&
{'D5'},{'D3'},{'R2'},{'D4'},{'D2'},{'D1'},{'R5'},{'R1'},{'R4'},{'R3'},&,1.0,&
{'D5'},{'D3'},{'R2'},{'D4'},{'D2'},{'D1'},{'R1'},{'R5'},{'R3'},{'R4'},&,9.0,&
{'D5'},{'D3'},{'R2'},{'D4'},{'D2'},{'D1'},{'R1'},{'R5'},{'R4'},{'R3'},&,2.0,&
{'D5'},{'D3'},{'R2'},{'D4'},{'D2'},{'D1'},{'R1'},{'R4'},{'R5'},{'R3'},&,1.0,&
{'D5'},{'D3'},{'R2'},{'D4'},{'D2'},{'D1'},{'R1'},{'R3'},{'R4'},{'R5'},&,2.0,&
{'D5'},{'D3'},{'R2'},{'D4'},{'D2'},{'D1'},{'R1'},{'R3'},{'R5'},{'R4'},&,3.0,&
{'D5'},{'D3'},{'R2'},{'D4'},{'D2'},{'D1'},{'R4'},{'R1'},{'R5'},{'R3'},&,1.0,&
{'D5'},{'D3'},{'R2'},{'D4'},{'D2'},{'R3'},{'D1'},{'R1'},{'R5'},{'R4'},&,1.0,&
{'D5'},{'D3'},{'R2'},{'D4'},{'D1'},{'D2'},{'R5'},{'R1'},{'R3'},{'R4'},&,1.0,&
{'D5'},{'D3'},{'R2'},{'D4'},{'D1'},{'D2'},{'R5'},{'R3'},{'R1'},{'R4'},&,1.0,&
{'D5'},{'D3'},{'R2'},{'D4'},{'D1'},{'D2'},{'R1'},{'R5'},{'R3'},{'R4'},&,5.0,&
{'D5'},{'D3'},{'R2'},{'D4'},{'D1'},{'D2'},{'R1'},{'R5'},{'R4'},{'R3'},&,2.0,&
{'D5'},{'D3'},{'R2'},{'D4'},{'D1'},{'D2'},{'R1'},{'R3'},{'R5'},{'R4'},&,1.0,&
{'D5'},{'D3'},{'R2'},{'D4'},{'R1'},{'D1'},{'D2'},{'R5'},{'R3'},{'R4'},&,1.0,&
{'D5'},{'D3'},{'R2'},{'D2'},{'D1'},{'R1'},{'R5'},{'R3'},{'D4'},{'R4'},&,1.0,&
{'D5'},{'D3'},{'R2'},{'D2'},{'D4'},{'D1'},{'R5'},{'R1'},{'R3'},{'R4'},&,2.0,&
{'D5'},{'D3'},{'R2'},{'D2'},{'D4'},{'D1'},{'R1'},{'R5'},{'R3'},{'R4'},&,2.0,&
{'D5'},{'D3'},{'R2'},{'D2'},{'D4'},{'D1'},{'R1'},{'R5'},{'R4'},{'R3'},&,1.0,&
{'D5'},{'D3'},{'R2'},{'D2'},{'D4'},{'D1'},{'R1'},{'R4'},{'R5'},{'R3'},&,1.0,&
{'D5'},{'D3'},{'R2'},{'D2'},{'D4'},{'R1'},{'R3'},{'D1'},{'R5'},{'R4'},&,1.0,&
{'D5'},{'D3'},{'R2'},{'D2'},{'D4'},{'R5'},{'D1'},{'R1'},{'R3'},{'R4'},&,1.0,&
{'D5'},{'D3'},{'R2'},{'D1'},{'D2'},{'D4'},{'R1'},{'R5'},{'R3'},{'R4'},&,2.0,&
{'D5'},{'D3'},{'R2'},{'D1'},{'D2'},{'D4'},{'R1'},{'R5'},{'R4'},{'R3'},&,1.0,&
{'D5'},{'D3'},{'R2'},{'D1'},{'D4'},{'R1'},{'D2'},{'R5'},{'R3'},{'R4'},&,2.0,&
{'D5'},{'D3'},{'R2'},{'D1'},{'D4'},{'D2'},{'R5'},{'R1'},{'R3'},{'R4'},&,1.0,&
{'D5'},{'D3'},{'R2'},{'D1'},{'D4'},{'D2'},{'R5'},{'R1'},{'R4'},{'R3'},&,1.0,&
{'D5'},{'D3'},{'R2'},{'D1'},{'D4'},{'D2'},{'R1'},{'R5'},{'R3'},{'R4'},&,2.0,&
{'D5'},{'D3'},{'R2'},{'D1'},{'D4'},{'D2'},{'R1'},{'R5'},{'R4'},{'R3'},&,3.0,&
{'D5'},{'D3'},{'R2'},{'D1'},{'D4'},{'D2'},{'R1'},{'R4'},{'R5'},{'R3'},&,1.0,&
{'D5'},{'D3'},{'R2'},{'D1'},{'D4'},{'D2'},{'R3'},{'R1'},{'R5'},{'R4'},&,2.0,&
{'D5'},{'D3'},{'R2'},{'R5'},{'R1'},{'D2'},{'R3'},{'D4'},{'D1'},{'R4'},&,1.0,&
{'D5'},{'D3'},{'R2'},{'R1'},{'D2'},{'D4'},{'D1'},{'R5'},{'R4'},{'R3'},&,1.0,&
{'D5'},{'D3'},{'R2'},{'R1'},{'D4'},{'D2'},{'R5'},{'D1'},{'R3'},{'R4'},&,1.0,&
{'D5'},{'D3'},{'R2'},{'R1'},{'R3'},{'D2'},{'D4'},{'D1'},{'R5'},{'R4'},&,1.0,&
{'D5'},{'D3'},{'R2'},{'R4'},{'R1'},{'R5'},{'R3'},{'D1'},{'D2'},{'D4'},&,1.0,&
{'D5'},{'D3'},{'R1'},{'D4'},{'D2'},{'D1'},{'R2'},{'R5'},{'R3'},{'R4'},&,3.0,&
{'D5'},{'D3'},{'R1'},{'D4'},{'D2'},{'D1'},{'R2'},{'R5'},{'R4'},{'R3'},&,1.0,&
{'D5'},{'D3'},{'R1'},{'D4'},{'D2'},{'D1'},{'R2'},{'R3'},{'R5'},{'R4'},&,3.0,&
{'D5'},{'D3'},{'R1'},{'D4'},{'D2'},{'D1'},{'R5'},{'R2'},{'R3'},{'R4'},&,1.0,&
{'D5'},{'D3'},{'R1'},{'D4'},{'D2'},{'R2'},{'D1'},{'R3'},{'R4'},{'R5'},&,1.0,&
{'D5'},{'D3'},{'R1'},{'D4'},{'D1'},{'R2'},{'D2'},{'R5'},{'R3'},{'R4'},&,2.0,&
{'D5'},{'D3'},{'R1'},{'D4'},{'D1'},{'D2'},{'R2'},{'R5'},{'R3'},{'R4'},&,7.0,&
{'D5'},{'D3'},{'R1'},{'D4'},{'D1'},{'D2'},{'R2'},{'R4'},{'R5'},{'R3'},&,1.0,&
{'D5'},{'D3'},{'R1'},{'D4'},{'D1'},{'D2'},{'R2'},{'R3'},{'R4'},{'R5'},&,1.0,&
{'D5'},{'D3'},{'R1'},{'D4'},{'D1'},{'D2'},{'R5'},{'R2'},{'R3'},{'R4'},&,1.0,&
{'D5'},{'D3'},{'R1'},{'D4'},{'R2'},{'R5'},{'D2'},{'D1'},{'R3'},{'R4'},&,1.0,&
{'D5'},{'D3'},{'R1'},{'D4'},{'R2'},{'R4'},{'D2'},{'D1'},{'R3'},{'R5'},&,1.0,&
{'D5'},{'D3'},{'R1'},{'D4'},{'R2'},{'D2'},{'R3'},{'D1'},{'R5'},{'R4'},&,1.0,&
{'D5'},{'D3'},{'R1'},{'D2'},{'D4'},{'D1'},{'R2'},{'R5'},{'R3'},{'R4'},&,2.0,&
{'D5'},{'D3'},{'R1'},{'D2'},{'D4'},{'D1'},{'R2'},{'R3'},{'R4'},{'R5'},&,1.0,&
{'D5'},{'D3'},{'R1'},{'D2'},{'D4'},{'D1'},{'R2'},{'R3'},{'R5'},{'R4'},&,1.0,&
{'D5'},{'D3'},{'R1'},{'D2'},{'D4'},{'D1'},{'R3'},{'R5'},{'R2'},{'R4'},&,1.0,&
{'D5'},{'D3'},{'R1'},{'D2'},{'D4'},{'D1'},{'R3'},{'R2'},{'R4'},{'R5'},&,1.0,&
{'D5'},{'D3'},{'R1'},{'D2'},{'R2'},{'R3'},{'D4'},{'D1'},{'R5'},{'R4'},&,1.0,&
{'D5'},{'D3'},{'R1'},{'D2'},{'R2'},{'D4'},{'D1'},{'R5'},{'R4'},{'R3'},&,1.0,&
{'D5'},{'D3'},{'R1'},{'D1'},{'D2'},{'D4'},{'R2'},{'R5'},{'R3'},{'R4'},&,1.0,&
{'D5'},{'D3'},{'R1'},{'D1'},{'D2'},{'D4'},{'R2'},{'R5'},{'R4'},{'R3'},&,1.0,&
{'D5'},{'D3'},{'R1'},{'D1'},{'D4'},{'R2'},{'D2'},{'R4'},{'R5'},{'R3'},&,1.0,&
{'D5'},{'D3'},{'R1'},{'D1'},{'D4'},{'D2'},{'R2'},{'R5'},{'R3'},{'R4'},&,2.0,&
{'D5'},{'D3'},{'R1'},{'D1'},{'D4'},{'D2'},{'R2'},{'R5'},{'R4'},{'R3'},&,1.0,&
{'D5'},{'D3'},{'R1'},{'R2'},{'D4'},{'D1'},{'D2'},{'R5'},{'R3'},{'R4'},&,1.0,&
{'D5'},{'D3'},{'R1'},{'R2'},{'D4'},{'R4'},{'D2'},{'D1'},{'R5'},{'R3'},&,1.0,&
{'D5'},{'D3'},{'R1'},{'R2'},{'R3'},{'D4'},{'R5'},{'D1'},{'D2'},{'R4'},&,1.0,&
{'D5'},{'D3'},{'R1'},{'R2'},{'R4'},{'D1'},{'R3'},{'R5'},{'D2'},{'D4'},&,1.0,&
{'D5'},{'D3'},{'R1'},{'R4'},{'R2'},{'D2'},{'R5'},{'R3'},{'D1'},{'D4'},&,1.0,&
{'D5'},{'D3'},{'R5'},{'D4'},{'D2'},{'D1'},{'R1'},{'R2'},{'R3'},{'R4'},&,2.0,&
{'D5'},{'D3'},{'R5'},{'D4'},{'D1'},{'D2'},{'R2'},{'R1'},{'R4'},{'R3'},&,1.0,&
{'D5'},{'D3'},{'R5'},{'D2'},{'D4'},{'D1'},{'R2'},{'R1'},{'R3'},{'R4'},&,1.0,&
{'D5'},{'D3'},{'R5'},{'R1'},{'R2'},{'R4'},{'D4'},{'D1'},{'D2'},{'R3'},&,1.0,&
{'D5'},{'D3'},{'R5'},{'R4'},{'R2'},{'R1'},{'R3'},{'D4'},{'D1'},{'D2'},&,1.0,&
{'D5'},{'D3'},{'R3'},{'D4'},{'D2'},{'D1'},{'R1'},{'R5'},{'R2'},{'R4'},&,1.0,&
{'D5'},{'D3'},{'R3'},{'D4'},{'D2'},{'R2'},{'D1'},{'R1'},{'R5'},{'R4'},&,1.0,&
{'D5'},{'D3'},{'R3'},{'D4'},{'D1'},{'D2'},{'R2'},{'R5'},{'R1'},{'R4'},&,1.0,&
{'D5'},{'D3'},{'R3'},{'D1'},{'D4'},{'D2'},{'R2'},{'R1'},{'R4'},{'R5'},&,1.0,&
{'D5'},{'D3'},{'R3'},{'D1'},{'D4'},{'D2'},{'R1'},{'R2'},{'R5'},{'R4'},&,1.0,&
{'D5'},{'D3'},{'R4'},{'D4'},{'D1'},{'D2'},{'R2'},{'R5'},{'R1'},{'R3'},&,1.0,&
{'D5'},{'D3'},{'R4'},{'D2'},{'D4'},{'D1'},{'R2'},{'R3'},{'R1'},{'R5'},&,1.0,&
{'D5'},{'D3'},{'R4'},{'D1'},{'D2'},{'D4'},{'R2'},{'R1'},{'R3'},{'R5'},&,1.0,&
{'D5'},{'D2'},{'D3'},{'D4'},{'D1'},{'R1'},{'R2'},{'R5'},{'R3'},{'R4'},&,6.0,&
{'D5'},{'D2'},{'D3'},{'D4'},{'D1'},{'R1'},{'R2'},{'R5'},{'R4'},{'R3'},&,2.0,&
{'D5'},{'D2'},{'D3'},{'D4'},{'D1'},{'R1'},{'R2'},{'R4'},{'R3'},{'R5'},&,2.0,&
{'D5'},{'D2'},{'D3'},{'D4'},{'D1'},{'R1'},{'R2'},{'R3'},{'R4'},{'R5'},&,1.0,&
{'D5'},{'D2'},{'D3'},{'D4'},{'D1'},{'R1'},{'R2'},{'R3'},{'R5'},{'R4'},&,5.0,&
{'D5'},{'D2'},{'D3'},{'D4'},{'D1'},{'R2'},{'R5'},{'R1'},{'R3'},{'R4'},&,4.0,&
{'D5'},{'D2'},{'D3'},{'D4'},{'D1'},{'R2'},{'R5'},{'R1'},{'R4'},{'R3'},&,2.0,&
{'D5'},{'D2'},{'D3'},{'D4'},{'D1'},{'R2'},{'R1'},{'R5'},{'R3'},{'R4'},&,12.0,&
{'D5'},{'D2'},{'D3'},{'D4'},{'D1'},{'R2'},{'R1'},{'R5'},{'R4'},{'R3'},&,1.0,&
{'D5'},{'D2'},{'D3'},{'D4'},{'D1'},{'R2'},{'R1'},{'R4'},{'R3'},{'R5'},&,2.0,&
{'D5'},{'D2'},{'D3'},{'D4'},{'D1'},{'R2'},{'R1'},{'R3'},{'R5'},{'R4'},&,6.0,&
{'D5'},{'D2'},{'D3'},{'D4'},{'D1'},{'R2'},{'R3'},{'R1'},{'R5'},{'R4'},&,1.0,&
{'D5'},{'D2'},{'D3'},{'D4'},{'D1'},{'R2'},{'R3'},{'R5'},{'R1'},{'R4'},&,1.0,&
{'D5'},{'D2'},{'D3'},{'D4'},{'D1'},{'R5'},{'R2'},{'R1'},{'R3'},{'R4'},&,2.0,&
{'D5'},{'D2'},{'D3'},{'D4'},{'D1'},{'R5'},{'R1'},{'R2'},{'R3'},{'R4'},&,1.0,&
{'D5'},{'D2'},{'D3'},{'D4'},{'D1'},{'R5'},{'R1'},{'R2'},{'R4'},{'R3'},&,1.0,&
{'D5'},{'D2'},{'D3'},{'D4'},{'D1'},{'R5'},{'R1'},{'R3'},{'R2'},{'R4'},&,1.0,&
{'D5'},{'D2'},{'D3'},{'D4'},{'D1'},{'R4'},{'R2'},{'R1'},{'R3'},{'R5'},&,1.0,&
{'D5'},{'D2'},{'D3'},{'D4'},{'D1'},{'R3'},{'R1'},{'R2'},{'R4'},{'R5'},&,1.0,&
{'D5'},{'D2'},{'D3'},{'D4'},{'D1'},{'R3'},{'R1'},{'R2'},{'R5'},{'R4'},&,1.0,&
{'D5'},{'D2'},{'D3'},{'D4'},{'R1'},{'D1'},{'R2'},{'R5'},{'R4'},{'R3'},&,2.0,&
{'D5'},{'D2'},{'D3'},{'D4'},{'R1'},{'D1'},{'R2'},{'R4'},{'R5'},{'R3'},&,1.0,&
{'D5'},{'D2'},{'D3'},{'D4'},{'R1'},{'D1'},{'R2'},{'R3'},{'R5'},{'R4'},&,1.0,&
{'D5'},{'D2'},{'D3'},{'D4'},{'R1'},{'D1'},{'R5'},{'R2'},{'R3'},{'R4'},&,1.0,&
{'D5'},{'D2'},{'D3'},{'D4'},{'R1'},{'R2'},{'R5'},{'D1'},{'R4'},{'R3'},&,1.0,&
{'D5'},{'D2'},{'D3'},{'D4'},{'R2'},{'D1'},{'R5'},{'R1'},{'R3'},{'R4'},&,1.0,&
{'D5'},{'D2'},{'D3'},{'D4'},{'R2'},{'D1'},{'R5'},{'R1'},{'R4'},{'R3'},&,1.0,&
{'D5'},{'D2'},{'D3'},{'D4'},{'R2'},{'D1'},{'R1'},{'R5'},{'R3'},{'R4'},&,1.0,&
{'D5'},{'D2'},{'D3'},{'D4'},{'R2'},{'D1'},{'R1'},{'R3'},{'R4'},{'R5'},&,1.0,&
{'D5'},{'D2'},{'D3'},{'D4'},{'R2'},{'D1'},{'R1'},{'R3'},{'R5'},{'R4'},&,1.0,&
{'D5'},{'D2'},{'D3'},{'D4'},{'R2'},{'R1'},{'D1'},{'R5'},{'R3'},{'R4'},&,1.0,&
{'D5'},{'D2'},{'D3'},{'D4'},{'R3'},{'D1'},{'R2'},{'R5'},{'R1'},{'R4'},&,1.0,&
{'D5'},{'D2'},{'D3'},{'D4'},{'R3'},{'D1'},{'R1'},{'R5'},{'R2'},{'R4'},&,1.0,&
{'D5'},{'D2'},{'D3'},{'D1'},{'R1'},{'D4'},{'R2'},{'R5'},{'R3'},{'R4'},&,1.0,&
{'D5'},{'D2'},{'D3'},{'D1'},{'D4'},{'R1'},{'R2'},{'R5'},{'R3'},{'R4'},&,3.0,&
{'D5'},{'D2'},{'D3'},{'D1'},{'D4'},{'R1'},{'R2'},{'R3'},{'R5'},{'R4'},&,1.0,&
{'D5'},{'D2'},{'D3'},{'D1'},{'D4'},{'R1'},{'R3'},{'R2'},{'R4'},{'R5'},&,1.0,&
{'D5'},{'D2'},{'D3'},{'D1'},{'D4'},{'R2'},{'R5'},{'R1'},{'R3'},{'R4'},&,1.0,&
{'D5'},{'D2'},{'D3'},{'D1'},{'D4'},{'R2'},{'R1'},{'R5'},{'R3'},{'R4'},&,3.0,&
{'D5'},{'D2'},{'D3'},{'D1'},{'D4'},{'R2'},{'R1'},{'R4'},{'R5'},{'R3'},&,1.0,&
{'D5'},{'D2'},{'D3'},{'D1'},{'D4'},{'R4'},{'R5'},{'R2'},{'R1'},{'R3'},&,1.0,&
{'D5'},{'D2'},{'D3'},{'D1'},{'D4'},{'R3'},{'R2'},{'R1'},{'R5'},{'R4'},&,1.0,&
{'D5'},{'D2'},{'D3'},{'D1'},{'R2'},{'R1'},{'R5'},{'D4'},{'R4'},{'R3'},&,1.0,&
{'D5'},{'D2'},{'D3'},{'D1'},{'R2'},{'R1'},{'D4'},{'R5'},{'R3'},{'R4'},&,1.0,&
{'D5'},{'D2'},{'D3'},{'D1'},{'R2'},{'D4'},{'R1'},{'R5'},{'R3'},{'R4'},&,1.0,&
{'D5'},{'D2'},{'D3'},{'D1'},{'R2'},{'D4'},{'R1'},{'R3'},{'R5'},{'R4'},&,1.0,&
{'D5'},{'D2'},{'D3'},{'R2'},{'D1'},{'R1'},{'D4'},{'R4'},{'R3'},{'R5'},&,1.0,&
{'D5'},{'D2'},{'D3'},{'R2'},{'D1'},{'D4'},{'R5'},{'R1'},{'R3'},{'R4'},&,1.0,&
{'D5'},{'D2'},{'D3'},{'R2'},{'D1'},{'D4'},{'R5'},{'R1'},{'R4'},{'R3'},&,1.0,&
{'D5'},{'D2'},{'D3'},{'R2'},{'D1'},{'D4'},{'R1'},{'R5'},{'R3'},{'R4'},&,1.0,&
{'D5'},{'D2'},{'D3'},{'R2'},{'D1'},{'D4'},{'R1'},{'R4'},{'R5'},{'R3'},&,1.0,&
{'D5'},{'D2'},{'D3'},{'R2'},{'R1'},{'D4'},{'D1'},{'R4'},{'R3'},{'R5'},&,1.0,&
{'D5'},{'D2'},{'D3'},{'R2'},{'R1'},{'D4'},{'D1'},{'R3'},{'R4'},{'R5'},&,1.0,&
{'D5'},{'D2'},{'D3'},{'R2'},{'D4'},{'D1'},{'R5'},{'R1'},{'R3'},{'R4'},&,2.0,&
{'D5'},{'D2'},{'D3'},{'R2'},{'D4'},{'D1'},{'R5'},{'R1'},{'R4'},{'R3'},&,1.0,&
{'D5'},{'D2'},{'D3'},{'R2'},{'D4'},{'D1'},{'R1'},{'R5'},{'R3'},{'R4'},&,2.0,&
{'D5'},{'D2'},{'D3'},{'R2'},{'D4'},{'D1'},{'R1'},{'R3'},{'R5'},{'R4'},&,2.0,&
{'D5'},{'D2'},{'D3'},{'R2'},{'D4'},{'R3'},{'D1'},{'R1'},{'R5'},{'R4'},&,1.0,&
{'D5'},{'D2'},{'D3'},{'R5'},{'D4'},{'R1'},{'D1'},{'R2'},{'R3'},{'R4'},&,1.0,&
{'D5'},{'D2'},{'D3'},{'R1'},{'D4'},{'D1'},{'R2'},{'R3'},{'R5'},{'R4'},&,1.0,&
{'D5'},{'D2'},{'D1'},{'D4'},{'D3'},{'R2'},{'R5'},{'R1'},{'R3'},{'R4'},&,1.0,&
{'D5'},{'D2'},{'D1'},{'D4'},{'D3'},{'R2'},{'R1'},{'R5'},{'R3'},{'R4'},&,3.0,&
{'D5'},{'D2'},{'D1'},{'D4'},{'D3'},{'R2'},{'R1'},{'R5'},{'R4'},{'R3'},&,1.0,&
{'D5'},{'D2'},{'D1'},{'D4'},{'D3'},{'R2'},{'R1'},{'R3'},{'R5'},{'R4'},&,1.0,&
{'D5'},{'D2'},{'D1'},{'D4'},{'D3'},{'R5'},{'R2'},{'R1'},{'R3'},{'R4'},&,1.0,&
{'D5'},{'D2'},{'D1'},{'D3'},{'R1'},{'D4'},{'R2'},{'R5'},{'R3'},{'R4'},&,1.0,&
{'D5'},{'D2'},{'D1'},{'D3'},{'D4'},{'R1'},{'R2'},{'R5'},{'R3'},{'R4'},&,1.0,&
{'D5'},{'D2'},{'D1'},{'D3'},{'D4'},{'R2'},{'R1'},{'R3'},{'R5'},{'R4'},&,1.0,&
{'D5'},{'D2'},{'D1'},{'D3'},{'D4'},{'R2'},{'R4'},{'R1'},{'R5'},{'R3'},&,1.0,&
{'D5'},{'D2'},{'D1'},{'D3'},{'D4'},{'R5'},{'R3'},{'R2'},{'R1'},{'R4'},&,1.0,&
{'D5'},{'D2'},{'D1'},{'D3'},{'R2'},{'D4'},{'R1'},{'R5'},{'R3'},{'R4'},&,1.0,&
{'D5'},{'D2'},{'D1'},{'D3'},{'R2'},{'D4'},{'R1'},{'R5'},{'R4'},{'R3'},&,1.0,&
{'D5'},{'D2'},{'D1'},{'R5'},{'D3'},{'R2'},{'D4'},{'R1'},{'R4'},{'R3'},&,1.0,&
{'D5'},{'D2'},{'D1'},{'R5'},{'D3'},{'D4'},{'R2'},{'R1'},{'R3'},{'R4'},&,1.0,&
{'D5'},{'D2'},{'D4'},{'D3'},{'D1'},{'R1'},{'R2'},{'R5'},{'R3'},{'R4'},&,5.0,&
{'D5'},{'D2'},{'D4'},{'D3'},{'D1'},{'R1'},{'R2'},{'R5'},{'R4'},{'R3'},&,3.0,&
{'D5'},{'D2'},{'D4'},{'D3'},{'D1'},{'R1'},{'R2'},{'R3'},{'R5'},{'R4'},&,5.0,&
{'D5'},{'D2'},{'D4'},{'D3'},{'D1'},{'R1'},{'R5'},{'R2'},{'R3'},{'R4'},&,3.0,&
{'D5'},{'D2'},{'D4'},{'D3'},{'D1'},{'R1'},{'R4'},{'R2'},{'R5'},{'R3'},&,1.0,&
{'D5'},{'D2'},{'D4'},{'D3'},{'D1'},{'R2'},{'R5'},{'R1'},{'R3'},{'R4'},&,3.0,&
{'D5'},{'D2'},{'D4'},{'D3'},{'D1'},{'R2'},{'R5'},{'R3'},{'R1'},{'R4'},&,1.0,&
{'D5'},{'D2'},{'D4'},{'D3'},{'D1'},{'R2'},{'R1'},{'R5'},{'R3'},{'R4'},&,3.0,&
{'D5'},{'D2'},{'D4'},{'D3'},{'D1'},{'R2'},{'R1'},{'R5'},{'R4'},{'R3'},&,4.0,&
{'D5'},{'D2'},{'D4'},{'D3'},{'D1'},{'R2'},{'R1'},{'R3'},{'R4'},{'R5'},&,2.0,&
{'D5'},{'D2'},{'D4'},{'D3'},{'D1'},{'R2'},{'R1'},{'R3'},{'R5'},{'R4'},&,6.0,&
{'D5'},{'D2'},{'D4'},{'D3'},{'D1'},{'R2'},{'R3'},{'R1'},{'R5'},{'R4'},&,2.0,&
{'D5'},{'D2'},{'D4'},{'D3'},{'D1'},{'R2'},{'R4'},{'R3'},{'R5'},{'R1'},&,1.0,&
{'D5'},{'D2'},{'D4'},{'D3'},{'D1'},{'R5'},{'R2'},{'R1'},{'R3'},{'R4'},&,1.0,&
{'D5'},{'D2'},{'D4'},{'D3'},{'D1'},{'R5'},{'R1'},{'R2'},{'R3'},{'R4'},&,2.0,&
{'D5'},{'D2'},{'D4'},{'D3'},{'D1'},{'R5'},{'R1'},{'R2'},{'R4'},{'R3'},&,1.0,&
{'D5'},{'D2'},{'D4'},{'D3'},{'D1'},{'R3'},{'R2'},{'R1'},{'R5'},{'R4'},&,1.0,&
{'D5'},{'D2'},{'D4'},{'D3'},{'R1'},{'D1'},{'R2'},{'R5'},{'R3'},{'R4'},&,2.0,&
{'D5'},{'D2'},{'D4'},{'D3'},{'R1'},{'D1'},{'R2'},{'R4'},{'R3'},{'R5'},&,1.0,&
{'D5'},{'D2'},{'D4'},{'D3'},{'R2'},{'D1'},{'R5'},{'R1'},{'R3'},{'R4'},&,1.0,&
{'D5'},{'D2'},{'D4'},{'D3'},{'R2'},{'D1'},{'R1'},{'R5'},{'R3'},{'R4'},&,3.0,&
{'D5'},{'D2'},{'D4'},{'D3'},{'R2'},{'D1'},{'R1'},{'R4'},{'R5'},{'R3'},&,1.0,&
{'D5'},{'D2'},{'D4'},{'D3'},{'R2'},{'D1'},{'R1'},{'R3'},{'R5'},{'R4'},&,1.0,&
{'D5'},{'D2'},{'D4'},{'D1'},{'D3'},{'R1'},{'R2'},{'R5'},{'R3'},{'R4'},&,1.0,&
{'D5'},{'D2'},{'D4'},{'D1'},{'D3'},{'R1'},{'R2'},{'R3'},{'R5'},{'R4'},&,2.0,&
{'D5'},{'D2'},{'D4'},{'D1'},{'D3'},{'R2'},{'R5'},{'R1'},{'R3'},{'R4'},&,1.0,&
{'D5'},{'D2'},{'D4'},{'D1'},{'D3'},{'R2'},{'R5'},{'R1'},{'R4'},{'R3'},&,1.0,&
{'D5'},{'D2'},{'D4'},{'D1'},{'D3'},{'R2'},{'R1'},{'R5'},{'R3'},{'R4'},&,3.0,&
{'D5'},{'D2'},{'D4'},{'D1'},{'D3'},{'R2'},{'R1'},{'R5'},{'R4'},{'R3'},&,1.0,&
{'D5'},{'D2'},{'D4'},{'D1'},{'D3'},{'R2'},{'R1'},{'R3'},{'R5'},{'R4'},&,3.0,&
{'D5'},{'D2'},{'D4'},{'D1'},{'D3'},{'R2'},{'R3'},{'R1'},{'R5'},{'R4'},&,2.0,&
{'D5'},{'D2'},{'D4'},{'D1'},{'R2'},{'R1'},{'D3'},{'R5'},{'R4'},{'R3'},&,1.0,&
{'D5'},{'D2'},{'D4'},{'D1'},{'R2'},{'D3'},{'R5'},{'R1'},{'R3'},{'R4'},&,1.0,&
{'D5'},{'D2'},{'D4'},{'D1'},{'R2'},{'D3'},{'R1'},{'R5'},{'R3'},{'R4'},&,1.0,&
{'D5'},{'D2'},{'D4'},{'R2'},{'D1'},{'D3'},{'R1'},{'R3'},{'R5'},{'R4'},&,1.0,&
{'D5'},{'D2'},{'D4'},{'R2'},{'R1'},{'D3'},{'D1'},{'R5'},{'R3'},{'R4'},&,1.0,&
{'D5'},{'D2'},{'D4'},{'R2'},{'D3'},{'D1'},{'R1'},{'R5'},{'R3'},{'R4'},&,2.0,&
{'D5'},{'D2'},{'D4'},{'R2'},{'D3'},{'D1'},{'R1'},{'R5'},{'R4'},{'R3'},&,1.0,&
{'D5'},{'D2'},{'D4'},{'R2'},{'D3'},{'R1'},{'D1'},{'R5'},{'R4'},{'R3'},&,1.0,&
{'D5'},{'D2'},{'D4'},{'R2'},{'D3'},{'R1'},{'D1'},{'R4'},{'R5'},{'R3'},&,1.0,&
{'D5'},{'D2'},{'D4'},{'R2'},{'R5'},{'D1'},{'D3'},{'R1'},{'R3'},{'R4'},&,1.0,&
{'D5'},{'D2'},{'D4'},{'R1'},{'D1'},{'R5'},{'D3'},{'R2'},{'R3'},{'R4'},&,1.0,&
{'D5'},{'D2'},{'D4'},{'R1'},{'D1'},{'D3'},{'R3'},{'R2'},{'R5'},{'R4'},&,1.0,&
{'D5'},{'D2'},{'D4'},{'R1'},{'D3'},{'D1'},{'R2'},{'R5'},{'R4'},{'R3'},&,1.0,&
{'D5'},{'D2'},{'D4'},{'R1'},{'D3'},{'D1'},{'R2'},{'R4'},{'R3'},{'R5'},&,1.0,&
{'D5'},{'D2'},{'R2'},{'D4'},{'R1'},{'D1'},{'D3'},{'R3'},{'R5'},{'R4'},&,1.0,&
{'D5'},{'D2'},{'R2'},{'D4'},{'D3'},{'D1'},{'R1'},{'R5'},{'R3'},{'R4'},&,2.0,&
{'D5'},{'D2'},{'R2'},{'D4'},{'D3'},{'D1'},{'R1'},{'R4'},{'R5'},{'R3'},&,2.0,&
{'D5'},{'D2'},{'R2'},{'D4'},{'D3'},{'R5'},{'D1'},{'R3'},{'R1'},{'R4'},&,1.0,&
{'D5'},{'D2'},{'R2'},{'D3'},{'D1'},{'D4'},{'R1'},{'R5'},{'R4'},{'R3'},&,1.0,&
{'D5'},{'D2'},{'R2'},{'D3'},{'R1'},{'D4'},{'D1'},{'R5'},{'R3'},{'R4'},&,1.0,&
{'D5'},{'D2'},{'R2'},{'D3'},{'D4'},{'D1'},{'R5'},{'R1'},{'R3'},{'R4'},&,1.0,&
{'D5'},{'D2'},{'R2'},{'D3'},{'D4'},{'D1'},{'R5'},{'R3'},{'R1'},{'R4'},&,1.0,&
{'D5'},{'D2'},{'R2'},{'D3'},{'D4'},{'D1'},{'R1'},{'R5'},{'R3'},{'R4'},&,1.0,&
{'D5'},{'D2'},{'R2'},{'D3'},{'D4'},{'D1'},{'R1'},{'R3'},{'R5'},{'R4'},&,1.0,&
{'D5'},{'D2'},{'R2'},{'D1'},{'D3'},{'D4'},{'R1'},{'R5'},{'R3'},{'R4'},&,1.0,&
{'D5'},{'D2'},{'R2'},{'R5'},{'D3'},{'D4'},{'D1'},{'R1'},{'R4'},{'R3'},&,1.0,&
{'D5'},{'D2'},{'R2'},{'R1'},{'D4'},{'D3'},{'D1'},{'R5'},{'R3'},{'R4'},&,1.0,&
{'D5'},{'D2'},{'R2'},{'R1'},{'D4'},{'D3'},{'D1'},{'R5'},{'R4'},{'R3'},&,1.0,&
{'D5'},{'D2'},{'R2'},{'R1'},{'D4'},{'D3'},{'D1'},{'R3'},{'R5'},{'R4'},&,1.0,&
{'D5'},{'D2'},{'R2'},{'R1'},{'D3'},{'R3'},{'D4'},{'D1'},{'R5'},{'R4'},&,1.0,&
{'D5'},{'D2'},{'R2'},{'R1'},{'D3'},{'D4'},{'D1'},{'R3'},{'R5'},{'R4'},&,1.0,&
{'D5'},{'D2'},{'R2'},{'R1'},{'R5'},{'R3'},{'R4'},{'D3'},{'D4'},{'D1'},&,1.0,&
{'D5'},{'D2'},{'R2'},{'R1'},{'R3'},{'R4'},{'R5'},{'D1'},{'D3'},{'D4'},&,1.0,&
{'D5'},{'D2'},{'R1'},{'D4'},{'D3'},{'D1'},{'R2'},{'R5'},{'R3'},{'R4'},&,2.0,&
{'D5'},{'D2'},{'R1'},{'D4'},{'D3'},{'D1'},{'R2'},{'R3'},{'R5'},{'R4'},&,1.0,&
{'D5'},{'D2'},{'R1'},{'D4'},{'R2'},{'D1'},{'D3'},{'R5'},{'R3'},{'R4'},&,1.0,&
{'D5'},{'D2'},{'R1'},{'D4'},{'R2'},{'D1'},{'D3'},{'R3'},{'R5'},{'R4'},&,1.0,&
{'D5'},{'D2'},{'R1'},{'D3'},{'D1'},{'D4'},{'R2'},{'R5'},{'R3'},{'R4'},&,1.0,&
{'D5'},{'D2'},{'R1'},{'D3'},{'D4'},{'D1'},{'R2'},{'R5'},{'R3'},{'R4'},&,2.0,&
{'D5'},{'D2'},{'R1'},{'D3'},{'D4'},{'D1'},{'R2'},{'R5'},{'R4'},{'R3'},&,1.0,&
{'D5'},{'D2'},{'R1'},{'D3'},{'R2'},{'D4'},{'D1'},{'R3'},{'R5'},{'R4'},&,1.0,&
{'D5'},{'D2'},{'R1'},{'D1'},{'D4'},{'D3'},{'R2'},{'R3'},{'R4'},{'R5'},&,1.0,&
{'D5'},{'D2'},{'R1'},{'R2'},{'D4'},{'R5'},{'D3'},{'D1'},{'R3'},{'R4'},&,1.0,&
{'D5'},{'D2'},{'R1'},{'R2'},{'D4'},{'D3'},{'D1'},{'R5'},{'R3'},{'R4'},&,1.0,&
{'D5'},{'D2'},{'R5'},{'D1'},{'D4'},{'D3'},{'R1'},{'R2'},{'R3'},{'R4'},&,1.0,&
{'D5'},{'D2'},{'R3'},{'D4'},{'D3'},{'D1'},{'R2'},{'R5'},{'R1'},{'R4'},&,1.0,&
{'D5'},{'D2'},{'R3'},{'D3'},{'D1'},{'D4'},{'R1'},{'R2'},{'R5'},{'R4'},&,1.0,&
{'D5'},{'D2'},{'R3'},{'D3'},{'D4'},{'D1'},{'R1'},{'R2'},{'R5'},{'R4'},&,1.0,&
{'D5'},{'D2'},{'R4'},{'D3'},{'D1'},{'D4'},{'R2'},{'R5'},{'R1'},{'R3'},&,1.0,&
{'D5'},{'D4'},{'D3'},{'D2'},{'D1'},{'R1'},{'R2'},{'R5'},{'R3'},{'R4'},&,21.0,&
{'D5'},{'D4'},{'D3'},{'D2'},{'D1'},{'R1'},{'R2'},{'R5'},{'R4'},{'R3'},&,14.0,&
{'D5'},{'D4'},{'D3'},{'D2'},{'D1'},{'R1'},{'R2'},{'R4'},{'R5'},{'R3'},&,5.0,&
{'D5'},{'D4'},{'D3'},{'D2'},{'D1'},{'R1'},{'R2'},{'R3'},{'R4'},{'R5'},&,3.0,&
{'D5'},{'D4'},{'D3'},{'D2'},{'D1'},{'R1'},{'R2'},{'R3'},{'R5'},{'R4'},&,12.0,&
{'D5'},{'D4'},{'D3'},{'D2'},{'D1'},{'R1'},{'R5'},{'R2'},{'R3'},{'R4'},&,2.0,&
{'D5'},{'D4'},{'D3'},{'D2'},{'D1'},{'R1'},{'R5'},{'R2'},{'R4'},{'R3'},&,2.0,&
{'D5'},{'D4'},{'D3'},{'D2'},{'D1'},{'R1'},{'R3'},{'R2'},{'R5'},{'R4'},&,2.0,&
{'D5'},{'D4'},{'D3'},{'D2'},{'D1'},{'R2'},{'R5'},{'R1'},{'R3'},{'R4'},&,9.0,&
{'D5'},{'D4'},{'D3'},{'D2'},{'D1'},{'R2'},{'R5'},{'R1'},{'R4'},{'R3'},&,4.0,&
{'D5'},{'D4'},{'D3'},{'D2'},{'D1'},{'R2'},{'R5'},{'R4'},{'R1'},{'R3'},&,1.0,&
{'D5'},{'D4'},{'D3'},{'D2'},{'D1'},{'R2'},{'R5'},{'R3'},{'R1'},{'R4'},&,3.0,&
{'D5'},{'D4'},{'D3'},{'D2'},{'D1'},{'R2'},{'R1'},{'R5'},{'R3'},{'R4'},&,23.0,&
{'D5'},{'D4'},{'D3'},{'D2'},{'D1'},{'R2'},{'R1'},{'R5'},{'R4'},{'R3'},&,14.0,&
{'D5'},{'D4'},{'D3'},{'D2'},{'D1'},{'R2'},{'R1'},{'R4'},{'R3'},{'R5'},&,2.0,&
{'D5'},{'D4'},{'D3'},{'D2'},{'D1'},{'R2'},{'R1'},{'R4'},{'R5'},{'R3'},&,4.0,&
{'D5'},{'D4'},{'D3'},{'D2'},{'D1'},{'R2'},{'R1'},{'R3'},{'R4'},{'R5'},&,4.0,&
{'D5'},{'D4'},{'D3'},{'D2'},{'D1'},{'R2'},{'R1'},{'R3'},{'R5'},{'R4'},&,16.0,&
{'D5'},{'D4'},{'D3'},{'D2'},{'D1'},{'R2'},{'R3'},{'R1'},{'R5'},{'R4'},&,4.0,&
{'D5'},{'D4'},{'D3'},{'D2'},{'D1'},{'R2'},{'R3'},{'R5'},{'R1'},{'R4'},&,2.0,&
{'D5'},{'D4'},{'D3'},{'D2'},{'D1'},{'R2'},{'R4'},{'R1'},{'R3'},{'R5'},&,2.0,&
{'D5'},{'D4'},{'D3'},{'D2'},{'D1'},{'R2'},{'R4'},{'R1'},{'R5'},{'R3'},&,2.0,&
{'D5'},{'D4'},{'D3'},{'D2'},{'D1'},{'R2'},{'R4'},{'R3'},{'R1'},{'R5'},&,1.0,&
{'D5'},{'D4'},{'D3'},{'D2'},{'D1'},{'R5'},{'R2'},{'R1'},{'R3'},{'R4'},&,1.0,&
{'D5'},{'D4'},{'D3'},{'D2'},{'D1'},{'R5'},{'R2'},{'R1'},{'R4'},{'R3'},&,1.0,&
{'D5'},{'D4'},{'D3'},{'D2'},{'D1'},{'R5'},{'R1'},{'R2'},{'R3'},{'R4'},&,1.0,&
{'D5'},{'D4'},{'D3'},{'D2'},{'D1'},{'R4'},{'R2'},{'R1'},{'R5'},{'R3'},&,1.0,&
{'D5'},{'D4'},{'D3'},{'D2'},{'D1'},{'R4'},{'R2'},{'R5'},{'R1'},{'R3'},&,1.0,&
{'D5'},{'D4'},{'D3'},{'D2'},{'D1'},{'R3'},{'R2'},{'R1'},{'R4'},{'R5'},&,1.0,&
{'D5'},{'D4'},{'D3'},{'D2'},{'D1'},{'R3'},{'R2'},{'R1'},{'R5'},{'R4'},&,1.0,&
{'D5'},{'D4'},{'D3'},{'D2'},{'R1'},{'D1'},{'R2'},{'R5'},{'R3'},{'R4'},&,4.0,&
{'D5'},{'D4'},{'D3'},{'D2'},{'R1'},{'D1'},{'R2'},{'R5'},{'R4'},{'R3'},&,2.0,&
{'D5'},{'D4'},{'D3'},{'D2'},{'R1'},{'D1'},{'R2'},{'R3'},{'R4'},{'R5'},&,1.0,&
{'D5'},{'D4'},{'D3'},{'D2'},{'R1'},{'D1'},{'R2'},{'R3'},{'R5'},{'R4'},&,1.0,&
{'D5'},{'D4'},{'D3'},{'D2'},{'R1'},{'R2'},{'D1'},{'R5'},{'R3'},{'R4'},&,1.0,&
{'D5'},{'D4'},{'D3'},{'D2'},{'R5'},{'D1'},{'R1'},{'R2'},{'R3'},{'R4'},&,1.0,&
{'D5'},{'D4'},{'D3'},{'D2'},{'R2'},{'D1'},{'R1'},{'R5'},{'R3'},{'R4'},&,4.0,&
{'D5'},{'D4'},{'D3'},{'D2'},{'R2'},{'D1'},{'R1'},{'R5'},{'R4'},{'R3'},&,3.0,&
{'D5'},{'D4'},{'D3'},{'D2'},{'R2'},{'D1'},{'R1'},{'R3'},{'R4'},{'R5'},&,1.0,&
{'D5'},{'D4'},{'D3'},{'D2'},{'R2'},{'D1'},{'R1'},{'R3'},{'R5'},{'R4'},&,2.0,&
{'D5'},{'D4'},{'D3'},{'D2'},{'R2'},{'D1'},{'R3'},{'R1'},{'R5'},{'R4'},&,3.0,&
{'D5'},{'D4'},{'D3'},{'D2'},{'R2'},{'D1'},{'R4'},{'R5'},{'R1'},{'R3'},&,1.0,&
{'D5'},{'D4'},{'D3'},{'D2'},{'R2'},{'R1'},{'D1'},{'R4'},{'R3'},{'R5'},&,1.0,&
{'D5'},{'D4'},{'D3'},{'D2'},{'R2'},{'R3'},{'D1'},{'R1'},{'R5'},{'R4'},&,1.0,&
{'D5'},{'D4'},{'D3'},{'D1'},{'D2'},{'R1'},{'R2'},{'R5'},{'R3'},{'R4'},&,12.0,&
{'D5'},{'D4'},{'D3'},{'D1'},{'D2'},{'R1'},{'R2'},{'R5'},{'R4'},{'R3'},&,11.0,&
{'D5'},{'D4'},{'D3'},{'D1'},{'D2'},{'R1'},{'R2'},{'R4'},{'R5'},{'R3'},&,1.0,&
{'D5'},{'D4'},{'D3'},{'D1'},{'D2'},{'R1'},{'R2'},{'R3'},{'R4'},{'R5'},&,1.0,&
{'D5'},{'D4'},{'D3'},{'D1'},{'D2'},{'R1'},{'R2'},{'R3'},{'R5'},{'R4'},&,7.0,&
{'D5'},{'D4'},{'D3'},{'D1'},{'D2'},{'R1'},{'R5'},{'R2'},{'R3'},{'R4'},&,3.0,&
{'D5'},{'D4'},{'D3'},{'D1'},{'D2'},{'R1'},{'R3'},{'R2'},{'R5'},{'R4'},&,1.0,&
{'D5'},{'D4'},{'D3'},{'D1'},{'D2'},{'R1'},{'R4'},{'R5'},{'R3'},{'R2'},&,1.0,&
{'D5'},{'D4'},{'D3'},{'D1'},{'D2'},{'R1'},{'R4'},{'R2'},{'R5'},{'R3'},&,1.0,&
{'D5'},{'D4'},{'D3'},{'D1'},{'D2'},{'R2'},{'R5'},{'R1'},{'R3'},{'R4'},&,9.0,&
{'D5'},{'D4'},{'D3'},{'D1'},{'D2'},{'R2'},{'R5'},{'R1'},{'R4'},{'R3'},&,1.0,&
{'D5'},{'D4'},{'D3'},{'D1'},{'D2'},{'R2'},{'R5'},{'R3'},{'R4'},{'R1'},&,1.0,&
{'D5'},{'D4'},{'D3'},{'D1'},{'D2'},{'R2'},{'R5'},{'R3'},{'R1'},{'R4'},&,2.0,&
{'D5'},{'D4'},{'D3'},{'D1'},{'D2'},{'R2'},{'R1'},{'R5'},{'R3'},{'R4'},&,18.0,&
{'D5'},{'D4'},{'D3'},{'D1'},{'D2'},{'R2'},{'R1'},{'R5'},{'R4'},{'R3'},&,10.0,&
{'D5'},{'D4'},{'D3'},{'D1'},{'D2'},{'R2'},{'R1'},{'R4'},{'R3'},{'R5'},&,2.0,&
{'D5'},{'D4'},{'D3'},{'D1'},{'D2'},{'R2'},{'R1'},{'R4'},{'R5'},{'R3'},&,2.0,&
{'D5'},{'D4'},{'D3'},{'D1'},{'D2'},{'R2'},{'R1'},{'R3'},{'R4'},{'R5'},&,2.0,&
{'D5'},{'D4'},{'D3'},{'D1'},{'D2'},{'R2'},{'R1'},{'R3'},{'R5'},{'R4'},&,10.0,&
{'D5'},{'D4'},{'D3'},{'D1'},{'D2'},{'R2'},{'R3'},{'R1'},{'R5'},{'R4'},&,2.0,&
{'D5'},{'D4'},{'D3'},{'D1'},{'D2'},{'R2'},{'R3'},{'R4'},{'R1'},{'R5'},&,1.0,&
{'D5'},{'D4'},{'D3'},{'D1'},{'D2'},{'R2'},{'R4'},{'R1'},{'R5'},{'R3'},&,1.0,&
{'D5'},{'D4'},{'D3'},{'D1'},{'D2'},{'R2'},{'R4'},{'R5'},{'R1'},{'R3'},&,1.0,&
{'D5'},{'D4'},{'D3'},{'D1'},{'D2'},{'R5'},{'R2'},{'R1'},{'R3'},{'R4'},&,1.0,&
{'D5'},{'D4'},{'D3'},{'D1'},{'D2'},{'R5'},{'R2'},{'R1'},{'R4'},{'R3'},&,1.0,&
{'D5'},{'D4'},{'D3'},{'D1'},{'D2'},{'R5'},{'R1'},{'R2'},{'R3'},{'R4'},&,3.0,&
{'D5'},{'D4'},{'D3'},{'D1'},{'D2'},{'R5'},{'R3'},{'R2'},{'R1'},{'R4'},&,1.0,&
{'D5'},{'D4'},{'D3'},{'D1'},{'D2'},{'R3'},{'R2'},{'R1'},{'R5'},{'R4'},&,1.0,&
{'D5'},{'D4'},{'D3'},{'D1'},{'D2'},{'R3'},{'R1'},{'R2'},{'R5'},{'R4'},&,2.0,&
{'D5'},{'D4'},{'D3'},{'D1'},{'R1'},{'R2'},{'D2'},{'R5'},{'R3'},{'R4'},&,1.0,&
{'D5'},{'D4'},{'D3'},{'D1'},{'R1'},{'D2'},{'R2'},{'R5'},{'R3'},{'R4'},&,2.0,&
{'D5'},{'D4'},{'D3'},{'D1'},{'R1'},{'D2'},{'R2'},{'R5'},{'R4'},{'R3'},&,2.0,&
{'D5'},{'D4'},{'D3'},{'D1'},{'R1'},{'D2'},{'R2'},{'R4'},{'R3'},{'R5'},&,1.0,&
{'D5'},{'D4'},{'D3'},{'D1'},{'R1'},{'D2'},{'R2'},{'R3'},{'R5'},{'R4'},&,2.0,&
{'D5'},{'D4'},{'D3'},{'D1'},{'R5'},{'R2'},{'D2'},{'R1'},{'R3'},{'R4'},&,1.0,&
{'D5'},{'D4'},{'D3'},{'D1'},{'R5'},{'D2'},{'R2'},{'R1'},{'R3'},{'R4'},&,1.0,&
{'D5'},{'D4'},{'D3'},{'D1'},{'R2'},{'R1'},{'D2'},{'R3'},{'R4'},{'R5'},&,1.0,&
{'D5'},{'D4'},{'D3'},{'D1'},{'R2'},{'R3'},{'D2'},{'R1'},{'R5'},{'R4'},&,1.0,&
{'D5'},{'D4'},{'D3'},{'D1'},{'R2'},{'D2'},{'R5'},{'R1'},{'R3'},{'R4'},&,3.0,&
{'D5'},{'D4'},{'D3'},{'D1'},{'R2'},{'D2'},{'R1'},{'R5'},{'R3'},{'R4'},&,4.0,&
{'D5'},{'D4'},{'D3'},{'D1'},{'R2'},{'D2'},{'R1'},{'R5'},{'R4'},{'R3'},&,3.0,&
{'D5'},{'D4'},{'D3'},{'D1'},{'R2'},{'D2'},{'R1'},{'R4'},{'R5'},{'R3'},&,1.0,&
{'D5'},{'D4'},{'D3'},{'D1'},{'R2'},{'D2'},{'R1'},{'R3'},{'R5'},{'R4'},&,3.0,&
{'D5'},{'D4'},{'D3'},{'D1'},{'R2'},{'D2'},{'R3'},{'R1'},{'R5'},{'R4'},&,1.0,&
{'D5'},{'D4'},{'D3'},{'R2'},{'D2'},{'D1'},{'R5'},{'R1'},{'R3'},{'R4'},&,3.0,&
{'D5'},{'D4'},{'D3'},{'R2'},{'D2'},{'D1'},{'R5'},{'R1'},{'R4'},{'R3'},&,2.0,&
{'D5'},{'D4'},{'D3'},{'R2'},{'D2'},{'D1'},{'R1'},{'R5'},{'R3'},{'R4'},&,9.0,&
{'D5'},{'D4'},{'D3'},{'R2'},{'D2'},{'D1'},{'R1'},{'R4'},{'R3'},{'R5'},&,2.0,&
{'D5'},{'D4'},{'D3'},{'R2'},{'D2'},{'D1'},{'R1'},{'R3'},{'R5'},{'R4'},&,4.0,&
{'D5'},{'D4'},{'D3'},{'R2'},{'D2'},{'D1'},{'R3'},{'R5'},{'R1'},{'R4'},&,1.0,&
{'D5'},{'D4'},{'D3'},{'R2'},{'D2'},{'R1'},{'D1'},{'R3'},{'R5'},{'R4'},&,1.0,&
{'D5'},{'D4'},{'D3'},{'R2'},{'D2'},{'R5'},{'R4'},{'D1'},{'R1'},{'R3'},&,1.0,&
{'D5'},{'D4'},{'D3'},{'R2'},{'D1'},{'R1'},{'D2'},{'R5'},{'R3'},{'R4'},&,1.0,&
{'D5'},{'D4'},{'D3'},{'R2'},{'D1'},{'R5'},{'R1'},{'R3'},{'D2'},{'R4'},&,1.0,&
{'D5'},{'D4'},{'D3'},{'R2'},{'D1'},{'R5'},{'R1'},{'D2'},{'R3'},{'R4'},&,1.0,&
{'D5'},{'D4'},{'D3'},{'R2'},{'D1'},{'D2'},{'R5'},{'R1'},{'R3'},{'R4'},&,1.0,&
{'D5'},{'D4'},{'D3'},{'R2'},{'D1'},{'D2'},{'R5'},{'R4'},{'R1'},{'R3'},&,1.0,&
{'D5'},{'D4'},{'D3'},{'R2'},{'D1'},{'D2'},{'R1'},{'R5'},{'R3'},{'R4'},&,5.0,&
{'D5'},{'D4'},{'D3'},{'R2'},{'D1'},{'D2'},{'R1'},{'R4'},{'R5'},{'R3'},&,3.0,&
{'D5'},{'D4'},{'D3'},{'R2'},{'D1'},{'D2'},{'R1'},{'R3'},{'R5'},{'R4'},&,3.0,&
{'D5'},{'D4'},{'D3'},{'R2'},{'D1'},{'D2'},{'R4'},{'R1'},{'R5'},{'R3'},&,1.0,&
{'D5'},{'D4'},{'D3'},{'R2'},{'R1'},{'R5'},{'D2'},{'D1'},{'R4'},{'R3'},&,1.0,&
{'D5'},{'D4'},{'D3'},{'R2'},{'R1'},{'D2'},{'D1'},{'R5'},{'R3'},{'R4'},&,1.0,&
{'D5'},{'D4'},{'D3'},{'R2'},{'R1'},{'D2'},{'D1'},{'R4'},{'R5'},{'R3'},&,1.0,&
{'D5'},{'D4'},{'D3'},{'R5'},{'D1'},{'D2'},{'R1'},{'R2'},{'R3'},{'R4'},&,1.0,&
{'D5'},{'D4'},{'D3'},{'R5'},{'R2'},{'R1'},{'D1'},{'D2'},{'R4'},{'R3'},&,1.0,&
{'D5'},{'D4'},{'D3'},{'R1'},{'D2'},{'D1'},{'R2'},{'R5'},{'R3'},{'R4'},&,3.0,&
{'D5'},{'D4'},{'D3'},{'R1'},{'D2'},{'D1'},{'R2'},{'R5'},{'R4'},{'R3'},&,1.0,&
{'D5'},{'D4'},{'D3'},{'R1'},{'D2'},{'D1'},{'R2'},{'R3'},{'R4'},{'R5'},&,1.0,&
{'D5'},{'D4'},{'D3'},{'R1'},{'D2'},{'D1'},{'R2'},{'R3'},{'R5'},{'R4'},&,3.0,&
{'D5'},{'D4'},{'D3'},{'R1'},{'D2'},{'D1'},{'R3'},{'R2'},{'R5'},{'R4'},&,1.0,&
{'D5'},{'D4'},{'D3'},{'R1'},{'D2'},{'R2'},{'R5'},{'R4'},{'D1'},{'R3'},&,1.0,&
{'D5'},{'D4'},{'D3'},{'R1'},{'D2'},{'R2'},{'D1'},{'R5'},{'R3'},{'R4'},&,1.0,&
{'D5'},{'D4'},{'D3'},{'R1'},{'D2'},{'R5'},{'D1'},{'R2'},{'R4'},{'R3'},&,1.0,&
{'D5'},{'D4'},{'D3'},{'R1'},{'D1'},{'D2'},{'R2'},{'R5'},{'R3'},{'R4'},&,7.0,&
{'D5'},{'D4'},{'D3'},{'R1'},{'D1'},{'D2'},{'R2'},{'R4'},{'R5'},{'R3'},&,1.0,&
{'D5'},{'D4'},{'D3'},{'R1'},{'R5'},{'D1'},{'D2'},{'R2'},{'R4'},{'R3'},&,1.0,&
{'D5'},{'D4'},{'D3'},{'R1'},{'R2'},{'D1'},{'D2'},{'R5'},{'R3'},{'R4'},&,1.0,&
{'D5'},{'D4'},{'D3'},{'R1'},{'R2'},{'D1'},{'D2'},{'R5'},{'R4'},{'R3'},&,1.0,&
{'D5'},{'D4'},{'D3'},{'R3'},{'R2'},{'D2'},{'R1'},{'D1'},{'R5'},{'R4'},&,1.0,&
{'D5'},{'D4'},{'D1'},{'D3'},{'D2'},{'R1'},{'R2'},{'R5'},{'R3'},{'R4'},&,7.0,&
{'D5'},{'D4'},{'D1'},{'D3'},{'D2'},{'R1'},{'R2'},{'R5'},{'R4'},{'R3'},&,4.0,&
{'D5'},{'D4'},{'D1'},{'D3'},{'D2'},{'R1'},{'R2'},{'R4'},{'R5'},{'R3'},&,1.0,&
{'D5'},{'D4'},{'D1'},{'D3'},{'D2'},{'R1'},{'R5'},{'R2'},{'R3'},{'R4'},&,1.0,&
{'D5'},{'D4'},{'D1'},{'D3'},{'D2'},{'R1'},{'R4'},{'R2'},{'R5'},{'R3'},&,1.0,&
{'D5'},{'D4'},{'D1'},{'D3'},{'D2'},{'R2'},{'R5'},{'R1'},{'R3'},{'R4'},&,2.0,&
{'D5'},{'D4'},{'D1'},{'D3'},{'D2'},{'R2'},{'R5'},{'R1'},{'R4'},{'R3'},&,1.0,&
{'D5'},{'D4'},{'D1'},{'D3'},{'D2'},{'R2'},{'R1'},{'R5'},{'R3'},{'R4'},&,6.0,&
{'D5'},{'D4'},{'D1'},{'D3'},{'D2'},{'R2'},{'R1'},{'R5'},{'R4'},{'R3'},&,2.0,&
{'D5'},{'D4'},{'D1'},{'D3'},{'D2'},{'R2'},{'R1'},{'R4'},{'R5'},{'R3'},&,1.0,&
{'D5'},{'D4'},{'D1'},{'D3'},{'D2'},{'R2'},{'R1'},{'R3'},{'R4'},{'R5'},&,1.0,&
{'D5'},{'D4'},{'D1'},{'D3'},{'D2'},{'R2'},{'R1'},{'R3'},{'R5'},{'R4'},&,6.0,&
{'D5'},{'D4'},{'D1'},{'D3'},{'D2'},{'R2'},{'R3'},{'R1'},{'R5'},{'R4'},&,1.0,&
{'D5'},{'D4'},{'D1'},{'D3'},{'D2'},{'R5'},{'R2'},{'R1'},{'R3'},{'R4'},&,2.0,&
{'D5'},{'D4'},{'D1'},{'D3'},{'D2'},{'R4'},{'R2'},{'R5'},{'R1'},{'R3'},&,1.0,&
{'D5'},{'D4'},{'D1'},{'D3'},{'D2'},{'R3'},{'R1'},{'R2'},{'R5'},{'R4'},&,3.0,&
{'D5'},{'D4'},{'D1'},{'D3'},{'R5'},{'R2'},{'R1'},{'R4'},{'D2'},{'R3'},&,1.0,&
{'D5'},{'D4'},{'D1'},{'D3'},{'R2'},{'R5'},{'D2'},{'R1'},{'R3'},{'R4'},&,1.0,&
{'D5'},{'D4'},{'D1'},{'D3'},{'R2'},{'D2'},{'R1'},{'R3'},{'R5'},{'R4'},&,2.0,&
{'D5'},{'D4'},{'D1'},{'D3'},{'R2'},{'D2'},{'R3'},{'R1'},{'R5'},{'R4'},&,1.0,&
{'D5'},{'D4'},{'D1'},{'D3'},{'R3'},{'D2'},{'R2'},{'R5'},{'R1'},{'R4'},&,1.0,&
{'D5'},{'D4'},{'D1'},{'D2'},{'D3'},{'R1'},{'R2'},{'R5'},{'R3'},{'R4'},&,7.0,&
{'D5'},{'D4'},{'D1'},{'D2'},{'D3'},{'R1'},{'R2'},{'R5'},{'R4'},{'R3'},&,1.0,&
{'D5'},{'D4'},{'D1'},{'D2'},{'D3'},{'R1'},{'R2'},{'R3'},{'R5'},{'R4'},&,2.0,&
{'D5'},{'D4'},{'D1'},{'D2'},{'D3'},{'R2'},{'R5'},{'R1'},{'R3'},{'R4'},&,1.0,&
{'D5'},{'D4'},{'D1'},{'D2'},{'D3'},{'R2'},{'R1'},{'R5'},{'R3'},{'R4'},&,2.0,&
{'D5'},{'D4'},{'D1'},{'D2'},{'D3'},{'R2'},{'R1'},{'R5'},{'R4'},{'R3'},&,3.0,&
{'D5'},{'D4'},{'D1'},{'D2'},{'D3'},{'R2'},{'R1'},{'R3'},{'R5'},{'R4'},&,3.0,&
{'D5'},{'D4'},{'D1'},{'D2'},{'D3'},{'R2'},{'R3'},{'R1'},{'R5'},{'R4'},&,1.0,&
{'D5'},{'D4'},{'D1'},{'D2'},{'D3'},{'R5'},{'R1'},{'R2'},{'R4'},{'R3'},&,1.0,&
{'D5'},{'D4'},{'D1'},{'D2'},{'D3'},{'R3'},{'R2'},{'R1'},{'R5'},{'R4'},&,1.0,&
{'D5'},{'D4'},{'D1'},{'D2'},{'D3'},{'R3'},{'R1'},{'R5'},{'R2'},{'R4'},&,1.0,&
{'D5'},{'D4'},{'D1'},{'D2'},{'D3'},{'R3'},{'R1'},{'R2'},{'R5'},{'R4'},&,1.0,&
{'D5'},{'D4'},{'D1'},{'D2'},{'R5'},{'D3'},{'R2'},{'R1'},{'R3'},{'R4'},&,1.0,&
{'D5'},{'D4'},{'D1'},{'D2'},{'R2'},{'D3'},{'R1'},{'R5'},{'R3'},{'R4'},&,2.0,&
{'D5'},{'D4'},{'D1'},{'R2'},{'D2'},{'D3'},{'R1'},{'R5'},{'R4'},{'R3'},&,1.0,&
{'D5'},{'D4'},{'D1'},{'R2'},{'D3'},{'D2'},{'R1'},{'R5'},{'R3'},{'R4'},&,2.0,&
{'D5'},{'D4'},{'D1'},{'R2'},{'D3'},{'D2'},{'R1'},{'R3'},{'R4'},{'R5'},&,1.0,&
{'D5'},{'D4'},{'D1'},{'R2'},{'R5'},{'D3'},{'R1'},{'D2'},{'R4'},{'R3'},&,1.0,&
{'D5'},{'D4'},{'D1'},{'R1'},{'D3'},{'D2'},{'R2'},{'R5'},{'R3'},{'R4'},&,1.0,&
{'D5'},{'D4'},{'D1'},{'R1'},{'R2'},{'R4'},{'R5'},{'R3'},{'D3'},{'D2'},&,1.0,&
{'D5'},{'D4'},{'D2'},{'D3'},{'D1'},{'R1'},{'R2'},{'R5'},{'R3'},{'R4'},&,1.0,&
{'D5'},{'D4'},{'D2'},{'D3'},{'D1'},{'R1'},{'R2'},{'R5'},{'R4'},{'R3'},&,3.0,&
{'D5'},{'D4'},{'D2'},{'D3'},{'D1'},{'R1'},{'R2'},{'R4'},{'R5'},{'R3'},&,2.0,&
{'D5'},{'D4'},{'D2'},{'D3'},{'D1'},{'R1'},{'R2'},{'R3'},{'R4'},{'R5'},&,3.0,&
{'D5'},{'D4'},{'D2'},{'D3'},{'D1'},{'R1'},{'R2'},{'R3'},{'R5'},{'R4'},&,8.0,&
{'D5'},{'D4'},{'D2'},{'D3'},{'D1'},{'R1'},{'R3'},{'R2'},{'R5'},{'R4'},&,2.0,&
{'D5'},{'D4'},{'D2'},{'D3'},{'D1'},{'R2'},{'R5'},{'R1'},{'R3'},{'R4'},&,5.0,&
{'D5'},{'D4'},{'D2'},{'D3'},{'D1'},{'R2'},{'R5'},{'R1'},{'R4'},{'R3'},&,4.0,&
{'D5'},{'D4'},{'D2'},{'D3'},{'D1'},{'R2'},{'R1'},{'R5'},{'R3'},{'R4'},&,18.0,&
{'D5'},{'D4'},{'D2'},{'D3'},{'D1'},{'R2'},{'R1'},{'R5'},{'R4'},{'R3'},&,6.0,&
{'D5'},{'D4'},{'D2'},{'D3'},{'D1'},{'R2'},{'R1'},{'R4'},{'R3'},{'R5'},&,2.0,&
{'D5'},{'D4'},{'D2'},{'D3'},{'D1'},{'R2'},{'R1'},{'R4'},{'R5'},{'R3'},&,4.0,&
{'D5'},{'D4'},{'D2'},{'D3'},{'D1'},{'R2'},{'R1'},{'R3'},{'R5'},{'R4'},&,3.0,&
{'D5'},{'D4'},{'D2'},{'D3'},{'D1'},{'R2'},{'R3'},{'R1'},{'R5'},{'R4'},&,4.0,&
{'D5'},{'D4'},{'D2'},{'D3'},{'D1'},{'R2'},{'R4'},{'R5'},{'R1'},{'R3'},&,1.0,&
{'D5'},{'D4'},{'D2'},{'D3'},{'D1'},{'R5'},{'R2'},{'R1'},{'R3'},{'R4'},&,2.0,&
{'D5'},{'D4'},{'D2'},{'D3'},{'D1'},{'R5'},{'R1'},{'R2'},{'R3'},{'R4'},&,1.0,&
{'D5'},{'D4'},{'D2'},{'D3'},{'D1'},{'R4'},{'R2'},{'R1'},{'R5'},{'R3'},&,1.0,&
{'D5'},{'D4'},{'D2'},{'D3'},{'D1'},{'R3'},{'R2'},{'R1'},{'R5'},{'R4'},&,1.0,&
{'D5'},{'D4'},{'D2'},{'D3'},{'D1'},{'R3'},{'R1'},{'R2'},{'R5'},{'R4'},&,1.0,&
{'D5'},{'D4'},{'D2'},{'D3'},{'R1'},{'D1'},{'R2'},{'R5'},{'R4'},{'R3'},&,1.0,&
{'D5'},{'D4'},{'D2'},{'D3'},{'R5'},{'D1'},{'R2'},{'R1'},{'R3'},{'R4'},&,1.0,&
{'D5'},{'D4'},{'D2'},{'D3'},{'R2'},{'D1'},{'R5'},{'R1'},{'R4'},{'R3'},&,1.0,&
{'D5'},{'D4'},{'D2'},{'D3'},{'R2'},{'D1'},{'R5'},{'R4'},{'R1'},{'R3'},&,1.0,&
{'D5'},{'D4'},{'D2'},{'D3'},{'R2'},{'D1'},{'R1'},{'R5'},{'R4'},{'R3'},&,2.0,&
{'D5'},{'D4'},{'D2'},{'D3'},{'R2'},{'D1'},{'R1'},{'R4'},{'R5'},{'R3'},&,1.0,&
{'D5'},{'D4'},{'D2'},{'D3'},{'R2'},{'D1'},{'R3'},{'R1'},{'R5'},{'R4'},&,1.0,&
{'D5'},{'D4'},{'D2'},{'D3'},{'R2'},{'R1'},{'D1'},{'R5'},{'R3'},{'R4'},&,1.0,&
{'D5'},{'D4'},{'D2'},{'D3'},{'R2'},{'R1'},{'D1'},{'R4'},{'R5'},{'R3'},&,1.0,&
{'D5'},{'D4'},{'D2'},{'D3'},{'R2'},{'R1'},{'D1'},{'R3'},{'R5'},{'R4'},&,1.0,&
{'D5'},{'D4'},{'D2'},{'D1'},{'R1'},{'D3'},{'R2'},{'R4'},{'R3'},{'R5'},&,1.0,&
{'D5'},{'D4'},{'D2'},{'D1'},{'D3'},{'R1'},{'R2'},{'R5'},{'R3'},{'R4'},&,4.0,&
{'D5'},{'D4'},{'D2'},{'D1'},{'D3'},{'R1'},{'R2'},{'R5'},{'R4'},{'R3'},&,1.0,&
{'D5'},{'D4'},{'D2'},{'D1'},{'D3'},{'R1'},{'R2'},{'R4'},{'R5'},{'R3'},&,1.0,&
{'D5'},{'D4'},{'D2'},{'D1'},{'D3'},{'R1'},{'R2'},{'R3'},{'R5'},{'R4'},&,1.0,&
{'D5'},{'D4'},{'D2'},{'D1'},{'D3'},{'R1'},{'R3'},{'R2'},{'R5'},{'R4'},&,1.0,&
{'D5'},{'D4'},{'D2'},{'D1'},{'D3'},{'R1'},{'R4'},{'R2'},{'R5'},{'R3'},&,2.0,&
{'D5'},{'D4'},{'D2'},{'D1'},{'D3'},{'R2'},{'R5'},{'R1'},{'R3'},{'R4'},&,1.0,&
{'D5'},{'D4'},{'D2'},{'D1'},{'D3'},{'R2'},{'R5'},{'R3'},{'R1'},{'R4'},&,1.0,&
{'D5'},{'D4'},{'D2'},{'D1'},{'D3'},{'R2'},{'R1'},{'R5'},{'R3'},{'R4'},&,5.0,&
{'D5'},{'D4'},{'D2'},{'D1'},{'D3'},{'R2'},{'R1'},{'R5'},{'R4'},{'R3'},&,4.0,&
{'D5'},{'D4'},{'D2'},{'D1'},{'D3'},{'R2'},{'R1'},{'R4'},{'R3'},{'R5'},&,2.0,&
{'D5'},{'D4'},{'D2'},{'D1'},{'D3'},{'R2'},{'R1'},{'R3'},{'R5'},{'R4'},&,2.0,&
{'D5'},{'D4'},{'D2'},{'D1'},{'D3'},{'R2'},{'R3'},{'R1'},{'R5'},{'R4'},&,1.0,&
{'D5'},{'D4'},{'D2'},{'D1'},{'D3'},{'R5'},{'R2'},{'R1'},{'R3'},{'R4'},&,2.0,&
{'D5'},{'D4'},{'D2'},{'D1'},{'D3'},{'R5'},{'R1'},{'R2'},{'R3'},{'R4'},&,1.0,&
{'D5'},{'D4'},{'D2'},{'D1'},{'D3'},{'R5'},{'R1'},{'R2'},{'R4'},{'R3'},&,1.0,&
{'D5'},{'D4'},{'D2'},{'D1'},{'D3'},{'R3'},{'R2'},{'R1'},{'R5'},{'R4'},&,1.0,&
{'D5'},{'D4'},{'D2'},{'D1'},{'D3'},{'R3'},{'R5'},{'R2'},{'R1'},{'R4'},&,1.0,&
{'D5'},{'D4'},{'D2'},{'D1'},{'R2'},{'D3'},{'R5'},{'R1'},{'R3'},{'R4'},&,1.0,&
{'D5'},{'D4'},{'D2'},{'R2'},{'D1'},{'D3'},{'R1'},{'R5'},{'R4'},{'R3'},&,1.0,&
{'D5'},{'D4'},{'D2'},{'R2'},{'R1'},{'D3'},{'D1'},{'R5'},{'R3'},{'R4'},&,1.0,&
{'D5'},{'D4'},{'D2'},{'R2'},{'D3'},{'D1'},{'R5'},{'R1'},{'R4'},{'R3'},&,1.0,&
{'D5'},{'D4'},{'D2'},{'R2'},{'D3'},{'D1'},{'R1'},{'R5'},{'R3'},{'R4'},&,6.0,&
{'D5'},{'D4'},{'D2'},{'R2'},{'D3'},{'D1'},{'R1'},{'R5'},{'R4'},{'R3'},&,1.0,&
{'D5'},{'D4'},{'D2'},{'R2'},{'D3'},{'D1'},{'R1'},{'R4'},{'R5'},{'R3'},&,1.0,&
{'D5'},{'D4'},{'D2'},{'R2'},{'D3'},{'D1'},{'R1'},{'R3'},{'R4'},{'R5'},&,2.0,&
{'D5'},{'D4'},{'D2'},{'R2'},{'D3'},{'D1'},{'R1'},{'R3'},{'R5'},{'R4'},&,2.0,&
{'D5'},{'D4'},{'D2'},{'R2'},{'D3'},{'D1'},{'R3'},{'R1'},{'R5'},{'R4'},&,1.0,&
{'D5'},{'D4'},{'D2'},{'R2'},{'D3'},{'D1'},{'R3'},{'R5'},{'R1'},{'R4'},&,1.0,&
{'D5'},{'D4'},{'D2'},{'R2'},{'R5'},{'R1'},{'D3'},{'R3'},{'D1'},{'R4'},&,1.0,&
{'D5'},{'D4'},{'D2'},{'R2'},{'R5'},{'D3'},{'D1'},{'R1'},{'R3'},{'R4'},&,1.0,&
{'D5'},{'D4'},{'D2'},{'R5'},{'D1'},{'D3'},{'R2'},{'R1'},{'R3'},{'R4'},&,1.0,&
{'D5'},{'D4'},{'D2'},{'R5'},{'D3'},{'D1'},{'R2'},{'R1'},{'R4'},{'R3'},&,2.0,&
{'D5'},{'D4'},{'D2'},{'R1'},{'D3'},{'D1'},{'R2'},{'R5'},{'R3'},{'R4'},&,1.0,&
{'D5'},{'D4'},{'D2'},{'R1'},{'D3'},{'R2'},{'D1'},{'R3'},{'R5'},{'R4'},&,1.0,&
{'D5'},{'D4'},{'D2'},{'R1'},{'R2'},{'D3'},{'D1'},{'R5'},{'R4'},{'R3'},&,1.0,&
{'D5'},{'D4'},{'D2'},{'R1'},{'R2'},{'D3'},{'D1'},{'R3'},{'R5'},{'R4'},&,1.0,&
{'D5'},{'D4'},{'R2'},{'D3'},{'D2'},{'D1'},{'R5'},{'R1'},{'R3'},{'R4'},&,2.0,&
{'D5'},{'D4'},{'R2'},{'D3'},{'D2'},{'D1'},{'R1'},{'R5'},{'R3'},{'R4'},&,3.0,&
{'D5'},{'D4'},{'R2'},{'D3'},{'D2'},{'D1'},{'R1'},{'R5'},{'R4'},{'R3'},&,2.0,&
{'D5'},{'D4'},{'R2'},{'D3'},{'D2'},{'D1'},{'R1'},{'R4'},{'R5'},{'R3'},&,1.0,&
{'D5'},{'D4'},{'R2'},{'D3'},{'D2'},{'D1'},{'R1'},{'R3'},{'R5'},{'R4'},&,3.0,&
{'D5'},{'D4'},{'R2'},{'D3'},{'D2'},{'D1'},{'R4'},{'R3'},{'R1'},{'R5'},&,1.0,&
{'D5'},{'D4'},{'R2'},{'D3'},{'D2'},{'R5'},{'D1'},{'R1'},{'R3'},{'R4'},&,1.0,&
{'D5'},{'D4'},{'R2'},{'D3'},{'D2'},{'R5'},{'D1'},{'R4'},{'R1'},{'R3'},&,2.0,&
{'D5'},{'D4'},{'R2'},{'D3'},{'D1'},{'R1'},{'D2'},{'R5'},{'R4'},{'R3'},&,1.0,&
{'D5'},{'D4'},{'R2'},{'D3'},{'D1'},{'R4'},{'R1'},{'D2'},{'R5'},{'R3'},&,1.0,&
{'D5'},{'D4'},{'R2'},{'D3'},{'D1'},{'R4'},{'D2'},{'R1'},{'R5'},{'R3'},&,1.0,&
{'D5'},{'D4'},{'R2'},{'D3'},{'D1'},{'D2'},{'R5'},{'R1'},{'R3'},{'R4'},&,1.0,&
{'D5'},{'D4'},{'R2'},{'D3'},{'D1'},{'D2'},{'R1'},{'R5'},{'R3'},{'R4'},&,2.0,&
{'D5'},{'D4'},{'R2'},{'D3'},{'D1'},{'D2'},{'R1'},{'R3'},{'R5'},{'R4'},&,1.0,&
{'D5'},{'D4'},{'R2'},{'D3'},{'R1'},{'D1'},{'D2'},{'R5'},{'R3'},{'R4'},&,1.0,&
{'D5'},{'D4'},{'R2'},{'D3'},{'R1'},{'D2'},{'D1'},{'R5'},{'R3'},{'R4'},&,1.0,&
{'D5'},{'D4'},{'R2'},{'D3'},{'R4'},{'D2'},{'D1'},{'R1'},{'R5'},{'R3'},&,1.0,&
{'D5'},{'D4'},{'R2'},{'D2'},{'D1'},{'R1'},{'D3'},{'R5'},{'R4'},{'R3'},&,1.0,&
{'D5'},{'D4'},{'R2'},{'D2'},{'D1'},{'D3'},{'R1'},{'R4'},{'R5'},{'R3'},&,1.0,&
{'D5'},{'D4'},{'R2'},{'D2'},{'D3'},{'D1'},{'R1'},{'R5'},{'R3'},{'R4'},&,4.0,&
{'D5'},{'D4'},{'R2'},{'D2'},{'D3'},{'D1'},{'R1'},{'R5'},{'R4'},{'R3'},&,4.0,&
{'D5'},{'D4'},{'R2'},{'D2'},{'D3'},{'D1'},{'R3'},{'R1'},{'R5'},{'R4'},&,1.0,&
{'D5'},{'D4'},{'R2'},{'D1'},{'D2'},{'R5'},{'D3'},{'R1'},{'R4'},{'R3'},&,1.0,&
{'D5'},{'D4'},{'R2'},{'D1'},{'D3'},{'R1'},{'D2'},{'R3'},{'R4'},{'R5'},&,1.0,&
{'D5'},{'D4'},{'R2'},{'D1'},{'D3'},{'D2'},{'R1'},{'R5'},{'R3'},{'R4'},&,1.0,&
{'D5'},{'D4'},{'R2'},{'R5'},{'D1'},{'D2'},{'D3'},{'R1'},{'R3'},{'R4'},&,1.0,&
{'D5'},{'D4'},{'R2'},{'R5'},{'R1'},{'D2'},{'D1'},{'D3'},{'R4'},{'R3'},&,1.0,&
{'D5'},{'D4'},{'R2'},{'R1'},{'D2'},{'D3'},{'D1'},{'R3'},{'R5'},{'R4'},&,1.0,&
{'D5'},{'D4'},{'R2'},{'R1'},{'D1'},{'D3'},{'D2'},{'R5'},{'R3'},{'R4'},&,1.0,&
{'D5'},{'D4'},{'R2'},{'R1'},{'D3'},{'D1'},{'D2'},{'R5'},{'R3'},{'R4'},&,1.0,&
{'D5'},{'D4'},{'R2'},{'R1'},{'D3'},{'R3'},{'D1'},{'D2'},{'R5'},{'R4'},&,1.0,&
{'D5'},{'D4'},{'R2'},{'R1'},{'R5'},{'D1'},{'D3'},{'R3'},{'D2'},{'R4'},&,1.0,&
{'D5'},{'D4'},{'R2'},{'R1'},{'R3'},{'D1'},{'R5'},{'D2'},{'D3'},{'R4'},&,1.0,&
{'D5'},{'D4'},{'R2'},{'R1'},{'R4'},{'D3'},{'D2'},{'D1'},{'R3'},{'R5'},&,1.0,&
{'D5'},{'D4'},{'R1'},{'D3'},{'D2'},{'D1'},{'R2'},{'R5'},{'R3'},{'R4'},&,4.0,&
{'D5'},{'D4'},{'R1'},{'D3'},{'D2'},{'D1'},{'R2'},{'R5'},{'R4'},{'R3'},&,1.0,&
{'D5'},{'D4'},{'R1'},{'D3'},{'D2'},{'D1'},{'R2'},{'R4'},{'R3'},{'R5'},&,1.0,&
{'D5'},{'D4'},{'R1'},{'D3'},{'D2'},{'D1'},{'R2'},{'R3'},{'R5'},{'R4'},&,2.0,&
{'D5'},{'D4'},{'R1'},{'D3'},{'D2'},{'D1'},{'R3'},{'R2'},{'R5'},{'R4'},&,1.0,&
{'D5'},{'D4'},{'R1'},{'D3'},{'D2'},{'D1'},{'R3'},{'R4'},{'R2'},{'R5'},&,1.0,&
{'D5'},{'D4'},{'R1'},{'D3'},{'D2'},{'R2'},{'R3'},{'D1'},{'R5'},{'R4'},&,1.0,&
{'D5'},{'D4'},{'R1'},{'D3'},{'D1'},{'D2'},{'R2'},{'R5'},{'R3'},{'R4'},&,4.0,&
{'D5'},{'D4'},{'R1'},{'D3'},{'D1'},{'D2'},{'R2'},{'R5'},{'R4'},{'R3'},&,1.0,&
{'D5'},{'D4'},{'R1'},{'D3'},{'D1'},{'D2'},{'R2'},{'R4'},{'R3'},{'R5'},&,1.0,&
{'D5'},{'D4'},{'R1'},{'D3'},{'D1'},{'D2'},{'R2'},{'R4'},{'R5'},{'R3'},&,1.0,&
{'D5'},{'D4'},{'R1'},{'D3'},{'D1'},{'D2'},{'R2'},{'R3'},{'R5'},{'R4'},&,1.0,&
{'D5'},{'D4'},{'R1'},{'D3'},{'D1'},{'D2'},{'R4'},{'R2'},{'R5'},{'R3'},&,1.0,&
{'D5'},{'D4'},{'R1'},{'D3'},{'R2'},{'D1'},{'D2'},{'R5'},{'R3'},{'R4'},&,1.0,&
{'D5'},{'D4'},{'R1'},{'D3'},{'R2'},{'D1'},{'D2'},{'R5'},{'R4'},{'R3'},&,1.0,&
{'D5'},{'D4'},{'R1'},{'D3'},{'R2'},{'D2'},{'D1'},{'R5'},{'R4'},{'R3'},&,1.0,&
{'D5'},{'D4'},{'R1'},{'D3'},{'R2'},{'D2'},{'D1'},{'R3'},{'R5'},{'R4'},&,2.0,&
{'D5'},{'D4'},{'R1'},{'D2'},{'D1'},{'R2'},{'D3'},{'R4'},{'R5'},{'R3'},&,1.0,&
{'D5'},{'D4'},{'R1'},{'D2'},{'D3'},{'D1'},{'R2'},{'R5'},{'R3'},{'R4'},&,3.0,&
{'D5'},{'D4'},{'R1'},{'D2'},{'D3'},{'D1'},{'R2'},{'R4'},{'R5'},{'R3'},&,1.0,&
{'D5'},{'D4'},{'R1'},{'D2'},{'D3'},{'D1'},{'R2'},{'R3'},{'R5'},{'R4'},&,1.0,&
{'D5'},{'D4'},{'R1'},{'D2'},{'R2'},{'D3'},{'D1'},{'R3'},{'R5'},{'R4'},&,1.0,&
{'D5'},{'D4'},{'R1'},{'D1'},{'D2'},{'D3'},{'R2'},{'R5'},{'R3'},{'R4'},&,2.0,&
{'D5'},{'D4'},{'R1'},{'D1'},{'D3'},{'R2'},{'D2'},{'R3'},{'R5'},{'R4'},&,1.0,&
{'D5'},{'D4'},{'R1'},{'D1'},{'R2'},{'D3'},{'D2'},{'R3'},{'R4'},{'R5'},&,1.0,&
{'D5'},{'D4'},{'R1'},{'R2'},{'D3'},{'D1'},{'D2'},{'R4'},{'R5'},{'R3'},&,2.0,&
{'D5'},{'D4'},{'R1'},{'R2'},{'D3'},{'D2'},{'R5'},{'D1'},{'R3'},{'R4'},&,1.0,&
{'D5'},{'D4'},{'R1'},{'R2'},{'D3'},{'D2'},{'D1'},{'R5'},{'R4'},{'R3'},&,2.0,&
{'D5'},{'D4'},{'R1'},{'R2'},{'R5'},{'D3'},{'D2'},{'D1'},{'R3'},{'R4'},&,1.0,&
{'D5'},{'D4'},{'R1'},{'R5'},{'D3'},{'D1'},{'D2'},{'R2'},{'R3'},{'R4'},&,1.0,&
{'D5'},{'D4'},{'R1'},{'R3'},{'R2'},{'D3'},{'D1'},{'D2'},{'R5'},{'R4'},&,1.0,&
{'D5'},{'D4'},{'R5'},{'D3'},{'D2'},{'D1'},{'R2'},{'R1'},{'R3'},{'R4'},&,1.0,&
{'D5'},{'D4'},{'R5'},{'D3'},{'D1'},{'R2'},{'D2'},{'R1'},{'R4'},{'R3'},&,1.0,&
{'D5'},{'D4'},{'R5'},{'D2'},{'D3'},{'D1'},{'R4'},{'R1'},{'R2'},{'R3'},&,1.0,&
{'D5'},{'D4'},{'R5'},{'D2'},{'D3'},{'R2'},{'D1'},{'R1'},{'R4'},{'R3'},&,1.0,&
{'D5'},{'D4'},{'R5'},{'R2'},{'D3'},{'R1'},{'D2'},{'D1'},{'R4'},{'R3'},&,1.0,&
{'D5'},{'D4'},{'R3'},{'D3'},{'D2'},{'D1'},{'R2'},{'R1'},{'R4'},{'R5'},&,1.0,&
{'D5'},{'D4'},{'R3'},{'D3'},{'D2'},{'D1'},{'R2'},{'R5'},{'R1'},{'R4'},&,1.0,&
{'D5'},{'D4'},{'R3'},{'D3'},{'D1'},{'R2'},{'D2'},{'R1'},{'R5'},{'R4'},&,1.0,&
{'D5'},{'D4'},{'R3'},{'D3'},{'D1'},{'D2'},{'R1'},{'R2'},{'R5'},{'R4'},&,1.0,&
{'D5'},{'D4'},{'R3'},{'R2'},{'D1'},{'D3'},{'D2'},{'R1'},{'R4'},{'R5'},&,1.0,&
{'D5'},{'D4'},{'R3'},{'R5'},{'D2'},{'R1'},{'D3'},{'D1'},{'R2'},{'R4'},&,1.0,&
{'D5'},{'D4'},{'R4'},{'D3'},{'D1'},{'D2'},{'R2'},{'R1'},{'R5'},{'R3'},&,1.0,&
{'D5'},{'D4'},{'R4'},{'R1'},{'D1'},{'R5'},{'D3'},{'R2'},{'R3'},{'D2'},&,1.0,&
{'D5'},{'R1'},{'D3'},{'D4'},{'D2'},{'D1'},{'R2'},{'R5'},{'R3'},{'R4'},&,5.0,&
{'D5'},{'R1'},{'D3'},{'D4'},{'D2'},{'D1'},{'R2'},{'R5'},{'R4'},{'R3'},&,1.0,&
{'D5'},{'R1'},{'D3'},{'D4'},{'D2'},{'D1'},{'R2'},{'R4'},{'R5'},{'R3'},&,1.0,&
{'D5'},{'R1'},{'D3'},{'D4'},{'D2'},{'D1'},{'R2'},{'R3'},{'R5'},{'R4'},&,3.0,&
{'D5'},{'R1'},{'D3'},{'D4'},{'D2'},{'D1'},{'R5'},{'R2'},{'R3'},{'R4'},&,1.0,&
{'D5'},{'R1'},{'D3'},{'D4'},{'D2'},{'R5'},{'D1'},{'R2'},{'R3'},{'R4'},&,1.0,&
{'D5'},{'R1'},{'D3'},{'D4'},{'D1'},{'R2'},{'D2'},{'R5'},{'R3'},{'R4'},&,1.0,&
{'D5'},{'R1'},{'D3'},{'D4'},{'D1'},{'R2'},{'D2'},{'R5'},{'R4'},{'R3'},&,1.0,&
{'D5'},{'R1'},{'D3'},{'D4'},{'D1'},{'D2'},{'R2'},{'R5'},{'R3'},{'R4'},&,4.0,&
{'D5'},{'R1'},{'D3'},{'D4'},{'D1'},{'D2'},{'R2'},{'R5'},{'R4'},{'R3'},&,1.0,&
{'D5'},{'R1'},{'D3'},{'D4'},{'D1'},{'D2'},{'R2'},{'R3'},{'R4'},{'R5'},&,1.0,&
{'D5'},{'R1'},{'D3'},{'D4'},{'D1'},{'D2'},{'R5'},{'R2'},{'R4'},{'R3'},&,1.0,&
{'D5'},{'R1'},{'D3'},{'D4'},{'R5'},{'D2'},{'D1'},{'R2'},{'R3'},{'R4'},&,1.0,&
{'D5'},{'R1'},{'D3'},{'D4'},{'R2'},{'D1'},{'D2'},{'R5'},{'R4'},{'R3'},&,1.0,&
{'D5'},{'R1'},{'D3'},{'D4'},{'R2'},{'D2'},{'D1'},{'R5'},{'R3'},{'R4'},&,1.0,&
{'D5'},{'R1'},{'D3'},{'D2'},{'D1'},{'D4'},{'R2'},{'R5'},{'R3'},{'R4'},&,1.0,&
{'D5'},{'R1'},{'D3'},{'D2'},{'D1'},{'D4'},{'R5'},{'R2'},{'R3'},{'R4'},&,1.0,&
{'D5'},{'R1'},{'D3'},{'D2'},{'D4'},{'D1'},{'R2'},{'R5'},{'R3'},{'R4'},&,1.0,&
{'D5'},{'R1'},{'D3'},{'D2'},{'D4'},{'D1'},{'R2'},{'R5'},{'R4'},{'R3'},&,1.0,&
{'D5'},{'R1'},{'D3'},{'D2'},{'D4'},{'D1'},{'R2'},{'R3'},{'R5'},{'R4'},&,1.0,&
{'D5'},{'R1'},{'D3'},{'D2'},{'D4'},{'D1'},{'R5'},{'R2'},{'R3'},{'R4'},&,1.0,&
{'D5'},{'R1'},{'D3'},{'D2'},{'D4'},{'D1'},{'R3'},{'R2'},{'R5'},{'R4'},&,1.0,&
{'D5'},{'R1'},{'D3'},{'D2'},{'R2'},{'R4'},{'R5'},{'R3'},{'D1'},{'D4'},&,1.0,&
{'D5'},{'R1'},{'D3'},{'D2'},{'R2'},{'D4'},{'D1'},{'R5'},{'R4'},{'R3'},&,1.0,&
{'D5'},{'R1'},{'D3'},{'D2'},{'R2'},{'D4'},{'D1'},{'R3'},{'R5'},{'R4'},&,1.0,&
{'D5'},{'R1'},{'D3'},{'D1'},{'D4'},{'D2'},{'R2'},{'R5'},{'R4'},{'R3'},&,1.0,&
{'D5'},{'R1'},{'D3'},{'D1'},{'R2'},{'D2'},{'R5'},{'D4'},{'R4'},{'R3'},&,1.0,&
{'D5'},{'R1'},{'D3'},{'R2'},{'D2'},{'D4'},{'D1'},{'R5'},{'R3'},{'R4'},&,1.0,&
{'D5'},{'R1'},{'D3'},{'R2'},{'D1'},{'D4'},{'R5'},{'D2'},{'R4'},{'R3'},&,1.0,&
{'D5'},{'R1'},{'D3'},{'R2'},{'D1'},{'D4'},{'D2'},{'R5'},{'R3'},{'R4'},&,1.0,&
{'D5'},{'R1'},{'D3'},{'R2'},{'D4'},{'D1'},{'D2'},{'R5'},{'R3'},{'R4'},&,2.0,&
{'D5'},{'R1'},{'D3'},{'R2'},{'D4'},{'D2'},{'D1'},{'R5'},{'R4'},{'R3'},&,1.0,&
{'D5'},{'R1'},{'D3'},{'R2'},{'R5'},{'D4'},{'D2'},{'D1'},{'R4'},{'R3'},&,1.0,&
{'D5'},{'R1'},{'D3'},{'R2'},{'R3'},{'D4'},{'D1'},{'R5'},{'D2'},{'R4'},&,1.0,&
{'D5'},{'R1'},{'D3'},{'R2'},{'R4'},{'R5'},{'R3'},{'D1'},{'D2'},{'D4'},&,1.0,&
{'D5'},{'R1'},{'D1'},{'D4'},{'D3'},{'D2'},{'R2'},{'R4'},{'R5'},{'R3'},&,1.0,&
{'D5'},{'R1'},{'D1'},{'D4'},{'D3'},{'D2'},{'R5'},{'R2'},{'R3'},{'R4'},&,1.0,&
{'D5'},{'R1'},{'D1'},{'D4'},{'R2'},{'D3'},{'D2'},{'R3'},{'R4'},{'R5'},&,1.0,&
{'D5'},{'R1'},{'D1'},{'D3'},{'D4'},{'D2'},{'R2'},{'R3'},{'R5'},{'R4'},&,1.0,&
{'D5'},{'R1'},{'D1'},{'R2'},{'D4'},{'D3'},{'D2'},{'R3'},{'R5'},{'R4'},&,1.0,&
{'D5'},{'R1'},{'D2'},{'D4'},{'D3'},{'D1'},{'R2'},{'R4'},{'R3'},{'R5'},&,1.0,&
{'D5'},{'R1'},{'D2'},{'D4'},{'D3'},{'D1'},{'R2'},{'R3'},{'R5'},{'R4'},&,1.0,&
{'D5'},{'R1'},{'D2'},{'D4'},{'R2'},{'D3'},{'D1'},{'R5'},{'R3'},{'R4'},&,1.0,&
{'D5'},{'R1'},{'D2'},{'D3'},{'D4'},{'D1'},{'R2'},{'R5'},{'R3'},{'R4'},&,2.0,&
{'D5'},{'R1'},{'D2'},{'D3'},{'D4'},{'D1'},{'R2'},{'R4'},{'R3'},{'R5'},&,1.0,&
{'D5'},{'R1'},{'D2'},{'D1'},{'D4'},{'D3'},{'R2'},{'R5'},{'R3'},{'R4'},&,2.0,&
{'D5'},{'R1'},{'D2'},{'D1'},{'D4'},{'D3'},{'R2'},{'R4'},{'R5'},{'R3'},&,1.0,&
{'D5'},{'R1'},{'D2'},{'D1'},{'D3'},{'D4'},{'R2'},{'R5'},{'R3'},{'R4'},&,1.0,&
{'D5'},{'R1'},{'D2'},{'R2'},{'D3'},{'D4'},{'D1'},{'R5'},{'R3'},{'R4'},&,1.0,&
{'D5'},{'R1'},{'D2'},{'R3'},{'D4'},{'D3'},{'D1'},{'R2'},{'R4'},{'R5'},&,1.0,&
{'D5'},{'R1'},{'D4'},{'D3'},{'D2'},{'D1'},{'R2'},{'R5'},{'R3'},{'R4'},&,2.0,&
{'D5'},{'R1'},{'D4'},{'D3'},{'D2'},{'D1'},{'R2'},{'R5'},{'R4'},{'R3'},&,2.0,&
{'D5'},{'R1'},{'D4'},{'D3'},{'D2'},{'D1'},{'R2'},{'R3'},{'R5'},{'R4'},&,1.0,&
{'D5'},{'R1'},{'D4'},{'D3'},{'D2'},{'R5'},{'D1'},{'R2'},{'R3'},{'R4'},&,1.0,&
{'D5'},{'R1'},{'D4'},{'D3'},{'D1'},{'R2'},{'D2'},{'R5'},{'R3'},{'R4'},&,1.0,&
{'D5'},{'R1'},{'D4'},{'D3'},{'D1'},{'D2'},{'R2'},{'R5'},{'R3'},{'R4'},&,3.0,&
{'D5'},{'R1'},{'D4'},{'D3'},{'D1'},{'D2'},{'R2'},{'R5'},{'R4'},{'R3'},&,1.0,&
{'D5'},{'R1'},{'D4'},{'D3'},{'D1'},{'D2'},{'R2'},{'R3'},{'R5'},{'R4'},&,2.0,&
{'D5'},{'R1'},{'D4'},{'D3'},{'R5'},{'D2'},{'D1'},{'R2'},{'R3'},{'R4'},&,1.0,&
{'D5'},{'R1'},{'D4'},{'D3'},{'R2'},{'D1'},{'D2'},{'R5'},{'R4'},{'R3'},&,1.0,&
{'D5'},{'R1'},{'D4'},{'D3'},{'R2'},{'D2'},{'D1'},{'R5'},{'R3'},{'R4'},&,1.0,&
{'D5'},{'R1'},{'D4'},{'D3'},{'R2'},{'D2'},{'D1'},{'R4'},{'R3'},{'R5'},&,1.0,&
{'D5'},{'R1'},{'D4'},{'D2'},{'D1'},{'D3'},{'R2'},{'R5'},{'R3'},{'R4'},&,1.0,&
{'D5'},{'R1'},{'D4'},{'D2'},{'D1'},{'D3'},{'R2'},{'R3'},{'R5'},{'R4'},&,1.0,&
{'D5'},{'R1'},{'D4'},{'D2'},{'D3'},{'D1'},{'R2'},{'R5'},{'R3'},{'R4'},&,2.0,&
{'D5'},{'R1'},{'D4'},{'D2'},{'D3'},{'D1'},{'R2'},{'R5'},{'R4'},{'R3'},&,1.0,&
{'D5'},{'R1'},{'D4'},{'D2'},{'D3'},{'D1'},{'R2'},{'R3'},{'R5'},{'R4'},&,1.0,&
{'D5'},{'R1'},{'D4'},{'D2'},{'D3'},{'D1'},{'R5'},{'R2'},{'R3'},{'R4'},&,1.0,&
{'D5'},{'R1'},{'D4'},{'D2'},{'D3'},{'D1'},{'R3'},{'R2'},{'R5'},{'R4'},&,1.0,&
{'D5'},{'R1'},{'D4'},{'D2'},{'D3'},{'R5'},{'D1'},{'R2'},{'R3'},{'R4'},&,1.0,&
{'D5'},{'R1'},{'D4'},{'D2'},{'R2'},{'D3'},{'D1'},{'R5'},{'R3'},{'R4'},&,1.0,&
{'D5'},{'R1'},{'D4'},{'D2'},{'R2'},{'D3'},{'D1'},{'R5'},{'R4'},{'R3'},&,1.0,&
{'D5'},{'R1'},{'D4'},{'D1'},{'D2'},{'D3'},{'R2'},{'R5'},{'R3'},{'R4'},&,1.0,&
{'D5'},{'R1'},{'D4'},{'D1'},{'D2'},{'D3'},{'R2'},{'R3'},{'R5'},{'R4'},&,1.0,&
{'D5'},{'R1'},{'D4'},{'R2'},{'D3'},{'D1'},{'D2'},{'R5'},{'R4'},{'R3'},&,1.0,&
{'D5'},{'R1'},{'D4'},{'R2'},{'D3'},{'D2'},{'D1'},{'R3'},{'R5'},{'R4'},&,1.0,&
{'D5'},{'R1'},{'D4'},{'R4'},{'D3'},{'D2'},{'R2'},{'D1'},{'R3'},{'R5'},&,1.0,&
{'D5'},{'R1'},{'R2'},{'D4'},{'D3'},{'D2'},{'D1'},{'R5'},{'R3'},{'R4'},&,1.0,&
{'D5'},{'R1'},{'R2'},{'D4'},{'D3'},{'D2'},{'D1'},{'R4'},{'R3'},{'R5'},&,1.0,&
{'D5'},{'R1'},{'R2'},{'D4'},{'D3'},{'D2'},{'R3'},{'D1'},{'R5'},{'R4'},&,1.0,&
{'D5'},{'R1'},{'R2'},{'D4'},{'R5'},{'D1'},{'D3'},{'D2'},{'R3'},{'R4'},&,1.0,&
{'D5'},{'R1'},{'R2'},{'D4'},{'R4'},{'R5'},{'R3'},{'D1'},{'D3'},{'D2'},&,1.0,&
{'D5'},{'R1'},{'R2'},{'D3'},{'D2'},{'D4'},{'D1'},{'R4'},{'R5'},{'R3'},&,2.0,&
{'D5'},{'R1'},{'R2'},{'D3'},{'D2'},{'D4'},{'D1'},{'R3'},{'R5'},{'R4'},&,1.0,&
{'D5'},{'R1'},{'R2'},{'D3'},{'D4'},{'D2'},{'R5'},{'D1'},{'R3'},{'R4'},&,1.0,&
{'D5'},{'R1'},{'R2'},{'D3'},{'R4'},{'D4'},{'R5'},{'D2'},{'D1'},{'R3'},&,1.0,&
{'D5'},{'R1'},{'R2'},{'D2'},{'D4'},{'D3'},{'D1'},{'R5'},{'R3'},{'R4'},&,1.0,&
{'D5'},{'R1'},{'R2'},{'D1'},{'R5'},{'R3'},{'R4'},{'D3'},{'D2'},{'D4'},&,1.0,&
{'D5'},{'R1'},{'R2'},{'R5'},{'D4'},{'D3'},{'D1'},{'D2'},{'R3'},{'R4'},&,1.0,&
{'D5'},{'R1'},{'R2'},{'R5'},{'R3'},{'R4'},{'D3'},{'D4'},{'D1'},{'D2'},&,1.0,&
{'D5'},{'R1'},{'R2'},{'R5'},{'R4'},{'D4'},{'D3'},{'D1'},{'D2'},{'R3'},&,1.0,&
{'D5'},{'R1'},{'R2'},{'R3'},{'R5'},{'R4'},{'D1'},{'D3'},{'D4'},{'D2'},&,1.0,&
{'D5'},{'R1'},{'R2'},{'R4'},{'R5'},{'R3'},{'D3'},{'D1'},{'D2'},{'D4'},&,2.0,&
{'D5'},{'R1'},{'R2'},{'R4'},{'R5'},{'R3'},{'D3'},{'D1'},{'D4'},{'D2'},&,1.0,&
{'D5'},{'R1'},{'R2'},{'R4'},{'R5'},{'R3'},{'D1'},{'D3'},{'D2'},{'D4'},&,1.0,&
{'D5'},{'R1'},{'R2'},{'R4'},{'R5'},{'R3'},{'D1'},{'D3'},{'D4'},{'D2'},&,1.0,&
{'D5'},{'R1'},{'R5'},{'D4'},{'D3'},{'D2'},{'D1'},{'R2'},{'R4'},{'R3'},&,1.0,&
{'D5'},{'R1'},{'R5'},{'D3'},{'D1'},{'D4'},{'D2'},{'R2'},{'R4'},{'R3'},&,1.0,&
{'D5'},{'R1'},{'R5'},{'D3'},{'R2'},{'D4'},{'R3'},{'R4'},{'D2'},{'D1'},&,1.0,&
{'D5'},{'R1'},{'R5'},{'D2'},{'D3'},{'D4'},{'D1'},{'R2'},{'R4'},{'R3'},&,1.0,&
{'D5'},{'R1'},{'R5'},{'D1'},{'D4'},{'D3'},{'D2'},{'R2'},{'R3'},{'R4'},&,1.0,&
{'D5'},{'R1'},{'R5'},{'R2'},{'R4'},{'R3'},{'D3'},{'D1'},{'D4'},{'D2'},&,1.0,&
{'D5'},{'R1'},{'R5'},{'R2'},{'R4'},{'R3'},{'D1'},{'D4'},{'D3'},{'D2'},&,1.0,&
{'D5'},{'R1'},{'R5'},{'R4'},{'D3'},{'R2'},{'R3'},{'D1'},{'D2'},{'D4'},&,1.0,&
{'D5'},{'R1'},{'R3'},{'R4'},{'R5'},{'R2'},{'D1'},{'D3'},{'D4'},{'D2'},&,1.0,&
{'D5'},{'R1'},{'R4'},{'D3'},{'D4'},{'D2'},{'D1'},{'R2'},{'R5'},{'R3'},&,1.0,&
{'D5'},{'R1'},{'R4'},{'R2'},{'R5'},{'R3'},{'D1'},{'D3'},{'D4'},{'D2'},&,2.0,&
{'D5'},{'R2'},{'D3'},{'D4'},{'D2'},{'D1'},{'R5'},{'R1'},{'R3'},{'R4'},&,1.0,&
{'D5'},{'R2'},{'D3'},{'D4'},{'D2'},{'D1'},{'R5'},{'R1'},{'R4'},{'R3'},&,2.0,&
{'D5'},{'R2'},{'D3'},{'D4'},{'D2'},{'D1'},{'R1'},{'R5'},{'R3'},{'R4'},&,3.0,&
{'D5'},{'R2'},{'D3'},{'D4'},{'D2'},{'D1'},{'R1'},{'R4'},{'R5'},{'R3'},&,1.0,&
{'D5'},{'R2'},{'D3'},{'D4'},{'D2'},{'D1'},{'R1'},{'R3'},{'R5'},{'R4'},&,2.0,&
{'D5'},{'R2'},{'D3'},{'D4'},{'D2'},{'D1'},{'R3'},{'R1'},{'R4'},{'R5'},&,1.0,&
{'D5'},{'R2'},{'D3'},{'D4'},{'D2'},{'D1'},{'R4'},{'R1'},{'R3'},{'R5'},&,1.0,&
{'D5'},{'R2'},{'D3'},{'D4'},{'D2'},{'R1'},{'R5'},{'D1'},{'R3'},{'R4'},&,1.0,&
{'D5'},{'R2'},{'D3'},{'D4'},{'D2'},{'R1'},{'D1'},{'R5'},{'R3'},{'R4'},&,1.0,&
{'D5'},{'R2'},{'D3'},{'D4'},{'D1'},{'R1'},{'D2'},{'R3'},{'R4'},{'R5'},&,1.0,&
{'D5'},{'R2'},{'D3'},{'D4'},{'D1'},{'D2'},{'R5'},{'R1'},{'R3'},{'R4'},&,1.0,&
{'D5'},{'R2'},{'D3'},{'D4'},{'D1'},{'D2'},{'R1'},{'R5'},{'R3'},{'R4'},&,4.0,&
{'D5'},{'R2'},{'D3'},{'D4'},{'D1'},{'D2'},{'R1'},{'R5'},{'R4'},{'R3'},&,1.0,&
{'D5'},{'R2'},{'D3'},{'D4'},{'D1'},{'D2'},{'R1'},{'R3'},{'R4'},{'R5'},&,1.0,&
{'D5'},{'R2'},{'D3'},{'D4'},{'D1'},{'D2'},{'R3'},{'R1'},{'R5'},{'R4'},&,1.0,&
{'D5'},{'R2'},{'D3'},{'D4'},{'R1'},{'D1'},{'D2'},{'R5'},{'R4'},{'R3'},&,1.0,&
{'D5'},{'R2'},{'D3'},{'D4'},{'R1'},{'D1'},{'D2'},{'R3'},{'R5'},{'R4'},&,1.0,&
{'D5'},{'R2'},{'D3'},{'D4'},{'R1'},{'D2'},{'D1'},{'R4'},{'R5'},{'R3'},&,1.0,&
{'D5'},{'R2'},{'D3'},{'D2'},{'D1'},{'D4'},{'R1'},{'R5'},{'R4'},{'R3'},&,1.0,&
{'D5'},{'R2'},{'D3'},{'D2'},{'R1'},{'D4'},{'D1'},{'R5'},{'R3'},{'R4'},&,1.0,&
{'D5'},{'R2'},{'D3'},{'D2'},{'R1'},{'D4'},{'R3'},{'D1'},{'R5'},{'R4'},&,1.0,&
{'D5'},{'R2'},{'D3'},{'D2'},{'D4'},{'D1'},{'R1'},{'R5'},{'R3'},{'R4'},&,5.0,&
{'D5'},{'R2'},{'D3'},{'D2'},{'D4'},{'D1'},{'R1'},{'R5'},{'R4'},{'R3'},&,1.0,&
{'D5'},{'R2'},{'D3'},{'D2'},{'D4'},{'D1'},{'R1'},{'R4'},{'R5'},{'R3'},&,1.0,&
{'D5'},{'R2'},{'D3'},{'D2'},{'D4'},{'D1'},{'R1'},{'R3'},{'R4'},{'R5'},&,1.0,&
{'D5'},{'R2'},{'D3'},{'D2'},{'D4'},{'D1'},{'R1'},{'R3'},{'R5'},{'R4'},&,3.0,&
{'D5'},{'R2'},{'D3'},{'D2'},{'D4'},{'D1'},{'R3'},{'R5'},{'R1'},{'R4'},&,1.0,&
{'D5'},{'R2'},{'D3'},{'D2'},{'D4'},{'R1'},{'D1'},{'R5'},{'R3'},{'R4'},&,1.0,&
{'D5'},{'R2'},{'D3'},{'D1'},{'R1'},{'D4'},{'D2'},{'R5'},{'R3'},{'R4'},&,1.0,&
{'D5'},{'R2'},{'D3'},{'D1'},{'D4'},{'D2'},{'R1'},{'R5'},{'R4'},{'R3'},&,1.0,&
{'D5'},{'R2'},{'D3'},{'R5'},{'D1'},{'D4'},{'D2'},{'R1'},{'R4'},{'R3'},&,1.0,&
{'D5'},{'R2'},{'D3'},{'R5'},{'D4'},{'D1'},{'D2'},{'R1'},{'R3'},{'R4'},&,1.0,&
{'D5'},{'R2'},{'D3'},{'R1'},{'D2'},{'R3'},{'R5'},{'D1'},{'D4'},{'R4'},&,1.0,&
{'D5'},{'R2'},{'D3'},{'R1'},{'D2'},{'R3'},{'D4'},{'D1'},{'R5'},{'R4'},&,1.0,&
{'D5'},{'R2'},{'D3'},{'R1'},{'D1'},{'D4'},{'D2'},{'R5'},{'R3'},{'R4'},&,1.0,&
{'D5'},{'R2'},{'D3'},{'R1'},{'D4'},{'D1'},{'R5'},{'R3'},{'D2'},{'R4'},&,1.0,&
{'D5'},{'R2'},{'D3'},{'R1'},{'D4'},{'D1'},{'D2'},{'R5'},{'R3'},{'R4'},&,1.0,&
{'D5'},{'R2'},{'D3'},{'R1'},{'D4'},{'D1'},{'D2'},{'R5'},{'R4'},{'R3'},&,1.0,&
{'D5'},{'R2'},{'D3'},{'R1'},{'D4'},{'D1'},{'D2'},{'R4'},{'R3'},{'R5'},&,1.0,&
{'D5'},{'R2'},{'D3'},{'R1'},{'R5'},{'D4'},{'D2'},{'D1'},{'R3'},{'R4'},&,1.0,&
{'D5'},{'R2'},{'D3'},{'R1'},{'R4'},{'R5'},{'D2'},{'D1'},{'D4'},{'R3'},&,1.0,&
{'D5'},{'R2'},{'D3'},{'R3'},{'D2'},{'D1'},{'D4'},{'R1'},{'R5'},{'R4'},&,1.0,&
{'D5'},{'R2'},{'D3'},{'R3'},{'D4'},{'D1'},{'D2'},{'R5'},{'R4'},{'R1'},&,1.0,&
{'D5'},{'R2'},{'D3'},{'R4'},{'R1'},{'R5'},{'R3'},{'D1'},{'D2'},{'D4'},&,1.0,&
{'D5'},{'R2'},{'D3'},{'R4'},{'D4'},{'D1'},{'D2'},{'R1'},{'R5'},{'R3'},&,1.0,&
{'D5'},{'R2'},{'D1'},{'D4'},{'D3'},{'R5'},{'D2'},{'R1'},{'R3'},{'R4'},&,1.0,&
{'D5'},{'R2'},{'D1'},{'D4'},{'D3'},{'D2'},{'R3'},{'R5'},{'R1'},{'R4'},&,1.0,&
{'D5'},{'R2'},{'D1'},{'D3'},{'D4'},{'R1'},{'D2'},{'R5'},{'R3'},{'R4'},&,1.0,&
{'D5'},{'R2'},{'D1'},{'D3'},{'D4'},{'D2'},{'R5'},{'R1'},{'R3'},{'R4'},&,1.0,&
{'D5'},{'R2'},{'D1'},{'D3'},{'D4'},{'D2'},{'R1'},{'R5'},{'R3'},{'R4'},&,1.0,&
{'D5'},{'R2'},{'D1'},{'D3'},{'D4'},{'D2'},{'R1'},{'R3'},{'R5'},{'R4'},&,1.0,&
{'D5'},{'R2'},{'D1'},{'R5'},{'R1'},{'D3'},{'R3'},{'R4'},{'D4'},{'D2'},&,1.0,&
{'D5'},{'R2'},{'D2'},{'D4'},{'D1'},{'D3'},{'R1'},{'R5'},{'R3'},{'R4'},&,1.0,&
{'D5'},{'R2'},{'D2'},{'D4'},{'R1'},{'R5'},{'D3'},{'D1'},{'R3'},{'R4'},&,1.0,&
{'D5'},{'R2'},{'D2'},{'D4'},{'R1'},{'D3'},{'D1'},{'R4'},{'R5'},{'R3'},&,1.0,&
{'D5'},{'R2'},{'D2'},{'D4'},{'D3'},{'D1'},{'R1'},{'R5'},{'R3'},{'R4'},&,1.0,&
{'D5'},{'R2'},{'D2'},{'D4'},{'D3'},{'D1'},{'R1'},{'R4'},{'R5'},{'R3'},&,1.0,&
{'D5'},{'R2'},{'D2'},{'D4'},{'D3'},{'D1'},{'R1'},{'R3'},{'R5'},{'R4'},&,2.0,&
{'D5'},{'R2'},{'D2'},{'D4'},{'D3'},{'D1'},{'R3'},{'R5'},{'R1'},{'R4'},&,1.0,&
{'D5'},{'R2'},{'D2'},{'D4'},{'D3'},{'R1'},{'D1'},{'R3'},{'R5'},{'R4'},&,1.0,&
{'D5'},{'R2'},{'D2'},{'D4'},{'R3'},{'D3'},{'D1'},{'R1'},{'R4'},{'R5'},&,1.0,&
{'D5'},{'R2'},{'D2'},{'D3'},{'D1'},{'D4'},{'R1'},{'R5'},{'R3'},{'R4'},&,1.0,&
{'D5'},{'R2'},{'D2'},{'D3'},{'R1'},{'D1'},{'D4'},{'R5'},{'R4'},{'R3'},&,1.0,&
{'D5'},{'R2'},{'D2'},{'D3'},{'D4'},{'D1'},{'R1'},{'R5'},{'R3'},{'R4'},&,1.0,&
{'D5'},{'R2'},{'D2'},{'D3'},{'D4'},{'D1'},{'R1'},{'R5'},{'R4'},{'R3'},&,2.0,&
{'D5'},{'R2'},{'D2'},{'D3'},{'D4'},{'D1'},{'R1'},{'R3'},{'R5'},{'R4'},&,1.0,&
{'D5'},{'R2'},{'D2'},{'D3'},{'R3'},{'D4'},{'D1'},{'R4'},{'R1'},{'R5'},&,1.0,&
{'D5'},{'R2'},{'D2'},{'D1'},{'R1'},{'D4'},{'D3'},{'R3'},{'R5'},{'R4'},&,1.0,&
{'D5'},{'R2'},{'D2'},{'R1'},{'D4'},{'D3'},{'D1'},{'R5'},{'R3'},{'R4'},&,2.0,&
{'D5'},{'R2'},{'D2'},{'R1'},{'D3'},{'D4'},{'D1'},{'R3'},{'R4'},{'R5'},&,1.0,&
{'D5'},{'R2'},{'D2'},{'R3'},{'D3'},{'D1'},{'D4'},{'R1'},{'R4'},{'R5'},&,1.0,&
{'D5'},{'R2'},{'D4'},{'D3'},{'D2'},{'D1'},{'R5'},{'R1'},{'R3'},{'R4'},&,5.0,&
{'D5'},{'R2'},{'D4'},{'D3'},{'D2'},{'D1'},{'R1'},{'R5'},{'R3'},{'R4'},&,5.0,&
{'D5'},{'R2'},{'D4'},{'D3'},{'D2'},{'D1'},{'R1'},{'R4'},{'R5'},{'R3'},&,1.0,&
{'D5'},{'R2'},{'D4'},{'D3'},{'D2'},{'D1'},{'R1'},{'R3'},{'R5'},{'R4'},&,3.0,&
{'D5'},{'R2'},{'D4'},{'D3'},{'D2'},{'D1'},{'R3'},{'R1'},{'R5'},{'R4'},&,2.0,&
{'D5'},{'R2'},{'D4'},{'D3'},{'D2'},{'R1'},{'R5'},{'R3'},{'D1'},{'R4'},&,1.0,&
{'D5'},{'R2'},{'D4'},{'D3'},{'D2'},{'R1'},{'D1'},{'R5'},{'R3'},{'R4'},&,1.0,&
{'D5'},{'R2'},{'D4'},{'D3'},{'D2'},{'R1'},{'D1'},{'R3'},{'R5'},{'R4'},&,1.0,&
{'D5'},{'R2'},{'D4'},{'D3'},{'D1'},{'R1'},{'D2'},{'R5'},{'R4'},{'R3'},&,1.0,&
{'D5'},{'R2'},{'D4'},{'D3'},{'D1'},{'R5'},{'D2'},{'R1'},{'R3'},{'R4'},&,1.0,&
{'D5'},{'R2'},{'D4'},{'D3'},{'D1'},{'D2'},{'R5'},{'R1'},{'R3'},{'R4'},&,1.0,&
{'D5'},{'R2'},{'D4'},{'D3'},{'D1'},{'D2'},{'R1'},{'R5'},{'R3'},{'R4'},&,3.0,&
{'D5'},{'R2'},{'D4'},{'D3'},{'D1'},{'D2'},{'R1'},{'R5'},{'R4'},{'R3'},&,2.0,&
{'D5'},{'R2'},{'D4'},{'D3'},{'D1'},{'D2'},{'R1'},{'R4'},{'R5'},{'R3'},&,1.0,&
{'D5'},{'R2'},{'D4'},{'D3'},{'D1'},{'D2'},{'R1'},{'R3'},{'R5'},{'R4'},&,1.0,&
{'D5'},{'R2'},{'D4'},{'D3'},{'D1'},{'D2'},{'R3'},{'R1'},{'R5'},{'R4'},&,1.0,&
{'D5'},{'R2'},{'D4'},{'D3'},{'D1'},{'D2'},{'R3'},{'R4'},{'R1'},{'R5'},&,1.0,&
{'D5'},{'R2'},{'D4'},{'D3'},{'D1'},{'D2'},{'R4'},{'R1'},{'R3'},{'R5'},&,1.0,&
{'D5'},{'R2'},{'D4'},{'D3'},{'R1'},{'D1'},{'D2'},{'R5'},{'R3'},{'R4'},&,1.0,&
{'D5'},{'R2'},{'D4'},{'D3'},{'R1'},{'D2'},{'D1'},{'R5'},{'R3'},{'R4'},&,2.0,&
{'D5'},{'R2'},{'D4'},{'D3'},{'R1'},{'D2'},{'D1'},{'R5'},{'R4'},{'R3'},&,1.0,&
{'D5'},{'R2'},{'D4'},{'D3'},{'R1'},{'D2'},{'D1'},{'R3'},{'R5'},{'R4'},&,1.0,&
{'D5'},{'R2'},{'D4'},{'D3'},{'R5'},{'D1'},{'D2'},{'R1'},{'R3'},{'R4'},&,1.0,&
{'D5'},{'R2'},{'D4'},{'D2'},{'D1'},{'D3'},{'R1'},{'R5'},{'R3'},{'R4'},&,1.0,&
{'D5'},{'R2'},{'D4'},{'D2'},{'R1'},{'D3'},{'D1'},{'R3'},{'R5'},{'R4'},&,1.0,&
{'D5'},{'R2'},{'D4'},{'D2'},{'D3'},{'D1'},{'R5'},{'R1'},{'R3'},{'R4'},&,1.0,&
{'D5'},{'R2'},{'D4'},{'D2'},{'D3'},{'D1'},{'R5'},{'R3'},{'R1'},{'R4'},&,1.0,&
{'D5'},{'R2'},{'D4'},{'D2'},{'D3'},{'D1'},{'R1'},{'R5'},{'R3'},{'R4'},&,2.0,&
{'D5'},{'R2'},{'D4'},{'D2'},{'D3'},{'D1'},{'R1'},{'R5'},{'R4'},{'R3'},&,2.0,&
{'D5'},{'R2'},{'D4'},{'D2'},{'D3'},{'R1'},{'D1'},{'R5'},{'R3'},{'R4'},&,1.0,&
{'D5'},{'R2'},{'D4'},{'D1'},{'D3'},{'R1'},{'D2'},{'R5'},{'R3'},{'R4'},&,1.0,&
{'D5'},{'R2'},{'D4'},{'D1'},{'D3'},{'D2'},{'R1'},{'R5'},{'R3'},{'R4'},&,3.0,&
{'D5'},{'R2'},{'D4'},{'D1'},{'D3'},{'D2'},{'R3'},{'R1'},{'R4'},{'R5'},&,1.0,&
{'D5'},{'R2'},{'D4'},{'R5'},{'D2'},{'D1'},{'D3'},{'R1'},{'R4'},{'R3'},&,1.0,&
{'D5'},{'R2'},{'D4'},{'R5'},{'D2'},{'D3'},{'D1'},{'R1'},{'R3'},{'R4'},&,1.0,&
{'D5'},{'R2'},{'D4'},{'R5'},{'D3'},{'D1'},{'D2'},{'R1'},{'R3'},{'R4'},&,1.0,&
{'D5'},{'R2'},{'D4'},{'R5'},{'D3'},{'R1'},{'D2'},{'D1'},{'R3'},{'R4'},&,1.0,&
{'D5'},{'R2'},{'D4'},{'R1'},{'D2'},{'D3'},{'R5'},{'D1'},{'R3'},{'R4'},&,1.0,&
{'D5'},{'R2'},{'D4'},{'R1'},{'D3'},{'D1'},{'D2'},{'R5'},{'R3'},{'R4'},&,1.0,&
{'D5'},{'R2'},{'D4'},{'R1'},{'D3'},{'D1'},{'D2'},{'R3'},{'R5'},{'R4'},&,1.0,&
{'D5'},{'R2'},{'D4'},{'R1'},{'D3'},{'R5'},{'D2'},{'R3'},{'D1'},{'R4'},&,1.0,&
{'D5'},{'R2'},{'D4'},{'R1'},{'D3'},{'D2'},{'D1'},{'R4'},{'R5'},{'R3'},&,1.0,&
{'D5'},{'R2'},{'D4'},{'R1'},{'D3'},{'D2'},{'D1'},{'R3'},{'R5'},{'R4'},&,1.0,&
{'D5'},{'R2'},{'D4'},{'R1'},{'R5'},{'D1'},{'D3'},{'D2'},{'R4'},{'R3'},&,1.0,&
{'D5'},{'R2'},{'D4'},{'R1'},{'R5'},{'D3'},{'R3'},{'D2'},{'D1'},{'R4'},&,1.0,&
{'D5'},{'R2'},{'D4'},{'R1'},{'R3'},{'R5'},{'D3'},{'R4'},{'D1'},{'D2'},&,1.0,&
{'D5'},{'R2'},{'D4'},{'R4'},{'R1'},{'D2'},{'D1'},{'D3'},{'R5'},{'R3'},&,1.0,&
{'D5'},{'R2'},{'R1'},{'D4'},{'D1'},{'D3'},{'D2'},{'R3'},{'R5'},{'R4'},&,1.0,&
{'D5'},{'R2'},{'R1'},{'D4'},{'D3'},{'D1'},{'R5'},{'D2'},{'R4'},{'R3'},&,1.0,&
{'D5'},{'R2'},{'R1'},{'D4'},{'D3'},{'R5'},{'D2'},{'D1'},{'R4'},{'R3'},&,1.0,&
{'D5'},{'R2'},{'R1'},{'D4'},{'D3'},{'R3'},{'D1'},{'D2'},{'R4'},{'R5'},&,1.0,&
{'D5'},{'R2'},{'R1'},{'D4'},{'D3'},{'R3'},{'D1'},{'D2'},{'R5'},{'R4'},&,1.0,&
{'D5'},{'R2'},{'R1'},{'D4'},{'D3'},{'D2'},{'D1'},{'R5'},{'R3'},{'R4'},&,1.0,&
{'D5'},{'R2'},{'R1'},{'D4'},{'D3'},{'D2'},{'D1'},{'R3'},{'R5'},{'R4'},&,2.0,&
{'D5'},{'R2'},{'R1'},{'D4'},{'D3'},{'D2'},{'R4'},{'D1'},{'R3'},{'R5'},&,1.0,&
{'D5'},{'R2'},{'R1'},{'D4'},{'R5'},{'D3'},{'D1'},{'D2'},{'R3'},{'R4'},&,1.0,&
{'D5'},{'R2'},{'R1'},{'D3'},{'D2'},{'D4'},{'R5'},{'D1'},{'R4'},{'R3'},&,1.0,&
{'D5'},{'R2'},{'R1'},{'D3'},{'D2'},{'D4'},{'D1'},{'R5'},{'R3'},{'R4'},&,1.0,&
{'D5'},{'R2'},{'R1'},{'D3'},{'D1'},{'R5'},{'D2'},{'D4'},{'R3'},{'R4'},&,1.0,&
{'D5'},{'R2'},{'R1'},{'D3'},{'D4'},{'D1'},{'D2'},{'R3'},{'R5'},{'R4'},&,1.0,&
{'D5'},{'R2'},{'R1'},{'D3'},{'D4'},{'R3'},{'D2'},{'D1'},{'R5'},{'R4'},&,1.0,&
{'D5'},{'R2'},{'R1'},{'D3'},{'D4'},{'D2'},{'D1'},{'R5'},{'R4'},{'R3'},&,1.0,&
{'D5'},{'R2'},{'R1'},{'D2'},{'D4'},{'R5'},{'D1'},{'D3'},{'R3'},{'R4'},&,1.0,&
{'D5'},{'R2'},{'R1'},{'D2'},{'D4'},{'R3'},{'R5'},{'D3'},{'D1'},{'R4'},&,1.0,&
{'D5'},{'R2'},{'R1'},{'D2'},{'D3'},{'D4'},{'D1'},{'R4'},{'R5'},{'R3'},&,1.0,&
{'D5'},{'R2'},{'R1'},{'D1'},{'D4'},{'D3'},{'D2'},{'R5'},{'R4'},{'R3'},&,1.0,&
{'D5'},{'R2'},{'R1'},{'D1'},{'D3'},{'D4'},{'D2'},{'R5'},{'R3'},{'R4'},&,1.0,&
{'D5'},{'R2'},{'R1'},{'D1'},{'D3'},{'D4'},{'D2'},{'R3'},{'R5'},{'R4'},&,1.0,&
{'D5'},{'R2'},{'R1'},{'D1'},{'R5'},{'D4'},{'D2'},{'D3'},{'R4'},{'R3'},&,1.0,&
{'D5'},{'R2'},{'R1'},{'D1'},{'R3'},{'D4'},{'D3'},{'D2'},{'R5'},{'R4'},&,1.0,&
{'D5'},{'R2'},{'R1'},{'R3'},{'D2'},{'D3'},{'D4'},{'D1'},{'R5'},{'R4'},&,1.0,&
{'D5'},{'R2'},{'R1'},{'R3'},{'D4'},{'D2'},{'R4'},{'R5'},{'D3'},{'D1'},&,1.0,&
{'D5'},{'R2'},{'R1'},{'R3'},{'R5'},{'R4'},{'D1'},{'D3'},{'D4'},{'D2'},&,1.0,&
{'D5'},{'R2'},{'R1'},{'R3'},{'R4'},{'R5'},{'D4'},{'D3'},{'D1'},{'D2'},&,1.0,&
{'D5'},{'R2'},{'R1'},{'R4'},{'D4'},{'R3'},{'R5'},{'D3'},{'D1'},{'D2'},&,1.0,&
{'D5'},{'R2'},{'R1'},{'R4'},{'R5'},{'R3'},{'D3'},{'D1'},{'D2'},{'D4'},&,1.0,&
{'D5'},{'R2'},{'R1'},{'R4'},{'R5'},{'R3'},{'D3'},{'D1'},{'D4'},{'D2'},&,1.0,&
{'D5'},{'R2'},{'R5'},{'D3'},{'R4'},{'R1'},{'R3'},{'D1'},{'D2'},{'D4'},&,1.0,&
{'D5'},{'R2'},{'R5'},{'D3'},{'R4'},{'D2'},{'D1'},{'D4'},{'R1'},{'R3'},&,1.0,&
{'D5'},{'R2'},{'R5'},{'D1'},{'D3'},{'D4'},{'D2'},{'R1'},{'R4'},{'R3'},&,1.0,&
{'D5'},{'R2'},{'R5'},{'R1'},{'D4'},{'D1'},{'D2'},{'D3'},{'R3'},{'R4'},&,1.0,&
{'D5'},{'R2'},{'R5'},{'R1'},{'R4'},{'R3'},{'D2'},{'D1'},{'D3'},{'D4'},&,1.0,&
{'D5'},{'R2'},{'R5'},{'R1'},{'R4'},{'R3'},{'D2'},{'D4'},{'D1'},{'D3'},&,1.0,&
{'D5'},{'R2'},{'R5'},{'R1'},{'R4'},{'R3'},{'D3'},{'D1'},{'D2'},{'D4'},&,1.0,&
{'D5'},{'R2'},{'R5'},{'R4'},{'D1'},{'R3'},{'D3'},{'R1'},{'D2'},{'D4'},&,1.0,&
{'D5'},{'R2'},{'R3'},{'D4'},{'D1'},{'R1'},{'D3'},{'D2'},{'R5'},{'R4'},&,1.0,&
{'D5'},{'R2'},{'R3'},{'D4'},{'D3'},{'R1'},{'D1'},{'D2'},{'R5'},{'R4'},&,1.0,&
{'D5'},{'R2'},{'R3'},{'D3'},{'D2'},{'R1'},{'D4'},{'D1'},{'R5'},{'R4'},&,1.0,&
{'D5'},{'R2'},{'R3'},{'R5'},{'R1'},{'R4'},{'D3'},{'D1'},{'D2'},{'D4'},&,1.0,&
{'D5'},{'R2'},{'R3'},{'R5'},{'R1'},{'R4'},{'D1'},{'D3'},{'D4'},{'D2'},&,1.0,&
{'D5'},{'R2'},{'R3'},{'R1'},{'D3'},{'D4'},{'D1'},{'D2'},{'R5'},{'R4'},&,1.0,&
{'D5'},{'R2'},{'R4'},{'D3'},{'D4'},{'D1'},{'D2'},{'R5'},{'R1'},{'R3'},&,1.0,&
{'D5'},{'R2'},{'R4'},{'D1'},{'D3'},{'R1'},{'R5'},{'R3'},{'D2'},{'D4'},&,1.0,&
{'D5'},{'R2'},{'R4'},{'R1'},{'R5'},{'D3'},{'R3'},{'D4'},{'D1'},{'D2'},&,1.0,&
{'D5'},{'D1'},{'D3'},{'D4'},{'D2'},{'R1'},{'R2'},{'R5'},{'R3'},{'R4'},&,4.0,&
{'D5'},{'D1'},{'D3'},{'D4'},{'D2'},{'R1'},{'R2'},{'R5'},{'R4'},{'R3'},&,1.0,&
{'D5'},{'D1'},{'D3'},{'D4'},{'D2'},{'R1'},{'R2'},{'R4'},{'R5'},{'R3'},&,1.0,&
{'D5'},{'D1'},{'D3'},{'D4'},{'D2'},{'R1'},{'R2'},{'R3'},{'R5'},{'R4'},&,2.0,&
{'D5'},{'D1'},{'D3'},{'D4'},{'D2'},{'R1'},{'R5'},{'R2'},{'R4'},{'R3'},&,2.0,&
{'D5'},{'D1'},{'D3'},{'D4'},{'D2'},{'R2'},{'R5'},{'R1'},{'R3'},{'R4'},&,2.0,&
{'D5'},{'D1'},{'D3'},{'D4'},{'D2'},{'R2'},{'R1'},{'R5'},{'R3'},{'R4'},&,5.0,&
{'D5'},{'D1'},{'D3'},{'D4'},{'D2'},{'R2'},{'R1'},{'R5'},{'R4'},{'R3'},&,4.0,&
{'D5'},{'D1'},{'D3'},{'D4'},{'D2'},{'R2'},{'R1'},{'R4'},{'R3'},{'R5'},&,1.0,&
{'D5'},{'D1'},{'D3'},{'D4'},{'D2'},{'R2'},{'R1'},{'R4'},{'R5'},{'R3'},&,1.0,&
{'D5'},{'D1'},{'D3'},{'D4'},{'D2'},{'R2'},{'R1'},{'R3'},{'R5'},{'R4'},&,5.0,&
{'D5'},{'D1'},{'D3'},{'D4'},{'D2'},{'R2'},{'R3'},{'R5'},{'R4'},{'R1'},&,1.0,&
{'D5'},{'D1'},{'D3'},{'D4'},{'D2'},{'R2'},{'R4'},{'R1'},{'R5'},{'R3'},&,1.0,&
{'D5'},{'D1'},{'D3'},{'D4'},{'D2'},{'R5'},{'R1'},{'R2'},{'R3'},{'R4'},&,1.0,&
{'D5'},{'D1'},{'D3'},{'D4'},{'D2'},{'R5'},{'R3'},{'R2'},{'R1'},{'R4'},&,1.0,&
{'D5'},{'D1'},{'D3'},{'D4'},{'R1'},{'R3'},{'D2'},{'R5'},{'R2'},{'R4'},&,1.0,&
{'D5'},{'D1'},{'D3'},{'D4'},{'R1'},{'D2'},{'R2'},{'R3'},{'R5'},{'R4'},&,1.0,&
{'D5'},{'D1'},{'D3'},{'D4'},{'R5'},{'D2'},{'R2'},{'R1'},{'R4'},{'R3'},&,1.0,&
{'D5'},{'D1'},{'D3'},{'D4'},{'R2'},{'D2'},{'R1'},{'R3'},{'R5'},{'R4'},&,1.0,&
{'D5'},{'D1'},{'D3'},{'D2'},{'R1'},{'D4'},{'R5'},{'R2'},{'R3'},{'R4'},&,1.0,&
{'D5'},{'D1'},{'D3'},{'D2'},{'D4'},{'R1'},{'R2'},{'R5'},{'R3'},{'R4'},&,2.0,&
{'D5'},{'D1'},{'D3'},{'D2'},{'D4'},{'R1'},{'R2'},{'R4'},{'R3'},{'R5'},&,1.0,&
{'D5'},{'D1'},{'D3'},{'D2'},{'D4'},{'R1'},{'R2'},{'R3'},{'R5'},{'R4'},&,1.0,&
{'D5'},{'D1'},{'D3'},{'D2'},{'D4'},{'R1'},{'R5'},{'R2'},{'R4'},{'R3'},&,1.0,&
{'D5'},{'D1'},{'D3'},{'D2'},{'D4'},{'R2'},{'R5'},{'R1'},{'R3'},{'R4'},&,1.0,&
{'D5'},{'D1'},{'D3'},{'D2'},{'D4'},{'R2'},{'R1'},{'R5'},{'R3'},{'R4'},&,1.0,&
{'D5'},{'D1'},{'D3'},{'D2'},{'D4'},{'R2'},{'R1'},{'R3'},{'R4'},{'R5'},&,1.0,&
{'D5'},{'D1'},{'D3'},{'D2'},{'D4'},{'R2'},{'R1'},{'R3'},{'R5'},{'R4'},&,2.0,&
{'D5'},{'D1'},{'D3'},{'D2'},{'R2'},{'D4'},{'R1'},{'R5'},{'R3'},{'R4'},&,1.0,&
{'D5'},{'D1'},{'D3'},{'R2'},{'D4'},{'R5'},{'D2'},{'R1'},{'R3'},{'R4'},&,1.0,&
{'D5'},{'D1'},{'D3'},{'R2'},{'D4'},{'D2'},{'R5'},{'R1'},{'R3'},{'R4'},&,1.0,&
{'D5'},{'D1'},{'D3'},{'R2'},{'D4'},{'D2'},{'R5'},{'R1'},{'R4'},{'R3'},&,1.0,&
{'D5'},{'D1'},{'D3'},{'R2'},{'D4'},{'D2'},{'R1'},{'R5'},{'R3'},{'R4'},&,1.0,&
{'D5'},{'D1'},{'D3'},{'R2'},{'D4'},{'D2'},{'R4'},{'R1'},{'R5'},{'R3'},&,2.0,&
{'D5'},{'D1'},{'D3'},{'R5'},{'D4'},{'D2'},{'R1'},{'R2'},{'R3'},{'R4'},&,1.0,&
{'D5'},{'D1'},{'D3'},{'R3'},{'D4'},{'R1'},{'D2'},{'R5'},{'R2'},{'R4'},&,1.0,&
{'D5'},{'D1'},{'D2'},{'D4'},{'D3'},{'R1'},{'R2'},{'R5'},{'R4'},{'R3'},&,1.0,&
{'D5'},{'D1'},{'D2'},{'D4'},{'D3'},{'R1'},{'R5'},{'R2'},{'R4'},{'R3'},&,1.0,&
{'D5'},{'D1'},{'D2'},{'D4'},{'D3'},{'R2'},{'R5'},{'R1'},{'R3'},{'R4'},&,1.0,&
{'D5'},{'D1'},{'D2'},{'D4'},{'D3'},{'R2'},{'R1'},{'R5'},{'R3'},{'R4'},&,1.0,&
{'D5'},{'D1'},{'D2'},{'D4'},{'D3'},{'R2'},{'R1'},{'R5'},{'R4'},{'R3'},&,1.0,&
{'D5'},{'D1'},{'D2'},{'D4'},{'D3'},{'R2'},{'R1'},{'R3'},{'R5'},{'R4'},&,1.0,&
{'D5'},{'D1'},{'D2'},{'D4'},{'D3'},{'R2'},{'R4'},{'R1'},{'R5'},{'R3'},&,1.0,&
{'D5'},{'D1'},{'D2'},{'D4'},{'D3'},{'R3'},{'R1'},{'R2'},{'R4'},{'R5'},&,1.0,&
{'D5'},{'D1'},{'D2'},{'D3'},{'R1'},{'D4'},{'R2'},{'R3'},{'R5'},{'R4'},&,1.0,&
{'D5'},{'D1'},{'D2'},{'D3'},{'D4'},{'R1'},{'R2'},{'R3'},{'R5'},{'R4'},&,1.0,&
{'D5'},{'D1'},{'D2'},{'D3'},{'D4'},{'R2'},{'R1'},{'R5'},{'R4'},{'R3'},&,1.0,&
{'D5'},{'D1'},{'D2'},{'D3'},{'R2'},{'D4'},{'R1'},{'R5'},{'R3'},{'R4'},&,1.0,&
{'D5'},{'D1'},{'D2'},{'R2'},{'D4'},{'R1'},{'D3'},{'R5'},{'R3'},{'R4'},&,1.0,&
{'D5'},{'D1'},{'D2'},{'R2'},{'D3'},{'D4'},{'R1'},{'R5'},{'R4'},{'R3'},&,1.0,&
{'D5'},{'D1'},{'D2'},{'R2'},{'D3'},{'D4'},{'R3'},{'R1'},{'R5'},{'R4'},&,1.0,&
{'D5'},{'D1'},{'D4'},{'D3'},{'D2'},{'R1'},{'R2'},{'R5'},{'R3'},{'R4'},&,3.0,&
{'D5'},{'D1'},{'D4'},{'D3'},{'D2'},{'R1'},{'R2'},{'R5'},{'R4'},{'R3'},&,2.0,&
{'D5'},{'D1'},{'D4'},{'D3'},{'D2'},{'R1'},{'R2'},{'R4'},{'R3'},{'R5'},&,1.0,&
{'D5'},{'D1'},{'D4'},{'D3'},{'D2'},{'R1'},{'R2'},{'R4'},{'R5'},{'R3'},&,1.0,&
{'D5'},{'D1'},{'D4'},{'D3'},{'D2'},{'R1'},{'R5'},{'R2'},{'R4'},{'R3'},&,2.0,&
{'D5'},{'D1'},{'D4'},{'D3'},{'D2'},{'R2'},{'R5'},{'R1'},{'R3'},{'R4'},&,2.0,&
{'D5'},{'D1'},{'D4'},{'D3'},{'D2'},{'R2'},{'R1'},{'R5'},{'R3'},{'R4'},&,7.0,&
{'D5'},{'D1'},{'D4'},{'D3'},{'D2'},{'R2'},{'R1'},{'R5'},{'R4'},{'R3'},&,4.0,&
{'D5'},{'D1'},{'D4'},{'D3'},{'D2'},{'R2'},{'R1'},{'R4'},{'R5'},{'R3'},&,1.0,&
{'D5'},{'D1'},{'D4'},{'D3'},{'D2'},{'R2'},{'R1'},{'R3'},{'R4'},{'R5'},&,1.0,&
{'D5'},{'D1'},{'D4'},{'D3'},{'D2'},{'R2'},{'R1'},{'R3'},{'R5'},{'R4'},&,3.0,&
{'D5'},{'D1'},{'D4'},{'D3'},{'D2'},{'R2'},{'R3'},{'R1'},{'R5'},{'R4'},&,1.0,&
{'D5'},{'D1'},{'D4'},{'D3'},{'D2'},{'R2'},{'R3'},{'R5'},{'R1'},{'R4'},&,1.0,&
{'D5'},{'D1'},{'D4'},{'D3'},{'D2'},{'R5'},{'R2'},{'R1'},{'R4'},{'R3'},&,1.0,&
{'D5'},{'D1'},{'D4'},{'D3'},{'D2'},{'R3'},{'R2'},{'R5'},{'R1'},{'R4'},&,1.0,&
{'D5'},{'D1'},{'D4'},{'D3'},{'R1'},{'D2'},{'R2'},{'R5'},{'R3'},{'R4'},&,2.0,&
{'D5'},{'D1'},{'D4'},{'D3'},{'R1'},{'D2'},{'R5'},{'R2'},{'R4'},{'R3'},&,1.0,&
{'D5'},{'D1'},{'D4'},{'D3'},{'R1'},{'D2'},{'R3'},{'R5'},{'R2'},{'R4'},&,1.0,&
{'D5'},{'D1'},{'D4'},{'D3'},{'R2'},{'R5'},{'D2'},{'R1'},{'R3'},{'R4'},&,1.0,&
{'D5'},{'D1'},{'D4'},{'D2'},{'D3'},{'R1'},{'R2'},{'R5'},{'R3'},{'R4'},&,2.0,&
{'D5'},{'D1'},{'D4'},{'D2'},{'D3'},{'R1'},{'R5'},{'R2'},{'R3'},{'R4'},&,1.0,&
{'D5'},{'D1'},{'D4'},{'D2'},{'D3'},{'R1'},{'R3'},{'R2'},{'R5'},{'R4'},&,1.0,&
{'D5'},{'D1'},{'D4'},{'D2'},{'D3'},{'R2'},{'R1'},{'R5'},{'R3'},{'R4'},&,1.0,&
{'D5'},{'D1'},{'D4'},{'D2'},{'D3'},{'R2'},{'R1'},{'R5'},{'R4'},{'R3'},&,1.0,&
{'D5'},{'D1'},{'D4'},{'D2'},{'D3'},{'R2'},{'R1'},{'R3'},{'R5'},{'R4'},&,1.0,&
{'D5'},{'D1'},{'D4'},{'D2'},{'D3'},{'R5'},{'R2'},{'R1'},{'R3'},{'R4'},&,1.0,&
{'D5'},{'D1'},{'D4'},{'D2'},{'D3'},{'R5'},{'R1'},{'R2'},{'R3'},{'R4'},&,1.0,&
{'D5'},{'D1'},{'D4'},{'D2'},{'R2'},{'D3'},{'R1'},{'R4'},{'R3'},{'R5'},&,1.0,&
{'D5'},{'D1'},{'D4'},{'D2'},{'R2'},{'R3'},{'D3'},{'R1'},{'R5'},{'R4'},&,1.0,&
{'D5'},{'D1'},{'D4'},{'D2'},{'R3'},{'R2'},{'D3'},{'R5'},{'R1'},{'R4'},&,1.0,&
{'D5'},{'D1'},{'D4'},{'R2'},{'R1'},{'D2'},{'R5'},{'D3'},{'R4'},{'R3'},&,1.0,&
{'D5'},{'D1'},{'D4'},{'R2'},{'D3'},{'D2'},{'R1'},{'R5'},{'R3'},{'R4'},&,2.0,&
{'D5'},{'D1'},{'D4'},{'R2'},{'D3'},{'D2'},{'R1'},{'R5'},{'R4'},{'R3'},&,1.0,&
{'D5'},{'D1'},{'D4'},{'R2'},{'D3'},{'D2'},{'R1'},{'R4'},{'R3'},{'R5'},&,1.0,&
{'D5'},{'D1'},{'D4'},{'R2'},{'D3'},{'D2'},{'R1'},{'R3'},{'R5'},{'R4'},&,1.0,&
{'D5'},{'D1'},{'D4'},{'R5'},{'D2'},{'D3'},{'R2'},{'R1'},{'R4'},{'R3'},&,1.0,&
{'D5'},{'D1'},{'D4'},{'R5'},{'D3'},{'R2'},{'D2'},{'R1'},{'R4'},{'R3'},&,1.0,&
{'D5'},{'D1'},{'D4'},{'R5'},{'D3'},{'D2'},{'R2'},{'R1'},{'R3'},{'R4'},&,1.0,&
{'D5'},{'D1'},{'D4'},{'R5'},{'D3'},{'D2'},{'R1'},{'R2'},{'R3'},{'R4'},&,1.0,&
{'D5'},{'D1'},{'D4'},{'R1'},{'D2'},{'D3'},{'R2'},{'R4'},{'R5'},{'R3'},&,1.0,&
{'D5'},{'D1'},{'D4'},{'R1'},{'D3'},{'D2'},{'R2'},{'R5'},{'R4'},{'R3'},&,1.0,&
{'D5'},{'D1'},{'D4'},{'R1'},{'D3'},{'D2'},{'R2'},{'R4'},{'R5'},{'R3'},&,1.0,&
{'D5'},{'D1'},{'D4'},{'R1'},{'D3'},{'D2'},{'R5'},{'R2'},{'R3'},{'R4'},&,1.0,&
{'D5'},{'D1'},{'D4'},{'R1'},{'R2'},{'R5'},{'D3'},{'D2'},{'R3'},{'R4'},&,1.0,&
{'D5'},{'D1'},{'D4'},{'R1'},{'R2'},{'D3'},{'D2'},{'R3'},{'R5'},{'R4'},&,1.0,&
{'D5'},{'D1'},{'R2'},{'D4'},{'D2'},{'R1'},{'D3'},{'R3'},{'R5'},{'R4'},&,1.0,&
{'D5'},{'D1'},{'R2'},{'D4'},{'D2'},{'D3'},{'R1'},{'R5'},{'R3'},{'R4'},&,1.0,&
{'D5'},{'D1'},{'R2'},{'D4'},{'D2'},{'D3'},{'R3'},{'R1'},{'R5'},{'R4'},&,1.0,&
{'D5'},{'D1'},{'R2'},{'D4'},{'D3'},{'R5'},{'R1'},{'D2'},{'R3'},{'R4'},&,1.0,&
{'D5'},{'D1'},{'R2'},{'D4'},{'D3'},{'D2'},{'R1'},{'R3'},{'R5'},{'R4'},&,1.0,&
{'D5'},{'D1'},{'R2'},{'D4'},{'R5'},{'D3'},{'D2'},{'R1'},{'R3'},{'R4'},&,1.0,&
{'D5'},{'D1'},{'R2'},{'D4'},{'R4'},{'D3'},{'D2'},{'R1'},{'R3'},{'R5'},&,1.0,&
{'D5'},{'D1'},{'R2'},{'D3'},{'D2'},{'R1'},{'D4'},{'R3'},{'R4'},{'R5'},&,1.0,&
{'D5'},{'D1'},{'R2'},{'D3'},{'R1'},{'R5'},{'R4'},{'R3'},{'D2'},{'D4'},&,1.0,&
{'D5'},{'D1'},{'R2'},{'D3'},{'D4'},{'R1'},{'D2'},{'R5'},{'R3'},{'R4'},&,1.0,&
{'D5'},{'D1'},{'R2'},{'D3'},{'D4'},{'D2'},{'R1'},{'R5'},{'R3'},{'R4'},&,1.0,&
{'D5'},{'D1'},{'R2'},{'D3'},{'D4'},{'D2'},{'R4'},{'R1'},{'R3'},{'R5'},&,1.0,&
{'D5'},{'D1'},{'R2'},{'D3'},{'D4'},{'D2'},{'R4'},{'R1'},{'R5'},{'R3'},&,1.0,&
{'D5'},{'D1'},{'R2'},{'D2'},{'R1'},{'D3'},{'D4'},{'R5'},{'R3'},{'R4'},&,1.0,&
{'D5'},{'D1'},{'R2'},{'R1'},{'D3'},{'R5'},{'D4'},{'D2'},{'R4'},{'R3'},&,1.0,&
{'D5'},{'D1'},{'R2'},{'R1'},{'R5'},{'D3'},{'D2'},{'D4'},{'R3'},{'R4'},&,1.0,&
{'D5'},{'D1'},{'R2'},{'R1'},{'R5'},{'D3'},{'R3'},{'R4'},{'D4'},{'D2'},&,1.0,&
{'D5'},{'D1'},{'R2'},{'R4'},{'D2'},{'D4'},{'R3'},{'D3'},{'R1'},{'R5'},&,1.0,&
{'D5'},{'D1'},{'R1'},{'D4'},{'D2'},{'D3'},{'R2'},{'R5'},{'R4'},{'R3'},&,1.0,&
{'D5'},{'D1'},{'R1'},{'D4'},{'D3'},{'D2'},{'R2'},{'R5'},{'R3'},{'R4'},&,1.0,&
{'D5'},{'D1'},{'R1'},{'D4'},{'D3'},{'D2'},{'R2'},{'R5'},{'R4'},{'R3'},&,1.0,&
{'D5'},{'D1'},{'R1'},{'D3'},{'R2'},{'R5'},{'D4'},{'R4'},{'R3'},{'D2'},&,1.0,&
{'D5'},{'D1'},{'R1'},{'R2'},{'D3'},{'R3'},{'D2'},{'D4'},{'R5'},{'R4'},&,1.0,&
{'D5'},{'D1'},{'R1'},{'R2'},{'R4'},{'D2'},{'D3'},{'D4'},{'R3'},{'R5'},&,1.0,&
{'D5'},{'D1'},{'R5'},{'D4'},{'D3'},{'D2'},{'R1'},{'R2'},{'R3'},{'R4'},&,1.0,&
{'D5'},{'D1'},{'R5'},{'D3'},{'D4'},{'D2'},{'R2'},{'R1'},{'R3'},{'R4'},&,1.0,&
{'D5'},{'D1'},{'R4'},{'D3'},{'D2'},{'D4'},{'R2'},{'R1'},{'R5'},{'R3'},&,1.0,&
{'D5'},{'D1'},{'R4'},{'R5'},{'R2'},{'R1'},{'R3'},{'D2'},{'D3'},{'D4'},&,1.0,&
{'D5'},{'R4'},{'D3'},{'D4'},{'D2'},{'D1'},{'R2'},{'R1'},{'R5'},{'R3'},&,1.0,&
{'D5'},{'R4'},{'D2'},{'D4'},{'D3'},{'D1'},{'R1'},{'R2'},{'R3'},{'R5'},&,1.0,&
{'D5'},{'R4'},{'D2'},{'D1'},{'D4'},{'D3'},{'R1'},{'R2'},{'R3'},{'R5'},&,1.0,&
{'D5'},{'R4'},{'D4'},{'D3'},{'D1'},{'R1'},{'R2'},{'D2'},{'R5'},{'R3'},&,1.0,&
{'D5'},{'R4'},{'D4'},{'D3'},{'R2'},{'D1'},{'D2'},{'R1'},{'R5'},{'R3'},&,1.0,&
{'D5'},{'R4'},{'R2'},{'D1'},{'D2'},{'R3'},{'R1'},{'D4'},{'R5'},{'D3'},&,1.0,&
{'D5'},{'R4'},{'R2'},{'R5'},{'R1'},{'R3'},{'D3'},{'D1'},{'D4'},{'D2'},&,1.0,&
{'D5'},{'R4'},{'R2'},{'R5'},{'R3'},{'R1'},{'D3'},{'D1'},{'D4'},{'D2'},&,1.0,&
{'D5'},{'R4'},{'R2'},{'R1'},{'D4'},{'D3'},{'D2'},{'D1'},{'R5'},{'R3'},&,1.0,&
{'D5'},{'R4'},{'R2'},{'R1'},{'R5'},{'R3'},{'D1'},{'D3'},{'D4'},{'D2'},&,1.0,&
{'D5'},{'R4'},{'R2'},{'R1'},{'R5'},{'R3'},{'D4'},{'D3'},{'D1'},{'D2'},&,1.0,&
{'D5'},{'R4'},{'R1'},{'R2'},{'R5'},{'R3'},{'D3'},{'D4'},{'D1'},{'D2'},&,1.0,&
{'D5'},{'R4'},{'R1'},{'R2'},{'R5'},{'R3'},{'D1'},{'D4'},{'D3'},{'D2'},&,1.0,&
{'D5'},{'R3'},{'D3'},{'R2'},{'D2'},{'D4'},{'D1'},{'R1'},{'R5'},{'R4'},&,1.0,&
{'D5'},{'R3'},{'D3'},{'R1'},{'D4'},{'D1'},{'D2'},{'R2'},{'R5'},{'R4'},&,1.0,&
{'D5'},{'R3'},{'D1'},{'D2'},{'D3'},{'D4'},{'R2'},{'R1'},{'R5'},{'R4'},&,1.0,&
{'D5'},{'R3'},{'D2'},{'D4'},{'D1'},{'D3'},{'R2'},{'R5'},{'R1'},{'R4'},&,1.0,&
{'D5'},{'R3'},{'D4'},{'D3'},{'D2'},{'D1'},{'R2'},{'R1'},{'R5'},{'R4'},&,1.0,&
{'D5'},{'R3'},{'D4'},{'D3'},{'D2'},{'D1'},{'R1'},{'R2'},{'R5'},{'R4'},&,1.0,&
{'D5'},{'R3'},{'D4'},{'D3'},{'D1'},{'D2'},{'R2'},{'R1'},{'R5'},{'R4'},&,1.0,&
{'D5'},{'R3'},{'R2'},{'D4'},{'D3'},{'R1'},{'D1'},{'D2'},{'R5'},{'R4'},&,1.0,&
{'D5'},{'R3'},{'R2'},{'D4'},{'D3'},{'D2'},{'D1'},{'R1'},{'R5'},{'R4'},&,1.0,&
{'D5'},{'R3'},{'R2'},{'D4'},{'D3'},{'D2'},{'D1'},{'R4'},{'R1'},{'R5'},&,1.0,&
{'D5'},{'R3'},{'R2'},{'R5'},{'R1'},{'R4'},{'D3'},{'D1'},{'D2'},{'D4'},&,1.0,&
{'D5'},{'R3'},{'R2'},{'R1'},{'R4'},{'R5'},{'D1'},{'D2'},{'D3'},{'D4'},&,1.0,&
{'D5'},{'R3'},{'R2'},{'R4'},{'R1'},{'R5'},{'D1'},{'D3'},{'D4'},{'D2'},&,1.0,&
{'D5'},{'R3'},{'R5'},{'R2'},{'R1'},{'R4'},{'D1'},{'D4'},{'D3'},{'D2'},&,1.0,&
{'D2'},{'R5'},{'D5'},{'D4'},{'D3'},{'D1'},{'R2'},{'R1'},{'R3'},{'R4'},&,1.0,&
{'D2'},{'R5'},{'D5'},{'D4'},{'D3'},{'D1'},{'R1'},{'R2'},{'R4'},{'R3'},&,1.0,&
{'D2'},{'R5'},{'R2'},{'D3'},{'D5'},{'D4'},{'R1'},{'R3'},{'D1'},{'R4'},&,1.0,&
{'D2'},{'R5'},{'R1'},{'D5'},{'D3'},{'R2'},{'R4'},{'R3'},{'D1'},{'D4'},&,1.0,&
{'D2'},{'R5'},{'R1'},{'D5'},{'D3'},{'D4'},{'D1'},{'R2'},{'R3'},{'R4'},&,1.0,&
{'D2'},{'D3'},{'D1'},{'D5'},{'R1'},{'R2'},{'R4'},{'R5'},{'R3'},{'D4'},&,1.0,&
{'D2'},{'D3'},{'D1'},{'D5'},{'R1'},{'D4'},{'R2'},{'R4'},{'R5'},{'R3'},&,1.0,&
{'D2'},{'D3'},{'D1'},{'D5'},{'D4'},{'R1'},{'R2'},{'R3'},{'R5'},{'R4'},&,1.0,&
{'D2'},{'D3'},{'D1'},{'D5'},{'D4'},{'R1'},{'R3'},{'R4'},{'R5'},{'R2'},&,1.0,&
{'D2'},{'D3'},{'D1'},{'D5'},{'D4'},{'R2'},{'R1'},{'R5'},{'R3'},{'R4'},&,1.0,&
{'D2'},{'D3'},{'D1'},{'D5'},{'D4'},{'R2'},{'R1'},{'R5'},{'R4'},{'R3'},&,1.0,&
{'D2'},{'D3'},{'D1'},{'D5'},{'R2'},{'D4'},{'R1'},{'R5'},{'R4'},{'R3'},&,1.0,&
{'D2'},{'D3'},{'D1'},{'D5'},{'R2'},{'D4'},{'R1'},{'R4'},{'R5'},{'R3'},&,1.0,&
{'D2'},{'D3'},{'D1'},{'D4'},{'D5'},{'R1'},{'R2'},{'R5'},{'R3'},{'R4'},&,2.0,&
{'D2'},{'D3'},{'D1'},{'D4'},{'D5'},{'R2'},{'R1'},{'R4'},{'R5'},{'R3'},&,1.0,&
{'D2'},{'D3'},{'D1'},{'D4'},{'R2'},{'D5'},{'R1'},{'R4'},{'R5'},{'R3'},&,1.0,&
{'D2'},{'D3'},{'D5'},{'D4'},{'D1'},{'R1'},{'R2'},{'R5'},{'R3'},{'R4'},&,3.0,&
{'D2'},{'D3'},{'D5'},{'D4'},{'D1'},{'R1'},{'R2'},{'R5'},{'R4'},{'R3'},&,2.0,&
{'D2'},{'D3'},{'D5'},{'D4'},{'D1'},{'R1'},{'R2'},{'R4'},{'R3'},{'R5'},&,1.0,&
{'D2'},{'D3'},{'D5'},{'D4'},{'D1'},{'R1'},{'R2'},{'R4'},{'R5'},{'R3'},&,1.0,&
{'D2'},{'D3'},{'D5'},{'D4'},{'D1'},{'R1'},{'R2'},{'R3'},{'R4'},{'R5'},&,2.0,&
{'D2'},{'D3'},{'D5'},{'D4'},{'D1'},{'R1'},{'R2'},{'R3'},{'R5'},{'R4'},&,4.0,&
{'D2'},{'D3'},{'D5'},{'D4'},{'D1'},{'R1'},{'R5'},{'R2'},{'R3'},{'R4'},&,4.0,&
{'D2'},{'D3'},{'D5'},{'D4'},{'D1'},{'R2'},{'R5'},{'R1'},{'R3'},{'R4'},&,3.0,&
{'D2'},{'D3'},{'D5'},{'D4'},{'D1'},{'R2'},{'R1'},{'R5'},{'R3'},{'R4'},&,3.0,&
{'D2'},{'D3'},{'D5'},{'D4'},{'D1'},{'R2'},{'R1'},{'R5'},{'R4'},{'R3'},&,1.0,&
{'D2'},{'D3'},{'D5'},{'D4'},{'D1'},{'R2'},{'R1'},{'R4'},{'R5'},{'R3'},&,1.0,&
{'D2'},{'D3'},{'D5'},{'D4'},{'D1'},{'R2'},{'R1'},{'R3'},{'R5'},{'R4'},&,4.0,&
{'D2'},{'D3'},{'D5'},{'D4'},{'D1'},{'R2'},{'R3'},{'R1'},{'R5'},{'R4'},&,1.0,&
{'D2'},{'D3'},{'D5'},{'D4'},{'D1'},{'R2'},{'R4'},{'R5'},{'R1'},{'R3'},&,1.0,&
{'D2'},{'D3'},{'D5'},{'D4'},{'D1'},{'R5'},{'R2'},{'R1'},{'R3'},{'R4'},&,2.0,&
{'D2'},{'D3'},{'D5'},{'D4'},{'D1'},{'R5'},{'R2'},{'R1'},{'R4'},{'R3'},&,1.0,&
{'D2'},{'D3'},{'D5'},{'D4'},{'D1'},{'R4'},{'R2'},{'R1'},{'R5'},{'R3'},&,1.0,&
{'D2'},{'D3'},{'D5'},{'D4'},{'D1'},{'R4'},{'R1'},{'R2'},{'R5'},{'R3'},&,1.0,&
{'D2'},{'D3'},{'D5'},{'D4'},{'R1'},{'D1'},{'R2'},{'R5'},{'R4'},{'R3'},&,1.0,&
{'D2'},{'D3'},{'D5'},{'D4'},{'R1'},{'D1'},{'R2'},{'R3'},{'R5'},{'R4'},&,1.0,&
{'D2'},{'D3'},{'D5'},{'D4'},{'R2'},{'D1'},{'R5'},{'R1'},{'R3'},{'R4'},&,1.0,&
{'D2'},{'D3'},{'D5'},{'D4'},{'R2'},{'D1'},{'R1'},{'R4'},{'R5'},{'R3'},&,1.0,&
{'D2'},{'D3'},{'D5'},{'D4'},{'R2'},{'D1'},{'R1'},{'R3'},{'R5'},{'R4'},&,3.0,&
{'D2'},{'D3'},{'D5'},{'D4'},{'R2'},{'R1'},{'D1'},{'R4'},{'R5'},{'R3'},&,1.0,&
{'D2'},{'D3'},{'D5'},{'D4'},{'R2'},{'R1'},{'D1'},{'R3'},{'R5'},{'R4'},&,1.0,&
{'D2'},{'D3'},{'D5'},{'D1'},{'D4'},{'R1'},{'R2'},{'R5'},{'R3'},{'R4'},&,1.0,&
{'D2'},{'D3'},{'D5'},{'D1'},{'D4'},{'R1'},{'R2'},{'R5'},{'R4'},{'R3'},&,1.0,&
{'D2'},{'D3'},{'D5'},{'D1'},{'D4'},{'R1'},{'R2'},{'R4'},{'R3'},{'R5'},&,1.0,&
{'D2'},{'D3'},{'D5'},{'D1'},{'D4'},{'R1'},{'R2'},{'R3'},{'R4'},{'R5'},&,1.0,&
{'D2'},{'D3'},{'D5'},{'D1'},{'D4'},{'R1'},{'R5'},{'R2'},{'R3'},{'R4'},&,1.0,&
{'D2'},{'D3'},{'D5'},{'D1'},{'D4'},{'R2'},{'R1'},{'R5'},{'R3'},{'R4'},&,2.0,&
{'D2'},{'D3'},{'D5'},{'D1'},{'D4'},{'R5'},{'R1'},{'R2'},{'R3'},{'R4'},&,1.0,&
{'D2'},{'D3'},{'D5'},{'D1'},{'R2'},{'R5'},{'D4'},{'R1'},{'R3'},{'R4'},&,1.0,&
{'D2'},{'D3'},{'D5'},{'R2'},{'D4'},{'D1'},{'R1'},{'R5'},{'R3'},{'R4'},&,2.0,&
{'D2'},{'D3'},{'D5'},{'R2'},{'D4'},{'D1'},{'R1'},{'R3'},{'R5'},{'R4'},&,1.0,&
{'D2'},{'D3'},{'D5'},{'R2'},{'D4'},{'R5'},{'D1'},{'R1'},{'R4'},{'R3'},&,1.0,&
{'D2'},{'D3'},{'D5'},{'R1'},{'D1'},{'R2'},{'D4'},{'R3'},{'R5'},{'R4'},&,1.0,&
{'D2'},{'D3'},{'D5'},{'R1'},{'D4'},{'D1'},{'R2'},{'R5'},{'R3'},{'R4'},&,1.0,&
{'D2'},{'D3'},{'D5'},{'R1'},{'D4'},{'D1'},{'R2'},{'R3'},{'R4'},{'R5'},&,1.0,&
{'D2'},{'D3'},{'D5'},{'R1'},{'D4'},{'R5'},{'D1'},{'R3'},{'R2'},{'R4'},&,1.0,&
{'D2'},{'D3'},{'D5'},{'R1'},{'R2'},{'D4'},{'D1'},{'R5'},{'R4'},{'R3'},&,1.0,&
{'D2'},{'D3'},{'D5'},{'R1'},{'R2'},{'D4'},{'D1'},{'R3'},{'R5'},{'R4'},&,1.0,&
{'D2'},{'D3'},{'D4'},{'D5'},{'D1'},{'R1'},{'R2'},{'R5'},{'R3'},{'R4'},&,3.0,&
{'D2'},{'D3'},{'D4'},{'D5'},{'D1'},{'R1'},{'R2'},{'R5'},{'R4'},{'R3'},&,1.0,&
{'D2'},{'D3'},{'D4'},{'D5'},{'D1'},{'R1'},{'R2'},{'R3'},{'R5'},{'R4'},&,1.0,&
{'D2'},{'D3'},{'D4'},{'D5'},{'D1'},{'R1'},{'R4'},{'R2'},{'R3'},{'R5'},&,1.0,&
{'D2'},{'D3'},{'D4'},{'D5'},{'D1'},{'R2'},{'R5'},{'R1'},{'R3'},{'R4'},&,3.0,&
{'D2'},{'D3'},{'D4'},{'D5'},{'D1'},{'R2'},{'R5'},{'R1'},{'R4'},{'R3'},&,2.0,&
{'D2'},{'D3'},{'D4'},{'D5'},{'D1'},{'R2'},{'R1'},{'R5'},{'R3'},{'R4'},&,4.0,&
{'D2'},{'D3'},{'D4'},{'D5'},{'D1'},{'R2'},{'R1'},{'R5'},{'R4'},{'R3'},&,1.0,&
{'D2'},{'D3'},{'D4'},{'D5'},{'D1'},{'R2'},{'R1'},{'R4'},{'R3'},{'R5'},&,1.0,&
{'D2'},{'D3'},{'D4'},{'D5'},{'D1'},{'R2'},{'R1'},{'R4'},{'R5'},{'R3'},&,1.0,&
{'D2'},{'D3'},{'D4'},{'D5'},{'D1'},{'R2'},{'R1'},{'R3'},{'R4'},{'R5'},&,1.0,&
{'D2'},{'D3'},{'D4'},{'D5'},{'D1'},{'R2'},{'R1'},{'R3'},{'R5'},{'R4'},&,1.0,&
{'D2'},{'D3'},{'D4'},{'D5'},{'D1'},{'R2'},{'R3'},{'R1'},{'R4'},{'R5'},&,1.0,&
{'D2'},{'D3'},{'D4'},{'D5'},{'D1'},{'R2'},{'R4'},{'R1'},{'R5'},{'R3'},&,1.0,&
{'D2'},{'D3'},{'D4'},{'D5'},{'D1'},{'R5'},{'R2'},{'R1'},{'R3'},{'R4'},&,2.0,&
{'D2'},{'D3'},{'D4'},{'D5'},{'D1'},{'R5'},{'R1'},{'R2'},{'R3'},{'R4'},&,1.0,&
{'D2'},{'D3'},{'D4'},{'D5'},{'D1'},{'R3'},{'R2'},{'R1'},{'R5'},{'R4'},&,1.0,&
{'D2'},{'D3'},{'D4'},{'D5'},{'D1'},{'R3'},{'R1'},{'R5'},{'R2'},{'R4'},&,1.0,&
{'D2'},{'D3'},{'D4'},{'D5'},{'R1'},{'D1'},{'R2'},{'R4'},{'R3'},{'R5'},&,1.0,&
{'D2'},{'D3'},{'D4'},{'D5'},{'R2'},{'D1'},{'R5'},{'R1'},{'R4'},{'R3'},&,1.0,&
{'D2'},{'D3'},{'D4'},{'D5'},{'R2'},{'D1'},{'R1'},{'R5'},{'R3'},{'R4'},&,1.0,&
{'D2'},{'D3'},{'D4'},{'D5'},{'R2'},{'D1'},{'R1'},{'R5'},{'R4'},{'R3'},&,1.0,&
{'D2'},{'D3'},{'D4'},{'D1'},{'D5'},{'R1'},{'R2'},{'R5'},{'R4'},{'R3'},&,1.0,&
{'D2'},{'D3'},{'D4'},{'D1'},{'D5'},{'R1'},{'R2'},{'R4'},{'R5'},{'R3'},&,1.0,&
{'D2'},{'D3'},{'D4'},{'D1'},{'D5'},{'R2'},{'R5'},{'R1'},{'R3'},{'R4'},&,1.0,&
{'D2'},{'D3'},{'D4'},{'D1'},{'D5'},{'R2'},{'R1'},{'R5'},{'R3'},{'R4'},&,1.0,&
{'D2'},{'D3'},{'D4'},{'D1'},{'D5'},{'R2'},{'R1'},{'R5'},{'R4'},{'R3'},&,1.0,&
{'D2'},{'D3'},{'D4'},{'D1'},{'D5'},{'R2'},{'R1'},{'R3'},{'R5'},{'R4'},&,1.0,&
{'D2'},{'D3'},{'D4'},{'R2'},{'R1'},{'D5'},{'D1'},{'R5'},{'R3'},{'R4'},&,1.0,&
{'D2'},{'D3'},{'D4'},{'R2'},{'D5'},{'D1'},{'R1'},{'R5'},{'R3'},{'R4'},&,2.0,&
{'D2'},{'D3'},{'D4'},{'R2'},{'D5'},{'D1'},{'R1'},{'R5'},{'R4'},{'R3'},&,1.0,&
{'D2'},{'D3'},{'D4'},{'R2'},{'D5'},{'D1'},{'R1'},{'R3'},{'R5'},{'R4'},&,1.0,&
{'D2'},{'D3'},{'D4'},{'R1'},{'D5'},{'R2'},{'D1'},{'R4'},{'R5'},{'R3'},&,1.0,&
{'D2'},{'D3'},{'D4'},{'R1'},{'R2'},{'D5'},{'D1'},{'R5'},{'R4'},{'R3'},&,1.0,&
{'D2'},{'D3'},{'D4'},{'R1'},{'R2'},{'D5'},{'D1'},{'R3'},{'R4'},{'R5'},&,1.0,&
{'D2'},{'D3'},{'R2'},{'D5'},{'D4'},{'D1'},{'R1'},{'R5'},{'R3'},{'R4'},&,1.0,&
{'D2'},{'D3'},{'R2'},{'D5'},{'D4'},{'D1'},{'R1'},{'R4'},{'R3'},{'R5'},&,1.0,&
{'D2'},{'D3'},{'R2'},{'D5'},{'D4'},{'D1'},{'R1'},{'R4'},{'R5'},{'R3'},&,1.0,&
{'D2'},{'D3'},{'R2'},{'D5'},{'D4'},{'D1'},{'R1'},{'R3'},{'R5'},{'R4'},&,1.0,&
{'D2'},{'D3'},{'R2'},{'D5'},{'D4'},{'R1'},{'R5'},{'D1'},{'R3'},{'R4'},&,1.0,&
{'D2'},{'D3'},{'R2'},{'D4'},{'D1'},{'D5'},{'R1'},{'R5'},{'R3'},{'R4'},&,1.0,&
{'D2'},{'D3'},{'R2'},{'D4'},{'D1'},{'D5'},{'R3'},{'R5'},{'R1'},{'R4'},&,1.0,&
{'D2'},{'D3'},{'R2'},{'D4'},{'D5'},{'D1'},{'R5'},{'R1'},{'R3'},{'R4'},&,1.0,&
{'D2'},{'D3'},{'R2'},{'D4'},{'D5'},{'D1'},{'R1'},{'R3'},{'R5'},{'R4'},&,1.0,&
{'D2'},{'D3'},{'R2'},{'D4'},{'D5'},{'D1'},{'R3'},{'R5'},{'R1'},{'R4'},&,1.0,&
{'D2'},{'D3'},{'R2'},{'D4'},{'D5'},{'R3'},{'D1'},{'R1'},{'R5'},{'R4'},&,1.0,&
{'D2'},{'D3'},{'R2'},{'D1'},{'D4'},{'R1'},{'D5'},{'R3'},{'R5'},{'R4'},&,2.0,&
{'D2'},{'D3'},{'R2'},{'D1'},{'D5'},{'R4'},{'D4'},{'R1'},{'R5'},{'R3'},&,1.0,&
{'D2'},{'D3'},{'R2'},{'R1'},{'D4'},{'D5'},{'D1'},{'R5'},{'R3'},{'R4'},&,1.0,&
{'D2'},{'D3'},{'R1'},{'D5'},{'D1'},{'D4'},{'R2'},{'R5'},{'R3'},{'R4'},&,1.0,&
{'D2'},{'D3'},{'R1'},{'D5'},{'D4'},{'D1'},{'R2'},{'R3'},{'R5'},{'R4'},&,1.0,&
{'D2'},{'D3'},{'R1'},{'D4'},{'D5'},{'D1'},{'R2'},{'R5'},{'R3'},{'R4'},&,2.0,&
{'D2'},{'D3'},{'R1'},{'D4'},{'D5'},{'D1'},{'R2'},{'R3'},{'R5'},{'R4'},&,1.0,&
{'D2'},{'D3'},{'R1'},{'D4'},{'D5'},{'D1'},{'R3'},{'R2'},{'R5'},{'R4'},&,1.0,&
{'D2'},{'D3'},{'R1'},{'R5'},{'D4'},{'R2'},{'D5'},{'D1'},{'R3'},{'R4'},&,1.0,&
{'D2'},{'D3'},{'R5'},{'D5'},{'D1'},{'D4'},{'R1'},{'R2'},{'R3'},{'R4'},&,1.0,&
{'D2'},{'D3'},{'R5'},{'D4'},{'D5'},{'R2'},{'D1'},{'R1'},{'R4'},{'R3'},&,1.0,&
{'D2'},{'D5'},{'D3'},{'D4'},{'D1'},{'R1'},{'R2'},{'R5'},{'R3'},{'R4'},&,4.0,&
{'D2'},{'D5'},{'D3'},{'D4'},{'D1'},{'R1'},{'R2'},{'R5'},{'R4'},{'R3'},&,1.0,&
{'D2'},{'D5'},{'D3'},{'D4'},{'D1'},{'R1'},{'R2'},{'R4'},{'R5'},{'R3'},&,4.0,&
{'D2'},{'D5'},{'D3'},{'D4'},{'D1'},{'R1'},{'R2'},{'R3'},{'R5'},{'R4'},&,5.0,&
{'D2'},{'D5'},{'D3'},{'D4'},{'D1'},{'R1'},{'R5'},{'R2'},{'R3'},{'R4'},&,2.0,&
{'D2'},{'D5'},{'D3'},{'D4'},{'D1'},{'R1'},{'R5'},{'R2'},{'R4'},{'R3'},&,4.0,&
{'D2'},{'D5'},{'D3'},{'D4'},{'D1'},{'R1'},{'R3'},{'R2'},{'R5'},{'R4'},&,1.0,&
{'D2'},{'D5'},{'D3'},{'D4'},{'D1'},{'R2'},{'R5'},{'R1'},{'R4'},{'R3'},&,1.0,&
{'D2'},{'D5'},{'D3'},{'D4'},{'D1'},{'R2'},{'R1'},{'R5'},{'R3'},{'R4'},&,9.0,&
{'D2'},{'D5'},{'D3'},{'D4'},{'D1'},{'R2'},{'R1'},{'R5'},{'R4'},{'R3'},&,3.0,&
{'D2'},{'D5'},{'D3'},{'D4'},{'D1'},{'R2'},{'R1'},{'R4'},{'R3'},{'R5'},&,1.0,&
{'D2'},{'D5'},{'D3'},{'D4'},{'D1'},{'R2'},{'R1'},{'R4'},{'R5'},{'R3'},&,2.0,&
{'D2'},{'D5'},{'D3'},{'D4'},{'D1'},{'R2'},{'R1'},{'R3'},{'R5'},{'R4'},&,4.0,&
{'D2'},{'D5'},{'D3'},{'D4'},{'D1'},{'R2'},{'R3'},{'R1'},{'R5'},{'R4'},&,1.0,&
{'D2'},{'D5'},{'D3'},{'D4'},{'D1'},{'R2'},{'R3'},{'R5'},{'R1'},{'R4'},&,1.0,&
{'D2'},{'D5'},{'D3'},{'D4'},{'D1'},{'R5'},{'R2'},{'R1'},{'R3'},{'R4'},&,1.0,&
{'D2'},{'D5'},{'D3'},{'D4'},{'D1'},{'R5'},{'R1'},{'R2'},{'R3'},{'R4'},&,1.0,&
{'D2'},{'D5'},{'D3'},{'D4'},{'R1'},{'D1'},{'R2'},{'R5'},{'R3'},{'R4'},&,2.0,&
{'D2'},{'D5'},{'D3'},{'D4'},{'R1'},{'D1'},{'R2'},{'R4'},{'R5'},{'R3'},&,1.0,&
{'D2'},{'D5'},{'D3'},{'D4'},{'R1'},{'R2'},{'D1'},{'R4'},{'R5'},{'R3'},&,1.0,&
{'D2'},{'D5'},{'D3'},{'D4'},{'R5'},{'D1'},{'R2'},{'R1'},{'R4'},{'R3'},&,1.0,&
{'D2'},{'D5'},{'D3'},{'D4'},{'R5'},{'D1'},{'R2'},{'R3'},{'R1'},{'R4'},&,1.0,&
{'D2'},{'D5'},{'D3'},{'D4'},{'R5'},{'D1'},{'R1'},{'R2'},{'R3'},{'R4'},&,1.0,&
{'D2'},{'D5'},{'D3'},{'D4'},{'R5'},{'R1'},{'D1'},{'R2'},{'R3'},{'R4'},&,1.0,&
{'D2'},{'D5'},{'D3'},{'D4'},{'R2'},{'D1'},{'R1'},{'R5'},{'R3'},{'R4'},&,2.0,&
{'D2'},{'D5'},{'D3'},{'D4'},{'R2'},{'D1'},{'R1'},{'R4'},{'R5'},{'R3'},&,1.0,&
{'D2'},{'D5'},{'D3'},{'D4'},{'R2'},{'D1'},{'R1'},{'R3'},{'R5'},{'R4'},&,3.0,&
{'D2'},{'D5'},{'D3'},{'D4'},{'R2'},{'R1'},{'D1'},{'R4'},{'R5'},{'R3'},&,1.0,&
{'D2'},{'D5'},{'D3'},{'D1'},{'D4'},{'R1'},{'R2'},{'R5'},{'R4'},{'R3'},&,2.0,&
{'D2'},{'D5'},{'D3'},{'D1'},{'D4'},{'R2'},{'R1'},{'R5'},{'R3'},{'R4'},&,3.0,&
{'D2'},{'D5'},{'D3'},{'D1'},{'D4'},{'R2'},{'R1'},{'R4'},{'R3'},{'R5'},&,1.0,&
{'D2'},{'D5'},{'D3'},{'D1'},{'D4'},{'R2'},{'R1'},{'R3'},{'R5'},{'R4'},&,2.0,&
{'D2'},{'D5'},{'D3'},{'D1'},{'D4'},{'R2'},{'R3'},{'R1'},{'R5'},{'R4'},&,1.0,&
{'D2'},{'D5'},{'D3'},{'D1'},{'D4'},{'R5'},{'R1'},{'R2'},{'R3'},{'R4'},&,1.0,&
{'D2'},{'D5'},{'D3'},{'D1'},{'R2'},{'D4'},{'R1'},{'R5'},{'R3'},{'R4'},&,1.0,&
{'D2'},{'D5'},{'D3'},{'D1'},{'R2'},{'D4'},{'R4'},{'R1'},{'R3'},{'R5'},&,1.0,&
{'D2'},{'D5'},{'D3'},{'R2'},{'D4'},{'D1'},{'R1'},{'R5'},{'R3'},{'R4'},&,2.0,&
{'D2'},{'D5'},{'D3'},{'R2'},{'D4'},{'D1'},{'R1'},{'R3'},{'R5'},{'R4'},&,1.0,&
{'D2'},{'D5'},{'D3'},{'R1'},{'D1'},{'D4'},{'R2'},{'R5'},{'R4'},{'R3'},&,1.0,&
{'D2'},{'D5'},{'D3'},{'R1'},{'D4'},{'D1'},{'R5'},{'R2'},{'R4'},{'R3'},&,2.0,&
{'D2'},{'D5'},{'D3'},{'R1'},{'D4'},{'D1'},{'R3'},{'R2'},{'R5'},{'R4'},&,1.0,&
{'D2'},{'D5'},{'D3'},{'R1'},{'R2'},{'D4'},{'D1'},{'R5'},{'R3'},{'R4'},&,1.0,&
{'D2'},{'D5'},{'D1'},{'D4'},{'D3'},{'R1'},{'R5'},{'R2'},{'R3'},{'R4'},&,1.0,&
{'D2'},{'D5'},{'D1'},{'D4'},{'D3'},{'R2'},{'R5'},{'R1'},{'R3'},{'R4'},&,2.0,&
{'D2'},{'D5'},{'D1'},{'D4'},{'D3'},{'R2'},{'R1'},{'R5'},{'R3'},{'R4'},&,1.0,&
{'D2'},{'D5'},{'D1'},{'D4'},{'D3'},{'R2'},{'R3'},{'R1'},{'R5'},{'R4'},&,1.0,&
{'D2'},{'D5'},{'D1'},{'D4'},{'D3'},{'R4'},{'R2'},{'R1'},{'R5'},{'R3'},&,1.0,&
{'D2'},{'D5'},{'D1'},{'D3'},{'R1'},{'R2'},{'D4'},{'R3'},{'R5'},{'R4'},&,1.0,&
{'D2'},{'D5'},{'D1'},{'D3'},{'D4'},{'R1'},{'R2'},{'R3'},{'R5'},{'R4'},&,2.0,&
{'D2'},{'D5'},{'D1'},{'D3'},{'D4'},{'R2'},{'R1'},{'R5'},{'R3'},{'R4'},&,1.0,&
{'D2'},{'D5'},{'D1'},{'D3'},{'D4'},{'R4'},{'R2'},{'R5'},{'R1'},{'R3'},&,1.0,&
{'D2'},{'D5'},{'D1'},{'D3'},{'D4'},{'R3'},{'R2'},{'R1'},{'R5'},{'R4'},&,1.0,&
{'D2'},{'D5'},{'D1'},{'D3'},{'R5'},{'D4'},{'R1'},{'R2'},{'R3'},{'R4'},&,1.0,&
{'D2'},{'D5'},{'D1'},{'R2'},{'D3'},{'D4'},{'R1'},{'R5'},{'R3'},{'R4'},&,1.0,&
{'D2'},{'D5'},{'D4'},{'D3'},{'D1'},{'R1'},{'R2'},{'R5'},{'R3'},{'R4'},&,8.0,&
{'D2'},{'D5'},{'D4'},{'D3'},{'D1'},{'R1'},{'R2'},{'R5'},{'R4'},{'R3'},&,1.0,&
{'D2'},{'D5'},{'D4'},{'D3'},{'D1'},{'R1'},{'R2'},{'R4'},{'R5'},{'R3'},&,2.0,&
{'D2'},{'D5'},{'D4'},{'D3'},{'D1'},{'R1'},{'R2'},{'R3'},{'R5'},{'R4'},&,1.0,&
{'D2'},{'D5'},{'D4'},{'D3'},{'D1'},{'R1'},{'R5'},{'R2'},{'R3'},{'R4'},&,1.0,&
{'D2'},{'D5'},{'D4'},{'D3'},{'D1'},{'R2'},{'R5'},{'R1'},{'R3'},{'R4'},&,2.0,&
{'D2'},{'D5'},{'D4'},{'D3'},{'D1'},{'R2'},{'R1'},{'R5'},{'R3'},{'R4'},&,7.0,&
{'D2'},{'D5'},{'D4'},{'D3'},{'D1'},{'R2'},{'R1'},{'R5'},{'R4'},{'R3'},&,5.0,&
{'D2'},{'D5'},{'D4'},{'D3'},{'D1'},{'R2'},{'R1'},{'R4'},{'R3'},{'R5'},&,2.0,&
{'D2'},{'D5'},{'D4'},{'D3'},{'D1'},{'R2'},{'R1'},{'R3'},{'R5'},{'R4'},&,6.0,&
{'D2'},{'D5'},{'D4'},{'D3'},{'D1'},{'R2'},{'R3'},{'R1'},{'R4'},{'R5'},&,1.0,&
{'D2'},{'D5'},{'D4'},{'D3'},{'D1'},{'R5'},{'R1'},{'R2'},{'R3'},{'R4'},&,1.0,&
{'D2'},{'D5'},{'D4'},{'D3'},{'D1'},{'R3'},{'R2'},{'R1'},{'R4'},{'R5'},&,1.0,&
{'D2'},{'D5'},{'D4'},{'D3'},{'D1'},{'R3'},{'R2'},{'R1'},{'R5'},{'R4'},&,2.0,&
{'D2'},{'D5'},{'D4'},{'D3'},{'D1'},{'R3'},{'R2'},{'R5'},{'R1'},{'R4'},&,1.0,&
{'D2'},{'D5'},{'D4'},{'D3'},{'R1'},{'D1'},{'R2'},{'R5'},{'R3'},{'R4'},&,1.0,&
{'D2'},{'D5'},{'D4'},{'D3'},{'R1'},{'D1'},{'R2'},{'R5'},{'R4'},{'R3'},&,1.0,&
{'D2'},{'D5'},{'D4'},{'D3'},{'R1'},{'D1'},{'R2'},{'R3'},{'R5'},{'R4'},&,2.0,&
{'D2'},{'D5'},{'D4'},{'D3'},{'R2'},{'D1'},{'R5'},{'R1'},{'R3'},{'R4'},&,1.0,&
{'D2'},{'D5'},{'D4'},{'D3'},{'R2'},{'D1'},{'R1'},{'R5'},{'R3'},{'R4'},&,4.0,&
{'D2'},{'D5'},{'D4'},{'D3'},{'R2'},{'D1'},{'R1'},{'R3'},{'R4'},{'R5'},&,1.0,&
{'D2'},{'D5'},{'D4'},{'D3'},{'R2'},{'D1'},{'R3'},{'R1'},{'R5'},{'R4'},&,1.0,&
{'D2'},{'D5'},{'D4'},{'D3'},{'R3'},{'D1'},{'R2'},{'R1'},{'R5'},{'R4'},&,1.0,&
{'D2'},{'D5'},{'D4'},{'D1'},{'D3'},{'R1'},{'R2'},{'R5'},{'R3'},{'R4'},&,1.0,&
{'D2'},{'D5'},{'D4'},{'D1'},{'D3'},{'R2'},{'R5'},{'R1'},{'R3'},{'R4'},&,1.0,&
{'D2'},{'D5'},{'D4'},{'D1'},{'D3'},{'R2'},{'R1'},{'R5'},{'R3'},{'R4'},&,2.0,&
{'D2'},{'D5'},{'D4'},{'D1'},{'D3'},{'R2'},{'R1'},{'R5'},{'R4'},{'R3'},&,1.0,&
{'D2'},{'D5'},{'D4'},{'D1'},{'D3'},{'R2'},{'R1'},{'R4'},{'R3'},{'R5'},&,1.0,&
{'D2'},{'D5'},{'D4'},{'D1'},{'D3'},{'R2'},{'R4'},{'R5'},{'R1'},{'R3'},&,1.0,&
{'D2'},{'D5'},{'D4'},{'D1'},{'D3'},{'R4'},{'R2'},{'R1'},{'R3'},{'R5'},&,1.0,&
{'D2'},{'D5'},{'D4'},{'D1'},{'R5'},{'D3'},{'R1'},{'R2'},{'R3'},{'R4'},&,1.0,&
{'D2'},{'D5'},{'D4'},{'R2'},{'R1'},{'D3'},{'D1'},{'R5'},{'R3'},{'R4'},&,1.0,&
{'D2'},{'D5'},{'D4'},{'R2'},{'R1'},{'D3'},{'D1'},{'R3'},{'R5'},{'R4'},&,1.0,&
{'D2'},{'D5'},{'D4'},{'R2'},{'D3'},{'D1'},{'R1'},{'R3'},{'R5'},{'R4'},&,1.0,&
{'D2'},{'D5'},{'D4'},{'R2'},{'D3'},{'R1'},{'D1'},{'R5'},{'R3'},{'R4'},&,2.0,&
{'D2'},{'D5'},{'D4'},{'R2'},{'D3'},{'R4'},{'D1'},{'R1'},{'R5'},{'R3'},&,1.0,&
{'D2'},{'D5'},{'D4'},{'R1'},{'D3'},{'D1'},{'R2'},{'R5'},{'R3'},{'R4'},&,2.0,&
{'D2'},{'D5'},{'D4'},{'R1'},{'D3'},{'D1'},{'R2'},{'R5'},{'R4'},{'R3'},&,1.0,&
{'D2'},{'D5'},{'D4'},{'R1'},{'D3'},{'D1'},{'R2'},{'R4'},{'R5'},{'R3'},&,1.0,&
{'D2'},{'D5'},{'D4'},{'R1'},{'D3'},{'D1'},{'R2'},{'R3'},{'R5'},{'R4'},&,1.0,&
{'D2'},{'D5'},{'D4'},{'R1'},{'D3'},{'R5'},{'D1'},{'R2'},{'R3'},{'R4'},&,1.0,&
{'D2'},{'D5'},{'D4'},{'R1'},{'R2'},{'D1'},{'D3'},{'R3'},{'R5'},{'R4'},&,1.0,&
{'D2'},{'D5'},{'D4'},{'R3'},{'D3'},{'R2'},{'D1'},{'R1'},{'R5'},{'R4'},&,1.0,&
{'D2'},{'D5'},{'R2'},{'D4'},{'D1'},{'D3'},{'R1'},{'R4'},{'R3'},{'R5'},&,1.0,&
{'D2'},{'D5'},{'R2'},{'D4'},{'D3'},{'D1'},{'R1'},{'R5'},{'R4'},{'R3'},&,2.0,&
{'D2'},{'D5'},{'R2'},{'D4'},{'D3'},{'D1'},{'R1'},{'R3'},{'R5'},{'R4'},&,2.0,&
{'D2'},{'D5'},{'R2'},{'D4'},{'R5'},{'D3'},{'D1'},{'R1'},{'R4'},{'R3'},&,1.0,&
{'D2'},{'D5'},{'R2'},{'D3'},{'D1'},{'D4'},{'R1'},{'R5'},{'R3'},{'R4'},&,1.0,&
{'D2'},{'D5'},{'R2'},{'D3'},{'D4'},{'D1'},{'R5'},{'R1'},{'R3'},{'R4'},&,1.0,&
{'D2'},{'D5'},{'R2'},{'D3'},{'D4'},{'D1'},{'R1'},{'R5'},{'R3'},{'R4'},&,1.0,&
{'D2'},{'D5'},{'R2'},{'D3'},{'D4'},{'D1'},{'R1'},{'R5'},{'R4'},{'R3'},&,1.0,&
{'D2'},{'D5'},{'R2'},{'D1'},{'D4'},{'D3'},{'R3'},{'R1'},{'R5'},{'R4'},&,1.0,&
{'D2'},{'D5'},{'R2'},{'R1'},{'D4'},{'D1'},{'R5'},{'D3'},{'R3'},{'R4'},&,1.0,&
{'D2'},{'D5'},{'R2'},{'R1'},{'D4'},{'D1'},{'R3'},{'D3'},{'R5'},{'R4'},&,1.0,&
{'D2'},{'D5'},{'R2'},{'R1'},{'D3'},{'D4'},{'D1'},{'R3'},{'R5'},{'R4'},&,1.0,&
{'D2'},{'D5'},{'R1'},{'D4'},{'D1'},{'D3'},{'R2'},{'R5'},{'R3'},{'R4'},&,1.0,&
{'D2'},{'D5'},{'R1'},{'D4'},{'D3'},{'D1'},{'R2'},{'R5'},{'R4'},{'R3'},&,1.0,&
{'D2'},{'D5'},{'R1'},{'D4'},{'D3'},{'D1'},{'R2'},{'R3'},{'R5'},{'R4'},&,1.0,&
{'D2'},{'D5'},{'R1'},{'D4'},{'D3'},{'D1'},{'R5'},{'R2'},{'R3'},{'R4'},&,1.0,&
{'D2'},{'D5'},{'R1'},{'D4'},{'D3'},{'D1'},{'R5'},{'R2'},{'R4'},{'R3'},&,1.0,&
{'D2'},{'D5'},{'R1'},{'D4'},{'D3'},{'R2'},{'D1'},{'R4'},{'R3'},{'R5'},&,1.0,&
{'D2'},{'D5'},{'R1'},{'D3'},{'D1'},{'R3'},{'D4'},{'R2'},{'R5'},{'R4'},&,1.0,&
{'D2'},{'D5'},{'R1'},{'D3'},{'D4'},{'D1'},{'R2'},{'R5'},{'R3'},{'R4'},&,1.0,&
{'D2'},{'D5'},{'R1'},{'D3'},{'D4'},{'D1'},{'R2'},{'R5'},{'R4'},{'R3'},&,1.0,&
{'D2'},{'D5'},{'R1'},{'D3'},{'D4'},{'D1'},{'R2'},{'R3'},{'R5'},{'R4'},&,1.0,&
{'D2'},{'D5'},{'R1'},{'D3'},{'R5'},{'R2'},{'D4'},{'D1'},{'R4'},{'R3'},&,1.0,&
{'D2'},{'D5'},{'R1'},{'D1'},{'D3'},{'D4'},{'R2'},{'R5'},{'R3'},{'R4'},&,1.0,&
{'D2'},{'D5'},{'R1'},{'R2'},{'D4'},{'D3'},{'D1'},{'R3'},{'R5'},{'R4'},&,1.0,&
{'D2'},{'D5'},{'R1'},{'R2'},{'D3'},{'R5'},{'D4'},{'D1'},{'R3'},{'R4'},&,1.0,&
{'D2'},{'D5'},{'R3'},{'D4'},{'D3'},{'D1'},{'R5'},{'R1'},{'R2'},{'R4'},&,1.0,&
{'D2'},{'D5'},{'R4'},{'D3'},{'D4'},{'D1'},{'R2'},{'R5'},{'R1'},{'R3'},&,1.0,&
{'D2'},{'D4'},{'D3'},{'D5'},{'D1'},{'R1'},{'R2'},{'R5'},{'R3'},{'R4'},&,5.0,&
{'D2'},{'D4'},{'D3'},{'D5'},{'D1'},{'R1'},{'R2'},{'R5'},{'R4'},{'R3'},&,1.0,&
{'D2'},{'D4'},{'D3'},{'D5'},{'D1'},{'R1'},{'R2'},{'R3'},{'R4'},{'R5'},&,2.0,&
{'D2'},{'D4'},{'D3'},{'D5'},{'D1'},{'R1'},{'R2'},{'R3'},{'R5'},{'R4'},&,1.0,&
{'D2'},{'D4'},{'D3'},{'D5'},{'D1'},{'R1'},{'R3'},{'R2'},{'R4'},{'R5'},&,1.0,&
{'D2'},{'D4'},{'D3'},{'D5'},{'D1'},{'R2'},{'R5'},{'R1'},{'R3'},{'R4'},&,1.0,&
{'D2'},{'D4'},{'D3'},{'D5'},{'D1'},{'R2'},{'R5'},{'R4'},{'R1'},{'R3'},&,1.0,&
{'D2'},{'D4'},{'D3'},{'D5'},{'D1'},{'R2'},{'R1'},{'R5'},{'R3'},{'R4'},&,4.0,&
{'D2'},{'D4'},{'D3'},{'D5'},{'D1'},{'R2'},{'R1'},{'R5'},{'R4'},{'R3'},&,1.0,&
{'D2'},{'D4'},{'D3'},{'D5'},{'D1'},{'R2'},{'R1'},{'R4'},{'R5'},{'R3'},&,3.0,&
{'D2'},{'D4'},{'D3'},{'D5'},{'D1'},{'R2'},{'R1'},{'R3'},{'R4'},{'R5'},&,1.0,&
{'D2'},{'D4'},{'D3'},{'D5'},{'D1'},{'R2'},{'R1'},{'R3'},{'R5'},{'R4'},&,2.0,&
{'D2'},{'D4'},{'D3'},{'D5'},{'D1'},{'R2'},{'R3'},{'R1'},{'R4'},{'R5'},&,1.0,&
{'D2'},{'D4'},{'D3'},{'D5'},{'D1'},{'R2'},{'R4'},{'R1'},{'R3'},{'R5'},&,1.0,&
{'D2'},{'D4'},{'D3'},{'D5'},{'D1'},{'R2'},{'R4'},{'R1'},{'R5'},{'R3'},&,1.0,&
{'D2'},{'D4'},{'D3'},{'D5'},{'D1'},{'R5'},{'R2'},{'R1'},{'R3'},{'R4'},&,2.0,&
{'D2'},{'D4'},{'D3'},{'D5'},{'D1'},{'R5'},{'R3'},{'R1'},{'R2'},{'R4'},&,1.0,&
{'D2'},{'D4'},{'D3'},{'D5'},{'D1'},{'R5'},{'R3'},{'R2'},{'R1'},{'R4'},&,1.0,&
{'D2'},{'D4'},{'D3'},{'D5'},{'D1'},{'R4'},{'R2'},{'R1'},{'R5'},{'R3'},&,2.0,&
{'D2'},{'D4'},{'D3'},{'D5'},{'R1'},{'D1'},{'R2'},{'R5'},{'R3'},{'R4'},&,1.0,&
{'D2'},{'D4'},{'D3'},{'D5'},{'R1'},{'R5'},{'D1'},{'R2'},{'R3'},{'R4'},&,1.0,&
{'D2'},{'D4'},{'D3'},{'D5'},{'R5'},{'D1'},{'R1'},{'R2'},{'R3'},{'R4'},&,1.0,&
{'D2'},{'D4'},{'D3'},{'D5'},{'R5'},{'R1'},{'D1'},{'R3'},{'R2'},{'R4'},&,1.0,&
{'D2'},{'D4'},{'D3'},{'D5'},{'R5'},{'R2'},{'D1'},{'R1'},{'R4'},{'R3'},&,1.0,&
{'D2'},{'D4'},{'D3'},{'D5'},{'R2'},{'D1'},{'R1'},{'R5'},{'R3'},{'R4'},&,1.0,&
{'D2'},{'D4'},{'D3'},{'D5'},{'R2'},{'D1'},{'R1'},{'R3'},{'R4'},{'R5'},&,1.0,&
{'D2'},{'D4'},{'D3'},{'D5'},{'R2'},{'D1'},{'R1'},{'R3'},{'R5'},{'R4'},&,1.0,&
{'D2'},{'D4'},{'D3'},{'D5'},{'R2'},{'R1'},{'D1'},{'R5'},{'R3'},{'R4'},&,1.0,&
{'D2'},{'D4'},{'D3'},{'D5'},{'R2'},{'R5'},{'D1'},{'R1'},{'R4'},{'R3'},&,1.0,&
{'D2'},{'D4'},{'D3'},{'D1'},{'D5'},{'R1'},{'R2'},{'R5'},{'R3'},{'R4'},&,1.0,&
{'D2'},{'D4'},{'D3'},{'D1'},{'D5'},{'R1'},{'R2'},{'R5'},{'R4'},{'R3'},&,1.0,&
{'D2'},{'D4'},{'D3'},{'D1'},{'D5'},{'R2'},{'R5'},{'R3'},{'R1'},{'R4'},&,1.0,&
{'D2'},{'D4'},{'D3'},{'D1'},{'D5'},{'R2'},{'R1'},{'R5'},{'R3'},{'R4'},&,1.0,&
{'D2'},{'D4'},{'D3'},{'D1'},{'D5'},{'R2'},{'R1'},{'R3'},{'R5'},{'R4'},&,2.0,&
{'D2'},{'D4'},{'D3'},{'D1'},{'D5'},{'R2'},{'R3'},{'R1'},{'R5'},{'R4'},&,2.0,&
{'D2'},{'D4'},{'D3'},{'D1'},{'D5'},{'R2'},{'R4'},{'R1'},{'R5'},{'R3'},&,1.0,&
{'D2'},{'D4'},{'D3'},{'D1'},{'D5'},{'R5'},{'R2'},{'R1'},{'R4'},{'R3'},&,1.0,&
{'D2'},{'D4'},{'D3'},{'D1'},{'D5'},{'R5'},{'R1'},{'R2'},{'R4'},{'R3'},&,1.0,&
{'D2'},{'D4'},{'D3'},{'D1'},{'R5'},{'D5'},{'R1'},{'R2'},{'R4'},{'R3'},&,1.0,&
{'D2'},{'D4'},{'D3'},{'R2'},{'R1'},{'D5'},{'D1'},{'R5'},{'R4'},{'R3'},&,1.0,&
{'D2'},{'D4'},{'D3'},{'R2'},{'D5'},{'D1'},{'R1'},{'R5'},{'R3'},{'R4'},&,1.0,&
{'D2'},{'D4'},{'D3'},{'R2'},{'D5'},{'D1'},{'R1'},{'R3'},{'R5'},{'R4'},&,1.0,&
{'D2'},{'D4'},{'D3'},{'R1'},{'D5'},{'D1'},{'R2'},{'R5'},{'R3'},{'R4'},&,1.0,&
{'D2'},{'D4'},{'D3'},{'R1'},{'D5'},{'D1'},{'R2'},{'R3'},{'R5'},{'R4'},&,2.0,&
{'D2'},{'D4'},{'D3'},{'R3'},{'D5'},{'D1'},{'R2'},{'R1'},{'R5'},{'R4'},&,1.0,&
{'D2'},{'D4'},{'D1'},{'D5'},{'R1'},{'R2'},{'D3'},{'R4'},{'R5'},{'R3'},&,1.0,&
{'D2'},{'D4'},{'D1'},{'D5'},{'D3'},{'R1'},{'R2'},{'R5'},{'R4'},{'R3'},&,1.0,&
{'D2'},{'D4'},{'D1'},{'D5'},{'D3'},{'R1'},{'R2'},{'R4'},{'R3'},{'R5'},&,1.0,&
{'D2'},{'D4'},{'D1'},{'D5'},{'D3'},{'R2'},{'R1'},{'R5'},{'R3'},{'R4'},&,1.0,&
{'D2'},{'D4'},{'D1'},{'D5'},{'D3'},{'R2'},{'R1'},{'R5'},{'R4'},{'R3'},&,1.0,&
{'D2'},{'D4'},{'D1'},{'D5'},{'R5'},{'D3'},{'R2'},{'R1'},{'R3'},{'R4'},&,1.0,&
{'D2'},{'D4'},{'D1'},{'D3'},{'D5'},{'R1'},{'R2'},{'R3'},{'R5'},{'R4'},&,2.0,&
{'D2'},{'D4'},{'D1'},{'R2'},{'D5'},{'R5'},{'D3'},{'R1'},{'R3'},{'R4'},&,1.0,&
{'D2'},{'D4'},{'D5'},{'D3'},{'D1'},{'R1'},{'R2'},{'R5'},{'R3'},{'R4'},&,9.0,&
{'D2'},{'D4'},{'D5'},{'D3'},{'D1'},{'R1'},{'R2'},{'R3'},{'R5'},{'R4'},&,1.0,&
{'D2'},{'D4'},{'D5'},{'D3'},{'D1'},{'R1'},{'R5'},{'R2'},{'R4'},{'R3'},&,2.0,&
{'D2'},{'D4'},{'D5'},{'D3'},{'D1'},{'R1'},{'R5'},{'R4'},{'R2'},{'R3'},&,1.0,&
{'D2'},{'D4'},{'D5'},{'D3'},{'D1'},{'R2'},{'R5'},{'R1'},{'R3'},{'R4'},&,1.0,&
{'D2'},{'D4'},{'D5'},{'D3'},{'D1'},{'R2'},{'R1'},{'R5'},{'R3'},{'R4'},&,9.0,&
{'D2'},{'D4'},{'D5'},{'D3'},{'D1'},{'R2'},{'R1'},{'R5'},{'R4'},{'R3'},&,2.0,&
{'D2'},{'D4'},{'D5'},{'D3'},{'D1'},{'R2'},{'R1'},{'R4'},{'R5'},{'R3'},&,1.0,&
{'D2'},{'D4'},{'D5'},{'D3'},{'D1'},{'R2'},{'R1'},{'R3'},{'R5'},{'R4'},&,1.0,&
{'D2'},{'D4'},{'D5'},{'D3'},{'D1'},{'R2'},{'R3'},{'R5'},{'R1'},{'R4'},&,1.0,&
{'D2'},{'D4'},{'D5'},{'D3'},{'D1'},{'R5'},{'R2'},{'R1'},{'R3'},{'R4'},&,2.0,&
{'D2'},{'D4'},{'D5'},{'D3'},{'R2'},{'D1'},{'R1'},{'R5'},{'R4'},{'R3'},&,1.0,&
{'D2'},{'D4'},{'D5'},{'D3'},{'R2'},{'D1'},{'R1'},{'R4'},{'R3'},{'R5'},&,1.0,&
{'D2'},{'D4'},{'D5'},{'D3'},{'R2'},{'D1'},{'R1'},{'R3'},{'R5'},{'R4'},&,2.0,&
{'D2'},{'D4'},{'D5'},{'D1'},{'R1'},{'D3'},{'R2'},{'R5'},{'R3'},{'R4'},&,1.0,&
{'D2'},{'D4'},{'D5'},{'D1'},{'R1'},{'D3'},{'R2'},{'R5'},{'R4'},{'R3'},&,1.0,&
{'D2'},{'D4'},{'D5'},{'D1'},{'R1'},{'D3'},{'R5'},{'R2'},{'R3'},{'R4'},&,1.0,&
{'D2'},{'D4'},{'D5'},{'D1'},{'D3'},{'R1'},{'R2'},{'R5'},{'R3'},{'R4'},&,2.0,&
{'D2'},{'D4'},{'D5'},{'D1'},{'D3'},{'R2'},{'R5'},{'R1'},{'R4'},{'R3'},&,1.0,&
{'D2'},{'D4'},{'D5'},{'D1'},{'D3'},{'R2'},{'R3'},{'R5'},{'R1'},{'R4'},&,1.0,&
{'D2'},{'D4'},{'D5'},{'D1'},{'D3'},{'R3'},{'R2'},{'R5'},{'R1'},{'R4'},&,1.0,&
{'D2'},{'D4'},{'D5'},{'D1'},{'D3'},{'R3'},{'R1'},{'R2'},{'R4'},{'R5'},&,1.0,&
{'D2'},{'D4'},{'D5'},{'R2'},{'D1'},{'D3'},{'R1'},{'R5'},{'R3'},{'R4'},&,1.0,&
{'D2'},{'D4'},{'D5'},{'R2'},{'D3'},{'D1'},{'R5'},{'R1'},{'R3'},{'R4'},&,1.0,&
{'D2'},{'D4'},{'D5'},{'R2'},{'D3'},{'D1'},{'R1'},{'R5'},{'R3'},{'R4'},&,3.0,&
{'D2'},{'D4'},{'D5'},{'R1'},{'D3'},{'D1'},{'R2'},{'R5'},{'R3'},{'R4'},&,1.0,&
{'D2'},{'D4'},{'D5'},{'R1'},{'D3'},{'D1'},{'R2'},{'R3'},{'R5'},{'R4'},&,1.0,&
{'D2'},{'D4'},{'D5'},{'R1'},{'R2'},{'R5'},{'D3'},{'D1'},{'R3'},{'R4'},&,1.0,&
{'D2'},{'D4'},{'D5'},{'R1'},{'R2'},{'R5'},{'D1'},{'R4'},{'R3'},{'D3'},&,1.0,&
{'D2'},{'D4'},{'D5'},{'R1'},{'R2'},{'D3'},{'D1'},{'R5'},{'R3'},{'R4'},&,1.0,&
{'D2'},{'D4'},{'R2'},{'D5'},{'D1'},{'D3'},{'R1'},{'R3'},{'R5'},{'R4'},&,1.0,&
{'D2'},{'D4'},{'R2'},{'D5'},{'D3'},{'D1'},{'R5'},{'R1'},{'R3'},{'R4'},&,1.0,&
{'D2'},{'D4'},{'R2'},{'D5'},{'D3'},{'D1'},{'R1'},{'R5'},{'R3'},{'R4'},&,1.0,&
{'D2'},{'D4'},{'R2'},{'D3'},{'D5'},{'D1'},{'R5'},{'R3'},{'R1'},{'R4'},&,1.0,&
{'D2'},{'D4'},{'R2'},{'D3'},{'D5'},{'D1'},{'R1'},{'R5'},{'R3'},{'R4'},&,1.0,&
{'D2'},{'D4'},{'R2'},{'D3'},{'D5'},{'R1'},{'D1'},{'R4'},{'R5'},{'R3'},&,1.0,&
{'D2'},{'D4'},{'R2'},{'D3'},{'D5'},{'R1'},{'D1'},{'R3'},{'R5'},{'R4'},&,1.0,&
{'D2'},{'D4'},{'R2'},{'D1'},{'D5'},{'D3'},{'R1'},{'R5'},{'R3'},{'R4'},&,1.0,&
{'D2'},{'D4'},{'R2'},{'D1'},{'D3'},{'D5'},{'R5'},{'R1'},{'R3'},{'R4'},&,1.0,&
{'D2'},{'D4'},{'R2'},{'R5'},{'D5'},{'D1'},{'D3'},{'R1'},{'R3'},{'R4'},&,1.0,&
{'D2'},{'D4'},{'R2'},{'R1'},{'R3'},{'D5'},{'D3'},{'D1'},{'R5'},{'R4'},&,1.0,&
{'D2'},{'D4'},{'R1'},{'D5'},{'D3'},{'D1'},{'R2'},{'R5'},{'R3'},{'R4'},&,2.0,&
{'D2'},{'D4'},{'R1'},{'D5'},{'D3'},{'D1'},{'R2'},{'R4'},{'R5'},{'R3'},&,1.0,&
{'D2'},{'D4'},{'R1'},{'D5'},{'D3'},{'D1'},{'R2'},{'R3'},{'R5'},{'R4'},&,1.0,&
{'D2'},{'D4'},{'R1'},{'D3'},{'D1'},{'D5'},{'R2'},{'R3'},{'R4'},{'R5'},&,1.0,&
{'D2'},{'D4'},{'R1'},{'D3'},{'R2'},{'D1'},{'D5'},{'R4'},{'R3'},{'R5'},&,1.0,&
{'D2'},{'D4'},{'R5'},{'D3'},{'D5'},{'D1'},{'R2'},{'R1'},{'R3'},{'R4'},&,1.0,&
{'D2'},{'R1'},{'D3'},{'D5'},{'D1'},{'D4'},{'R2'},{'R3'},{'R5'},{'R4'},&,1.0,&
{'D2'},{'R1'},{'D3'},{'D5'},{'D4'},{'D1'},{'R2'},{'R5'},{'R3'},{'R4'},&,1.0,&
{'D2'},{'R1'},{'D3'},{'D5'},{'D4'},{'D1'},{'R2'},{'R5'},{'R4'},{'R3'},&,1.0,&
{'D2'},{'R1'},{'D3'},{'D5'},{'D4'},{'D1'},{'R2'},{'R3'},{'R5'},{'R4'},&,1.0,&
{'D2'},{'R1'},{'D3'},{'D5'},{'R2'},{'D1'},{'D4'},{'R5'},{'R4'},{'R3'},&,1.0,&
{'D2'},{'R1'},{'D3'},{'D4'},{'D1'},{'D5'},{'R3'},{'R2'},{'R5'},{'R4'},&,1.0,&
{'D2'},{'R1'},{'D3'},{'D4'},{'D5'},{'D1'},{'R2'},{'R4'},{'R5'},{'R3'},&,1.0,&
{'D2'},{'R1'},{'D3'},{'D4'},{'R2'},{'D5'},{'D1'},{'R3'},{'R5'},{'R4'},&,1.0,&
{'D2'},{'R1'},{'D3'},{'R2'},{'D1'},{'D5'},{'R5'},{'D4'},{'R4'},{'R3'},&,1.0,&
{'D2'},{'R1'},{'D1'},{'D3'},{'D5'},{'D4'},{'R2'},{'R5'},{'R3'},{'R4'},&,1.0,&
{'D2'},{'R1'},{'D5'},{'D4'},{'D3'},{'D1'},{'R2'},{'R5'},{'R3'},{'R4'},&,2.0,&
{'D2'},{'R1'},{'D5'},{'D4'},{'D3'},{'D1'},{'R2'},{'R5'},{'R4'},{'R3'},&,1.0,&
{'D2'},{'R1'},{'D5'},{'D3'},{'R2'},{'D4'},{'D1'},{'R5'},{'R3'},{'R4'},&,1.0,&
{'D2'},{'R1'},{'D5'},{'R2'},{'D1'},{'R5'},{'D4'},{'D3'},{'R3'},{'R4'},&,1.0,&
{'D2'},{'R1'},{'D5'},{'R2'},{'R5'},{'R4'},{'D4'},{'D3'},{'D1'},{'R3'},&,1.0,&
{'D2'},{'R1'},{'D4'},{'D5'},{'D3'},{'D1'},{'R2'},{'R4'},{'R5'},{'R3'},&,1.0,&
{'D2'},{'R1'},{'D4'},{'D5'},{'D3'},{'D1'},{'R2'},{'R3'},{'R5'},{'R4'},&,1.0,&
{'D2'},{'R1'},{'D4'},{'D5'},{'D3'},{'D1'},{'R5'},{'R2'},{'R3'},{'R4'},&,1.0,&
{'D2'},{'R1'},{'D4'},{'D5'},{'D3'},{'R2'},{'D1'},{'R4'},{'R5'},{'R3'},&,1.0,&
{'D2'},{'R1'},{'D4'},{'D5'},{'R2'},{'D3'},{'D1'},{'R3'},{'R5'},{'R4'},&,1.0,&
{'D2'},{'R1'},{'D4'},{'D3'},{'R2'},{'D5'},{'D1'},{'R3'},{'R5'},{'R4'},&,1.0,&
{'D2'},{'R1'},{'D4'},{'D1'},{'D5'},{'D3'},{'R5'},{'R2'},{'R3'},{'R4'},&,1.0,&
{'D2'},{'R1'},{'D4'},{'R5'},{'D3'},{'D5'},{'D1'},{'R2'},{'R3'},{'R4'},&,1.0,&
{'D2'},{'R1'},{'R2'},{'D1'},{'R4'},{'R5'},{'R3'},{'D5'},{'D3'},{'D4'},&,1.0,&
{'D2'},{'R1'},{'R2'},{'R5'},{'R4'},{'R3'},{'D1'},{'D3'},{'D5'},{'D4'},&,1.0,&
{'D2'},{'R1'},{'R2'},{'R5'},{'R4'},{'R3'},{'D1'},{'D4'},{'D3'},{'D5'},&,1.0,&
{'D2'},{'R1'},{'R2'},{'R3'},{'R4'},{'D5'},{'D4'},{'D3'},{'D1'},{'R5'},&,1.0,&
{'D2'},{'R1'},{'R5'},{'D3'},{'D4'},{'D5'},{'D1'},{'R2'},{'R3'},{'R4'},&,1.0,&
{'D2'},{'R1'},{'R3'},{'D3'},{'D4'},{'D5'},{'D1'},{'R2'},{'R5'},{'R4'},&,1.0,&
{'D2'},{'R2'},{'D3'},{'D5'},{'D1'},{'D4'},{'R1'},{'R5'},{'R4'},{'R3'},&,1.0,&
{'D2'},{'R2'},{'D3'},{'D5'},{'D4'},{'D1'},{'R5'},{'R1'},{'R4'},{'R3'},&,1.0,&
{'D2'},{'R2'},{'D3'},{'D5'},{'D4'},{'D1'},{'R1'},{'R5'},{'R3'},{'R4'},&,3.0,&
{'D2'},{'R2'},{'D3'},{'D5'},{'D4'},{'D1'},{'R1'},{'R4'},{'R5'},{'R3'},&,1.0,&
{'D2'},{'R2'},{'D3'},{'D5'},{'D4'},{'D1'},{'R1'},{'R3'},{'R5'},{'R4'},&,1.0,&
{'D2'},{'R2'},{'D3'},{'D5'},{'R5'},{'D1'},{'D4'},{'R1'},{'R3'},{'R4'},&,1.0,&
{'D2'},{'R2'},{'D3'},{'D4'},{'D1'},{'D5'},{'R5'},{'R1'},{'R3'},{'R4'},&,1.0,&
{'D2'},{'R2'},{'D3'},{'D4'},{'D5'},{'D1'},{'R1'},{'R5'},{'R3'},{'R4'},&,1.0,&
{'D2'},{'R2'},{'D3'},{'D4'},{'D5'},{'D1'},{'R1'},{'R5'},{'R4'},{'R3'},&,2.0,&
{'D2'},{'R2'},{'D3'},{'R1'},{'D4'},{'D5'},{'D1'},{'R5'},{'R4'},{'R3'},&,1.0,&
{'D2'},{'R2'},{'D1'},{'D5'},{'D4'},{'D3'},{'R4'},{'R5'},{'R1'},{'R3'},&,1.0,&
{'D2'},{'R2'},{'D1'},{'D5'},{'D3'},{'R1'},{'D4'},{'R5'},{'R4'},{'R3'},&,1.0,&
{'D2'},{'R2'},{'D1'},{'D3'},{'D4'},{'D5'},{'R1'},{'R5'},{'R3'},{'R4'},&,1.0,&
{'D2'},{'R2'},{'D1'},{'D3'},{'D4'},{'D5'},{'R1'},{'R3'},{'R5'},{'R4'},&,1.0,&
{'D2'},{'R2'},{'D1'},{'D3'},{'R5'},{'D4'},{'R1'},{'R4'},{'R3'},{'D5'},&,1.0,&
{'D2'},{'R2'},{'D5'},{'D4'},{'D3'},{'D1'},{'R1'},{'R5'},{'R3'},{'R4'},&,2.0,&
{'D2'},{'R2'},{'D5'},{'D4'},{'D3'},{'D1'},{'R1'},{'R5'},{'R4'},{'R3'},&,1.0,&
{'D2'},{'R2'},{'D5'},{'D4'},{'D3'},{'D1'},{'R3'},{'R1'},{'R5'},{'R4'},&,1.0,&
{'D2'},{'R2'},{'D5'},{'D4'},{'D3'},{'R1'},{'D1'},{'R3'},{'R5'},{'R4'},&,1.0,&
{'D2'},{'R2'},{'D5'},{'D3'},{'D1'},{'D4'},{'R1'},{'R5'},{'R3'},{'R4'},&,1.0,&
{'D2'},{'R2'},{'D5'},{'D3'},{'R1'},{'R5'},{'D1'},{'R4'},{'D4'},{'R3'},&,1.0,&
{'D2'},{'R2'},{'D5'},{'D3'},{'R1'},{'R3'},{'R5'},{'D4'},{'R4'},{'D1'},&,1.0,&
{'D2'},{'R2'},{'D5'},{'D3'},{'D4'},{'D1'},{'R1'},{'R5'},{'R3'},{'R4'},&,1.0,&
{'D2'},{'R2'},{'D5'},{'D3'},{'D4'},{'D1'},{'R1'},{'R5'},{'R4'},{'R3'},&,1.0,&
{'D2'},{'R2'},{'D5'},{'D3'},{'D4'},{'D1'},{'R1'},{'R4'},{'R5'},{'R3'},&,1.0,&
{'D2'},{'R2'},{'D5'},{'D3'},{'D4'},{'D1'},{'R1'},{'R3'},{'R4'},{'R5'},&,1.0,&
{'D2'},{'R2'},{'D5'},{'D3'},{'D4'},{'D1'},{'R3'},{'R4'},{'R1'},{'R5'},&,1.0,&
{'D2'},{'R2'},{'D5'},{'R1'},{'R5'},{'D3'},{'D4'},{'D1'},{'R3'},{'R4'},&,1.0,&
{'D2'},{'R2'},{'D4'},{'D5'},{'D1'},{'D3'},{'R5'},{'R1'},{'R3'},{'R4'},&,1.0,&
{'D2'},{'R2'},{'D4'},{'D5'},{'D3'},{'D1'},{'R5'},{'R1'},{'R4'},{'R3'},&,1.0,&
{'D2'},{'R2'},{'D4'},{'D5'},{'D3'},{'D1'},{'R1'},{'R5'},{'R3'},{'R4'},&,2.0,&
{'D2'},{'R2'},{'D4'},{'D5'},{'D3'},{'D1'},{'R1'},{'R3'},{'R5'},{'R4'},&,1.0,&
{'D2'},{'R2'},{'D4'},{'D5'},{'D3'},{'D1'},{'R3'},{'R1'},{'R5'},{'R4'},&,2.0,&
{'D2'},{'R2'},{'D4'},{'D5'},{'D3'},{'R5'},{'D1'},{'R1'},{'R3'},{'R4'},&,1.0,&
{'D2'},{'R2'},{'D4'},{'D3'},{'R1'},{'D5'},{'D1'},{'R5'},{'R3'},{'R4'},&,1.0,&
{'D2'},{'R2'},{'D4'},{'D3'},{'R1'},{'R5'},{'D1'},{'D5'},{'R4'},{'R3'},&,1.0,&
{'D2'},{'R2'},{'D4'},{'D3'},{'D5'},{'D1'},{'R1'},{'R5'},{'R3'},{'R4'},&,1.0,&
{'D2'},{'R2'},{'D4'},{'D3'},{'D5'},{'D1'},{'R1'},{'R3'},{'R5'},{'R4'},&,1.0,&
{'D2'},{'R2'},{'D4'},{'D3'},{'R5'},{'D5'},{'D1'},{'R1'},{'R4'},{'R3'},&,1.0,&
{'D2'},{'R2'},{'R1'},{'D4'},{'D5'},{'D3'},{'D1'},{'R3'},{'R4'},{'R5'},&,1.0,&
{'D2'},{'R2'},{'R1'},{'D4'},{'D5'},{'R3'},{'D3'},{'D1'},{'R5'},{'R4'},&,1.0,&
{'D2'},{'R2'},{'R1'},{'D4'},{'D3'},{'D5'},{'D1'},{'R3'},{'R5'},{'R4'},&,1.0,&
{'D2'},{'R2'},{'R1'},{'R3'},{'D3'},{'D1'},{'R5'},{'R4'},{'D5'},{'D4'},&,1.0,&
{'D2'},{'R2'},{'R1'},{'R4'},{'R5'},{'R3'},{'D5'},{'D3'},{'D1'},{'D4'},&,1.0,&
{'D2'},{'R2'},{'R5'},{'R1'},{'D4'},{'D5'},{'D3'},{'R3'},{'D1'},{'R4'},&,1.0,&
{'D2'},{'R2'},{'R4'},{'R1'},{'D5'},{'R3'},{'D1'},{'R5'},{'D3'},{'D4'},&,1.0,&
{'D2'},{'R2'},{'R4'},{'R1'},{'R3'},{'R5'},{'D1'},{'D3'},{'D5'},{'D4'},&,1.0,&
{'D2'},{'D1'},{'D3'},{'D5'},{'D4'},{'R1'},{'R2'},{'R5'},{'R4'},{'R3'},&,1.0,&
{'D2'},{'D1'},{'D3'},{'D5'},{'D4'},{'R2'},{'R5'},{'R1'},{'R3'},{'R4'},&,1.0,&
{'D2'},{'D1'},{'D3'},{'D5'},{'D4'},{'R2'},{'R1'},{'R5'},{'R3'},{'R4'},&,1.0,&
{'D2'},{'D1'},{'D3'},{'D4'},{'D5'},{'R1'},{'R2'},{'R4'},{'R3'},{'R5'},&,1.0,&
{'D2'},{'D1'},{'D3'},{'D4'},{'D5'},{'R1'},{'R2'},{'R3'},{'R5'},{'R4'},&,1.0,&
{'D2'},{'D1'},{'D3'},{'D4'},{'R5'},{'R2'},{'D5'},{'R1'},{'R4'},{'R3'},&,1.0,&
{'D2'},{'D1'},{'D5'},{'D4'},{'D3'},{'R2'},{'R1'},{'R3'},{'R5'},{'R4'},&,1.0,&
{'D2'},{'D1'},{'D5'},{'D3'},{'D4'},{'R2'},{'R1'},{'R5'},{'R4'},{'R3'},&,1.0,&
{'D2'},{'D1'},{'D5'},{'R1'},{'R2'},{'D4'},{'D3'},{'R5'},{'R4'},{'R3'},&,1.0,&
{'D2'},{'D1'},{'D5'},{'R3'},{'D4'},{'D3'},{'R2'},{'R1'},{'R5'},{'R4'},&,1.0,&
{'D2'},{'D1'},{'D4'},{'D5'},{'D3'},{'R1'},{'R2'},{'R5'},{'R3'},{'R4'},&,1.0,&
{'D2'},{'D1'},{'D4'},{'D5'},{'D3'},{'R1'},{'R2'},{'R5'},{'R4'},{'R3'},&,1.0,&
{'D2'},{'D1'},{'D4'},{'D5'},{'D3'},{'R2'},{'R1'},{'R5'},{'R3'},{'R4'},&,1.0,&
{'D2'},{'D1'},{'D4'},{'D5'},{'D3'},{'R2'},{'R4'},{'R3'},{'R1'},{'R5'},&,1.0,&
{'D2'},{'D1'},{'D4'},{'D5'},{'D3'},{'R3'},{'R1'},{'R4'},{'R2'},{'R5'},&,1.0,&
{'D2'},{'D1'},{'D4'},{'D3'},{'D5'},{'R2'},{'R5'},{'R1'},{'R4'},{'R3'},&,1.0,&
{'D2'},{'D1'},{'D4'},{'D3'},{'D5'},{'R2'},{'R1'},{'R3'},{'R5'},{'R4'},&,1.0,&
{'D2'},{'D1'},{'D4'},{'R1'},{'D5'},{'D3'},{'R2'},{'R5'},{'R3'},{'R4'},&,1.0,&
{'D2'},{'D1'},{'R2'},{'D5'},{'D4'},{'D3'},{'R1'},{'R3'},{'R5'},{'R4'},&,1.0,&
{'D2'},{'D1'},{'R2'},{'D3'},{'D5'},{'D4'},{'R1'},{'R4'},{'R5'},{'R3'},&,1.0,&
{'D2'},{'D1'},{'R2'},{'D3'},{'D5'},{'D4'},{'R3'},{'R1'},{'R5'},{'R4'},&,1.0,&
{'D2'},{'D1'},{'R1'},{'D5'},{'D3'},{'D4'},{'R2'},{'R5'},{'R3'},{'R4'},&,1.0,&
{'D2'},{'D1'},{'R1'},{'D3'},{'D4'},{'D5'},{'R2'},{'R5'},{'R4'},{'R3'},&,1.0,&
{'D2'},{'R4'},{'D3'},{'R1'},{'D4'},{'R2'},{'D5'},{'D1'},{'R5'},{'R3'},&,1.0,&
{'D2'},{'R4'},{'D1'},{'R1'},{'R5'},{'R2'},{'R3'},{'D3'},{'D4'},{'D5'},&,1.0,&
{'D2'},{'R4'},{'D5'},{'D1'},{'D4'},{'R2'},{'D3'},{'R1'},{'R5'},{'R3'},&,1.0,&
{'D2'},{'R4'},{'R1'},{'R5'},{'R3'},{'R2'},{'D1'},{'D3'},{'D5'},{'D4'},&,1.0,&
{'D2'},{'R3'},{'D3'},{'D5'},{'D4'},{'D1'},{'R2'},{'R1'},{'R5'},{'R4'},&,1.0,&
{'D2'},{'R3'},{'D5'},{'D4'},{'D1'},{'D3'},{'R2'},{'R1'},{'R5'},{'R4'},&,1.0,&
{'D2'},{'R3'},{'D5'},{'D1'},{'D4'},{'D3'},{'R2'},{'R5'},{'R1'},{'R4'},&,1.0,&
{'R2'},{'R5'},{'D3'},{'D5'},{'D1'},{'D4'},{'D2'},{'R1'},{'R4'},{'R3'},&,1.0,&
{'R2'},{'R5'},{'D3'},{'D5'},{'R4'},{'R1'},{'D1'},{'R3'},{'D2'},{'D4'},&,1.0,&
{'R2'},{'R5'},{'D3'},{'D4'},{'D1'},{'D5'},{'D2'},{'R1'},{'R3'},{'R4'},&,1.0,&
{'R2'},{'R5'},{'D3'},{'D4'},{'R1'},{'D2'},{'D5'},{'D1'},{'R3'},{'R4'},&,1.0,&
{'R2'},{'R5'},{'D3'},{'D4'},{'D5'},{'D1'},{'D2'},{'R1'},{'R3'},{'R4'},&,1.0,&
{'R2'},{'R5'},{'D3'},{'D4'},{'D5'},{'R1'},{'D2'},{'D1'},{'R3'},{'R4'},&,1.0,&
{'R2'},{'R5'},{'D3'},{'D4'},{'D5'},{'D2'},{'D1'},{'R1'},{'R4'},{'R3'},&,1.0,&
{'R2'},{'R5'},{'D3'},{'D1'},{'R1'},{'D2'},{'R4'},{'R3'},{'D5'},{'D4'},&,1.0,&
{'R2'},{'R5'},{'D3'},{'D1'},{'D5'},{'R1'},{'R3'},{'R4'},{'D2'},{'D4'},&,1.0,&
{'R2'},{'R5'},{'D3'},{'R1'},{'D1'},{'D5'},{'R3'},{'R4'},{'D4'},{'D2'},&,1.0,&
{'R2'},{'R5'},{'D3'},{'R1'},{'R4'},{'R3'},{'D5'},{'D1'},{'D4'},{'D2'},&,2.0,&
{'R2'},{'R5'},{'D3'},{'R4'},{'R1'},{'R3'},{'D1'},{'D5'},{'D4'},{'D2'},&,1.0,&
{'R2'},{'R5'},{'D3'},{'R4'},{'R1'},{'R3'},{'D4'},{'D1'},{'D5'},{'D2'},&,1.0,&
{'R2'},{'R5'},{'D1'},{'D5'},{'D3'},{'D4'},{'D2'},{'R1'},{'R3'},{'R4'},&,1.0,&
{'R2'},{'R5'},{'D1'},{'D3'},{'R1'},{'R3'},{'D4'},{'R4'},{'D2'},{'D5'},&,1.0,&
{'R2'},{'R5'},{'D1'},{'R1'},{'R4'},{'R3'},{'D3'},{'D2'},{'D5'},{'D4'},&,1.0,&
{'R2'},{'R5'},{'D1'},{'R1'},{'R4'},{'R3'},{'D3'},{'D5'},{'D4'},{'D2'},&,1.0,&
{'R2'},{'R5'},{'D5'},{'D4'},{'R1'},{'D3'},{'R3'},{'D2'},{'R4'},{'D1'},&,1.0,&
{'R2'},{'R5'},{'D5'},{'D3'},{'D2'},{'D4'},{'R1'},{'D1'},{'R3'},{'R4'},&,1.0,&
{'R2'},{'R5'},{'D5'},{'D3'},{'D1'},{'R1'},{'D4'},{'D2'},{'R3'},{'R4'},&,1.0,&
{'R2'},{'R5'},{'D5'},{'D3'},{'D4'},{'D1'},{'D2'},{'R1'},{'R3'},{'R4'},&,1.0,&
{'R2'},{'R5'},{'D5'},{'D3'},{'D4'},{'R1'},{'D2'},{'D1'},{'R3'},{'R4'},&,1.0,&
{'R2'},{'R5'},{'D5'},{'D2'},{'D4'},{'D3'},{'D1'},{'R1'},{'R3'},{'R4'},&,1.0,&
{'R2'},{'R5'},{'D5'},{'D1'},{'D4'},{'D2'},{'R1'},{'R3'},{'D3'},{'R4'},&,1.0,&
{'R2'},{'R5'},{'D5'},{'R1'},{'R3'},{'R4'},{'D1'},{'D3'},{'D2'},{'D4'},&,1.0,&
{'R2'},{'R5'},{'D4'},{'D5'},{'D3'},{'D1'},{'D2'},{'R1'},{'R3'},{'R4'},&,2.0,&
{'R2'},{'R5'},{'D4'},{'D3'},{'D2'},{'D5'},{'D1'},{'R1'},{'R3'},{'R4'},&,1.0,&
{'R2'},{'R5'},{'R1'},{'D5'},{'R4'},{'D3'},{'R3'},{'D1'},{'D4'},{'D2'},&,1.0,&
{'R2'},{'R5'},{'R1'},{'D4'},{'D5'},{'D2'},{'R3'},{'D3'},{'R4'},{'D1'},&,1.0,&
{'R2'},{'R5'},{'R1'},{'D3'},{'D2'},{'R4'},{'D5'},{'D4'},{'R3'},{'D1'},&,1.0,&
{'R2'},{'R5'},{'R1'},{'D3'},{'D4'},{'D5'},{'R4'},{'D2'},{'R3'},{'D1'},&,1.0,&
{'R2'},{'R5'},{'R1'},{'D3'},{'R4'},{'R3'},{'D5'},{'D1'},{'D2'},{'D4'},&,1.0,&
{'R2'},{'R5'},{'R1'},{'D1'},{'D3'},{'R4'},{'R3'},{'D5'},{'D4'},{'D2'},&,1.0,&
{'R2'},{'R5'},{'R1'},{'D1'},{'R4'},{'R3'},{'D3'},{'D4'},{'D5'},{'D2'},&,1.0,&
{'R2'},{'R5'},{'R1'},{'D1'},{'R4'},{'R3'},{'D3'},{'D4'},{'D2'},{'D5'},&,1.0,&
{'R2'},{'R5'},{'R1'},{'D1'},{'R4'},{'R3'},{'D5'},{'D3'},{'D2'},{'D4'},&,1.0,&
{'R2'},{'R5'},{'R1'},{'R3'},{'R4'},{'D1'},{'D3'},{'D5'},{'D2'},{'D4'},&,2.0,&
{'R2'},{'R5'},{'R1'},{'R3'},{'R4'},{'D1'},{'D3'},{'D5'},{'D4'},{'D2'},&,3.0,&
{'R2'},{'R5'},{'R1'},{'R3'},{'R4'},{'D1'},{'D3'},{'D4'},{'D5'},{'D2'},&,1.0,&
{'R2'},{'R5'},{'R1'},{'R3'},{'R4'},{'D1'},{'D4'},{'D5'},{'D3'},{'D2'},&,2.0,&
{'R2'},{'R5'},{'R1'},{'R3'},{'R4'},{'D5'},{'D3'},{'D1'},{'D2'},{'D4'},&,1.0,&
{'R2'},{'R5'},{'R1'},{'R3'},{'R4'},{'D5'},{'D3'},{'D1'},{'D4'},{'D2'},&,1.0,&
{'R2'},{'R5'},{'R1'},{'R3'},{'R4'},{'D5'},{'D3'},{'D4'},{'D1'},{'D2'},&,1.0,&
{'R2'},{'R5'},{'R1'},{'R3'},{'R4'},{'D5'},{'D1'},{'D3'},{'D4'},{'D2'},&,1.0,&
{'R2'},{'R5'},{'R1'},{'R3'},{'R4'},{'D3'},{'D1'},{'D4'},{'D5'},{'D2'},&,1.0,&
{'R2'},{'R5'},{'R1'},{'R3'},{'R4'},{'D4'},{'D1'},{'D3'},{'D5'},{'D2'},&,1.0,&
{'R2'},{'R5'},{'R1'},{'R4'},{'D5'},{'D1'},{'R3'},{'D3'},{'D2'},{'D4'},&,1.0,&
{'R2'},{'R5'},{'R1'},{'R4'},{'R3'},{'D1'},{'D2'},{'D5'},{'D3'},{'D4'},&,1.0,&
{'R2'},{'R5'},{'R1'},{'R4'},{'R3'},{'D1'},{'D2'},{'D3'},{'D5'},{'D4'},&,1.0,&
{'R2'},{'R5'},{'R1'},{'R4'},{'R3'},{'D1'},{'D3'},{'D2'},{'D5'},{'D4'},&,1.0,&
{'R2'},{'R5'},{'R1'},{'R4'},{'R3'},{'D1'},{'D3'},{'D5'},{'D2'},{'D4'},&,1.0,&
{'R2'},{'R5'},{'R1'},{'R4'},{'R3'},{'D1'},{'D3'},{'D5'},{'D4'},{'D2'},&,4.0,&
{'R2'},{'R5'},{'R1'},{'R4'},{'R3'},{'D1'},{'D4'},{'D3'},{'D2'},{'D5'},&,1.0,&
{'R2'},{'R5'},{'R1'},{'R4'},{'R3'},{'D1'},{'D5'},{'D3'},{'D2'},{'D4'},&,1.0,&
{'R2'},{'R5'},{'R1'},{'R4'},{'R3'},{'D1'},{'D5'},{'D3'},{'D4'},{'D2'},&,2.0,&
{'R2'},{'R5'},{'R1'},{'R4'},{'R3'},{'D1'},{'D5'},{'D4'},{'D3'},{'D2'},&,2.0,&
{'R2'},{'R5'},{'R1'},{'R4'},{'R3'},{'D5'},{'D3'},{'D1'},{'D2'},{'D4'},&,2.0,&
{'R2'},{'R5'},{'R1'},{'R4'},{'R3'},{'D5'},{'D1'},{'D3'},{'D2'},{'D4'},&,2.0,&
{'R2'},{'R5'},{'R1'},{'R4'},{'R3'},{'D5'},{'D1'},{'D3'},{'D4'},{'D2'},&,1.0,&
{'R2'},{'R5'},{'R1'},{'R4'},{'R3'},{'D3'},{'D1'},{'D5'},{'D4'},{'D2'},&,3.0,&
{'R2'},{'R5'},{'R1'},{'R4'},{'R3'},{'D3'},{'D1'},{'D4'},{'D2'},{'D5'},&,1.0,&
{'R2'},{'R5'},{'R1'},{'R4'},{'R3'},{'D3'},{'D4'},{'D1'},{'D5'},{'D2'},&,1.0,&
{'R2'},{'R5'},{'R1'},{'R4'},{'R3'},{'D3'},{'D4'},{'D5'},{'D1'},{'D2'},&,1.0,&
{'R2'},{'R5'},{'R1'},{'R4'},{'R3'},{'D3'},{'D5'},{'D1'},{'D4'},{'D2'},&,1.0,&
{'R2'},{'R5'},{'R1'},{'R4'},{'R3'},{'D2'},{'D3'},{'D5'},{'D1'},{'D4'},&,1.0,&
{'R2'},{'R5'},{'R1'},{'R4'},{'R3'},{'D2'},{'D5'},{'D4'},{'D3'},{'D1'},&,1.0,&
{'R2'},{'R5'},{'R1'},{'R4'},{'R3'},{'D4'},{'D5'},{'D3'},{'D1'},{'D2'},&,2.0,&
{'R2'},{'R5'},{'R3'},{'R1'},{'R4'},{'D1'},{'D5'},{'D3'},{'D4'},{'D2'},&,1.0,&
{'R2'},{'R5'},{'R3'},{'R1'},{'R4'},{'D5'},{'D1'},{'D2'},{'D3'},{'D4'},&,1.0,&
{'R2'},{'R5'},{'R3'},{'R1'},{'R4'},{'D3'},{'D2'},{'D1'},{'D5'},{'D4'},&,1.0,&
{'R2'},{'R5'},{'R3'},{'R1'},{'R4'},{'D3'},{'D4'},{'D1'},{'D5'},{'D2'},&,1.0,&
{'R2'},{'R5'},{'R3'},{'R1'},{'R4'},{'D3'},{'D5'},{'D2'},{'D1'},{'D4'},&,1.0,&
{'R2'},{'R5'},{'R3'},{'R4'},{'R1'},{'D1'},{'D3'},{'D5'},{'D2'},{'D4'},&,1.0,&
{'R2'},{'R5'},{'R3'},{'R4'},{'R1'},{'D1'},{'D3'},{'D4'},{'D5'},{'D2'},&,1.0,&
{'R2'},{'R5'},{'R3'},{'R4'},{'R1'},{'D1'},{'D4'},{'D3'},{'D5'},{'D2'},&,1.0,&
{'R2'},{'R5'},{'R3'},{'R4'},{'R1'},{'D1'},{'D5'},{'D3'},{'D2'},{'D4'},&,1.0,&
{'R2'},{'R5'},{'R3'},{'R4'},{'R1'},{'D5'},{'D3'},{'D1'},{'D2'},{'D4'},&,1.0,&
{'R2'},{'R5'},{'R3'},{'R4'},{'R1'},{'D3'},{'D5'},{'D1'},{'D4'},{'D2'},&,1.0,&
{'R2'},{'R5'},{'R4'},{'D5'},{'R1'},{'R3'},{'D1'},{'D3'},{'D4'},{'D2'},&,1.0,&
{'R2'},{'R5'},{'R4'},{'D4'},{'D5'},{'R1'},{'R3'},{'D1'},{'D3'},{'D2'},&,1.0,&
{'R2'},{'R5'},{'R4'},{'D3'},{'D2'},{'R1'},{'R3'},{'D1'},{'D5'},{'D4'},&,1.0,&
{'R2'},{'R5'},{'R4'},{'D3'},{'R1'},{'D1'},{'R3'},{'D5'},{'D2'},{'D4'},&,1.0,&
{'R2'},{'R5'},{'R4'},{'D3'},{'R1'},{'R3'},{'D1'},{'D4'},{'D5'},{'D2'},&,1.0,&
{'R2'},{'R5'},{'R4'},{'D3'},{'R1'},{'R3'},{'D1'},{'D4'},{'D2'},{'D5'},&,1.0,&
{'R2'},{'R5'},{'R4'},{'D3'},{'R1'},{'R3'},{'D5'},{'D1'},{'D2'},{'D4'},&,1.0,&
{'R2'},{'R5'},{'R4'},{'D1'},{'R1'},{'R3'},{'D3'},{'D5'},{'D4'},{'D2'},&,1.0,&
{'R2'},{'R5'},{'R4'},{'R1'},{'D1'},{'R3'},{'D3'},{'D4'},{'D5'},{'D2'},&,1.0,&
{'R2'},{'R5'},{'R4'},{'R1'},{'D5'},{'R3'},{'D3'},{'D4'},{'D1'},{'D2'},&,1.0,&
{'R2'},{'R5'},{'R4'},{'R1'},{'D3'},{'D1'},{'R3'},{'D4'},{'D5'},{'D2'},&,1.0,&
{'R2'},{'R5'},{'R4'},{'R1'},{'R3'},{'D1'},{'D3'},{'D5'},{'D2'},{'D4'},&,1.0,&
{'R2'},{'R5'},{'R4'},{'R1'},{'R3'},{'D1'},{'D3'},{'D4'},{'D5'},{'D2'},&,1.0,&
{'R2'},{'R5'},{'R4'},{'R1'},{'R3'},{'D1'},{'D5'},{'D3'},{'D2'},{'D4'},&,2.0,&
{'R2'},{'R5'},{'R4'},{'R1'},{'R3'},{'D5'},{'D3'},{'D1'},{'D2'},{'D4'},&,1.0,&
{'R2'},{'R5'},{'R4'},{'R1'},{'R3'},{'D5'},{'D1'},{'D3'},{'D2'},{'D4'},&,1.0,&
{'R2'},{'R5'},{'R4'},{'R1'},{'R3'},{'D3'},{'D2'},{'D1'},{'D5'},{'D4'},&,1.0,&
{'R2'},{'R5'},{'R4'},{'R1'},{'R3'},{'D3'},{'D1'},{'D2'},{'D5'},{'D4'},&,1.0,&
{'R2'},{'R5'},{'R4'},{'R1'},{'R3'},{'D3'},{'D4'},{'D1'},{'D5'},{'D2'},&,1.0,&
{'R2'},{'R5'},{'R4'},{'R1'},{'R3'},{'D4'},{'D1'},{'D5'},{'D3'},{'D2'},&,1.0,&
{'R2'},{'R5'},{'R4'},{'R1'},{'R3'},{'D4'},{'D1'},{'D3'},{'D2'},{'D5'},&,1.0,&
{'R2'},{'R5'},{'R4'},{'R3'},{'R1'},{'D5'},{'D3'},{'D2'},{'D1'},{'D4'},&,1.0,&
{'R2'},{'R5'},{'R4'},{'R3'},{'R1'},{'D5'},{'D3'},{'D4'},{'D1'},{'D2'},&,1.0,&
{'R2'},{'R5'},{'R4'},{'R3'},{'R1'},{'D3'},{'D5'},{'D1'},{'D2'},{'D4'},&,1.0,&
{'R2'},{'D3'},{'D1'},{'D5'},{'D4'},{'D2'},{'R5'},{'R1'},{'R3'},{'R4'},&,2.0,&
{'R2'},{'D3'},{'D1'},{'D5'},{'D4'},{'D2'},{'R1'},{'R5'},{'R3'},{'R4'},&,1.0,&
{'R2'},{'D3'},{'D1'},{'D5'},{'D4'},{'D2'},{'R1'},{'R3'},{'R5'},{'R4'},&,1.0,&
{'R2'},{'D3'},{'D1'},{'D4'},{'R1'},{'D5'},{'R3'},{'D2'},{'R5'},{'R4'},&,1.0,&
{'R2'},{'D3'},{'D1'},{'D4'},{'D5'},{'D2'},{'R5'},{'R1'},{'R4'},{'R3'},&,1.0,&
{'R2'},{'D3'},{'D1'},{'D4'},{'D5'},{'D2'},{'R1'},{'R5'},{'R3'},{'R4'},&,1.0,&
{'R2'},{'D3'},{'D1'},{'D4'},{'D5'},{'D2'},{'R4'},{'R1'},{'R5'},{'R3'},&,1.0,&
{'R2'},{'D3'},{'D1'},{'D4'},{'R5'},{'D5'},{'D2'},{'R1'},{'R4'},{'R3'},&,1.0,&
{'R2'},{'D3'},{'D1'},{'R5'},{'R1'},{'R4'},{'R3'},{'D4'},{'D5'},{'D2'},&,1.0,&
{'R2'},{'D3'},{'D1'},{'R5'},{'D5'},{'R3'},{'R1'},{'R4'},{'D2'},{'D4'},&,1.0,&
{'R2'},{'D3'},{'D1'},{'R1'},{'D4'},{'D5'},{'R5'},{'R3'},{'D2'},{'R4'},&,1.0,&
{'R2'},{'D3'},{'D1'},{'R1'},{'D5'},{'R5'},{'R4'},{'R3'},{'D4'},{'D2'},&,1.0,&
{'R2'},{'D3'},{'D5'},{'D4'},{'D2'},{'D1'},{'R5'},{'R1'},{'R3'},{'R4'},&,2.0,&
{'R2'},{'D3'},{'D5'},{'D4'},{'D2'},{'D1'},{'R1'},{'R5'},{'R3'},{'R4'},&,5.0,&
{'R2'},{'D3'},{'D5'},{'D4'},{'D2'},{'D1'},{'R1'},{'R5'},{'R4'},{'R3'},&,1.0,&
{'R2'},{'D3'},{'D5'},{'D4'},{'D2'},{'D1'},{'R1'},{'R4'},{'R3'},{'R5'},&,1.0,&
{'R2'},{'D3'},{'D5'},{'D4'},{'D2'},{'D1'},{'R1'},{'R4'},{'R5'},{'R3'},&,1.0,&
{'R2'},{'D3'},{'D5'},{'D4'},{'D2'},{'D1'},{'R1'},{'R3'},{'R4'},{'R5'},&,1.0,&
{'R2'},{'D3'},{'D5'},{'D4'},{'D2'},{'D1'},{'R1'},{'R3'},{'R5'},{'R4'},&,1.0,&
{'R2'},{'D3'},{'D5'},{'D4'},{'D2'},{'R1'},{'D1'},{'R5'},{'R3'},{'R4'},&,1.0,&
{'R2'},{'D3'},{'D5'},{'D4'},{'D1'},{'R1'},{'D2'},{'R5'},{'R4'},{'R3'},&,1.0,&
{'R2'},{'D3'},{'D5'},{'D4'},{'D1'},{'R1'},{'D2'},{'R3'},{'R5'},{'R4'},&,1.0,&
{'R2'},{'D3'},{'D5'},{'D4'},{'D1'},{'R4'},{'R5'},{'R1'},{'D2'},{'R3'},&,1.0,&
{'R2'},{'D3'},{'D5'},{'D4'},{'D1'},{'R3'},{'D2'},{'R1'},{'R5'},{'R4'},&,1.0,&
{'R2'},{'D3'},{'D5'},{'D4'},{'D1'},{'D2'},{'R5'},{'R1'},{'R3'},{'R4'},&,1.0,&
{'R2'},{'D3'},{'D5'},{'D4'},{'D1'},{'D2'},{'R1'},{'R5'},{'R4'},{'R3'},&,1.0,&
{'R2'},{'D3'},{'D5'},{'D4'},{'D1'},{'D2'},{'R1'},{'R3'},{'R5'},{'R4'},&,1.0,&
{'R2'},{'D3'},{'D5'},{'D4'},{'D1'},{'D2'},{'R3'},{'R1'},{'R5'},{'R4'},&,1.0,&
{'R2'},{'D3'},{'D5'},{'D4'},{'R1'},{'D1'},{'D2'},{'R4'},{'R5'},{'R3'},&,1.0,&
{'R2'},{'D3'},{'D5'},{'D4'},{'R1'},{'D2'},{'D1'},{'R5'},{'R3'},{'R4'},&,1.0,&
{'R2'},{'D3'},{'D5'},{'D4'},{'R1'},{'D2'},{'D1'},{'R4'},{'R3'},{'R5'},&,1.0,&
{'R2'},{'D3'},{'D5'},{'D4'},{'R5'},{'D1'},{'D2'},{'R1'},{'R3'},{'R4'},&,1.0,&
{'R2'},{'D3'},{'D5'},{'D4'},{'R5'},{'D1'},{'D2'},{'R1'},{'R4'},{'R3'},&,1.0,&
{'R2'},{'D3'},{'D5'},{'D4'},{'R3'},{'D1'},{'D2'},{'R5'},{'R1'},{'R4'},&,1.0,&
{'R2'},{'D3'},{'D5'},{'D4'},{'R4'},{'R1'},{'D2'},{'D1'},{'R5'},{'R3'},&,1.0,&
{'R2'},{'D3'},{'D5'},{'D2'},{'D1'},{'R1'},{'R5'},{'D4'},{'R4'},{'R3'},&,1.0,&
{'R2'},{'D3'},{'D5'},{'D2'},{'D1'},{'D4'},{'R1'},{'R3'},{'R5'},{'R4'},&,1.0,&
{'R2'},{'D3'},{'D5'},{'D2'},{'R1'},{'D1'},{'D4'},{'R5'},{'R3'},{'R4'},&,1.0,&
{'R2'},{'D3'},{'D5'},{'D2'},{'R1'},{'D1'},{'D4'},{'R3'},{'R5'},{'R4'},&,1.0,&
{'R2'},{'D3'},{'D5'},{'D2'},{'D4'},{'D1'},{'R5'},{'R1'},{'R4'},{'R3'},&,1.0,&
{'R2'},{'D3'},{'D5'},{'D2'},{'D4'},{'D1'},{'R1'},{'R5'},{'R3'},{'R4'},&,2.0,&
{'R2'},{'D3'},{'D5'},{'D2'},{'D4'},{'D1'},{'R1'},{'R5'},{'R4'},{'R3'},&,1.0,&
{'R2'},{'D3'},{'D5'},{'D2'},{'D4'},{'D1'},{'R1'},{'R4'},{'R3'},{'R5'},&,1.0,&
{'R2'},{'D3'},{'D5'},{'D2'},{'D4'},{'D1'},{'R3'},{'R1'},{'R5'},{'R4'},&,2.0,&
{'R2'},{'D3'},{'D5'},{'D2'},{'D4'},{'R5'},{'D1'},{'R1'},{'R3'},{'R4'},&,1.0,&
{'R2'},{'D3'},{'D5'},{'D2'},{'R3'},{'D4'},{'D1'},{'R1'},{'R5'},{'R4'},&,1.0,&
{'R2'},{'D3'},{'D5'},{'D1'},{'D2'},{'R1'},{'D4'},{'R5'},{'R3'},{'R4'},&,1.0,&
{'R2'},{'D3'},{'D5'},{'D1'},{'D2'},{'D4'},{'R5'},{'R1'},{'R4'},{'R3'},&,1.0,&
{'R2'},{'D3'},{'D5'},{'D1'},{'D2'},{'D4'},{'R1'},{'R3'},{'R5'},{'R4'},&,1.0,&
{'R2'},{'D3'},{'D5'},{'D1'},{'D2'},{'D4'},{'R4'},{'R5'},{'R1'},{'R3'},&,1.0,&
{'R2'},{'D3'},{'D5'},{'D1'},{'D4'},{'R1'},{'D2'},{'R3'},{'R5'},{'R4'},&,1.0,&
{'R2'},{'D3'},{'D5'},{'D1'},{'D4'},{'D2'},{'R5'},{'R1'},{'R3'},{'R4'},&,2.0,&
{'R2'},{'D3'},{'D5'},{'D1'},{'D4'},{'D2'},{'R1'},{'R5'},{'R3'},{'R4'},&,2.0,&
{'R2'},{'D3'},{'D5'},{'D1'},{'D4'},{'D2'},{'R1'},{'R5'},{'R4'},{'R3'},&,1.0,&
{'R2'},{'D3'},{'D5'},{'D1'},{'D4'},{'D2'},{'R1'},{'R3'},{'R4'},{'R5'},&,1.0,&
{'R2'},{'D3'},{'D5'},{'D1'},{'D4'},{'D2'},{'R3'},{'R1'},{'R5'},{'R4'},&,1.0,&
{'R2'},{'D3'},{'D5'},{'D1'},{'R3'},{'R1'},{'D4'},{'D2'},{'R5'},{'R4'},&,1.0,&
{'R2'},{'D3'},{'D5'},{'R5'},{'D4'},{'D1'},{'R1'},{'R3'},{'D2'},{'R4'},&,1.0,&
{'R2'},{'D3'},{'D5'},{'R1'},{'D2'},{'D1'},{'D4'},{'R5'},{'R4'},{'R3'},&,1.0,&
{'R2'},{'D3'},{'D5'},{'R1'},{'D2'},{'D4'},{'R3'},{'R4'},{'D1'},{'R5'},&,1.0,&
{'R2'},{'D3'},{'D5'},{'R1'},{'D4'},{'R3'},{'D1'},{'D2'},{'R5'},{'R4'},&,1.0,&
{'R2'},{'D3'},{'D5'},{'R1'},{'D4'},{'D2'},{'D1'},{'R5'},{'R3'},{'R4'},&,1.0,&
{'R2'},{'D3'},{'D5'},{'R1'},{'R4'},{'R3'},{'R5'},{'D1'},{'D2'},{'D4'},&,1.0,&
{'R2'},{'D3'},{'D5'},{'R3'},{'D4'},{'D2'},{'D1'},{'R5'},{'R1'},{'R4'},&,1.0,&
{'R2'},{'D3'},{'D5'},{'R4'},{'R1'},{'R5'},{'R3'},{'D1'},{'D2'},{'D4'},&,1.0,&
{'R2'},{'D3'},{'D2'},{'D5'},{'D4'},{'D1'},{'R1'},{'R5'},{'R3'},{'R4'},&,1.0,&
{'R2'},{'D3'},{'D2'},{'D5'},{'D4'},{'D1'},{'R1'},{'R5'},{'R4'},{'R3'},&,1.0,&
{'R2'},{'D3'},{'D2'},{'D5'},{'R5'},{'D1'},{'D4'},{'R1'},{'R3'},{'R4'},&,1.0,&
{'R2'},{'D3'},{'D2'},{'D4'},{'D1'},{'D5'},{'R5'},{'R1'},{'R3'},{'R4'},&,1.0,&
{'R2'},{'D3'},{'D2'},{'D4'},{'D1'},{'D5'},{'R1'},{'R5'},{'R3'},{'R4'},&,1.0,&
{'R2'},{'D3'},{'D2'},{'D4'},{'D5'},{'D1'},{'R1'},{'R3'},{'R5'},{'R4'},&,1.0,&
{'R2'},{'D3'},{'D2'},{'D4'},{'D5'},{'D1'},{'R3'},{'R5'},{'R1'},{'R4'},&,1.0,&
{'R2'},{'D3'},{'D2'},{'D1'},{'R1'},{'D5'},{'D4'},{'R5'},{'R3'},{'R4'},&,1.0,&
{'R2'},{'D3'},{'D2'},{'D1'},{'D5'},{'D4'},{'R1'},{'R5'},{'R3'},{'R4'},&,1.0,&
{'R2'},{'D3'},{'D2'},{'R5'},{'D4'},{'D1'},{'D5'},{'R3'},{'R1'},{'R4'},&,1.0,&
{'R2'},{'D3'},{'D2'},{'R1'},{'D5'},{'D4'},{'D1'},{'R5'},{'R3'},{'R4'},&,2.0,&
{'R2'},{'D3'},{'D2'},{'R3'},{'R1'},{'D5'},{'D4'},{'D1'},{'R5'},{'R4'},&,1.0,&
{'R2'},{'D3'},{'D4'},{'D5'},{'D2'},{'D1'},{'R5'},{'R1'},{'R3'},{'R4'},&,2.0,&
{'R2'},{'D3'},{'D4'},{'D5'},{'D2'},{'D1'},{'R5'},{'R1'},{'R4'},{'R3'},&,1.0,&
{'R2'},{'D3'},{'D4'},{'D5'},{'D2'},{'D1'},{'R1'},{'R5'},{'R3'},{'R4'},&,3.0,&
{'R2'},{'D3'},{'D4'},{'D5'},{'D2'},{'D1'},{'R1'},{'R3'},{'R5'},{'R4'},&,3.0,&
{'R2'},{'D3'},{'D4'},{'D5'},{'D2'},{'D1'},{'R3'},{'R1'},{'R5'},{'R4'},&,1.0,&
{'R2'},{'D3'},{'D4'},{'D5'},{'D2'},{'R1'},{'D1'},{'R5'},{'R3'},{'R4'},&,1.0,&
{'R2'},{'D3'},{'D4'},{'D5'},{'D1'},{'R5'},{'D2'},{'R1'},{'R3'},{'R4'},&,1.0,&
{'R2'},{'D3'},{'D4'},{'D5'},{'D1'},{'D2'},{'R5'},{'R1'},{'R3'},{'R4'},&,1.0,&
{'R2'},{'D3'},{'D4'},{'D5'},{'D1'},{'D2'},{'R5'},{'R1'},{'R4'},{'R3'},&,1.0,&
{'R2'},{'D3'},{'D4'},{'D5'},{'D1'},{'D2'},{'R1'},{'R5'},{'R3'},{'R4'},&,5.0,&
{'R2'},{'D3'},{'D4'},{'D5'},{'D1'},{'D2'},{'R1'},{'R5'},{'R4'},{'R3'},&,1.0,&
{'R2'},{'D3'},{'D4'},{'D5'},{'D1'},{'D2'},{'R1'},{'R4'},{'R3'},{'R5'},&,1.0,&
{'R2'},{'D3'},{'D4'},{'D5'},{'D1'},{'D2'},{'R1'},{'R3'},{'R5'},{'R4'},&,2.0,&
{'R2'},{'D3'},{'D4'},{'D2'},{'R1'},{'D5'},{'D1'},{'R3'},{'R5'},{'R4'},&,1.0,&
{'R2'},{'D3'},{'D4'},{'D2'},{'D5'},{'D1'},{'R1'},{'R5'},{'R3'},{'R4'},&,1.0,&
{'R2'},{'D3'},{'D4'},{'D2'},{'D5'},{'D1'},{'R1'},{'R5'},{'R4'},{'R3'},&,1.0,&
{'R2'},{'D3'},{'D4'},{'D2'},{'D5'},{'D1'},{'R1'},{'R3'},{'R5'},{'R4'},&,1.0,&
{'R2'},{'D3'},{'D4'},{'D2'},{'D5'},{'R1'},{'D1'},{'R5'},{'R4'},{'R3'},&,1.0,&
{'R2'},{'D3'},{'D4'},{'D2'},{'D5'},{'R5'},{'D1'},{'R1'},{'R3'},{'R4'},&,1.0,&
{'R2'},{'D3'},{'D4'},{'D2'},{'R5'},{'D5'},{'D1'},{'R1'},{'R3'},{'R4'},&,1.0,&
{'R2'},{'D3'},{'D4'},{'D1'},{'D5'},{'D2'},{'R1'},{'R5'},{'R3'},{'R4'},&,1.0,&
{'R2'},{'D3'},{'D4'},{'D1'},{'D5'},{'D2'},{'R1'},{'R5'},{'R4'},{'R3'},&,1.0,&
{'R2'},{'D3'},{'D4'},{'R5'},{'D2'},{'D5'},{'D1'},{'R1'},{'R3'},{'R4'},&,1.0,&
{'R2'},{'D3'},{'D4'},{'R5'},{'D5'},{'D2'},{'D1'},{'R1'},{'R3'},{'R4'},&,1.0,&
{'R2'},{'D3'},{'D4'},{'R1'},{'D2'},{'D5'},{'D1'},{'R4'},{'R3'},{'R5'},&,1.0,&
{'R2'},{'D3'},{'D4'},{'R1'},{'D1'},{'D5'},{'D2'},{'R5'},{'R3'},{'R4'},&,2.0,&
{'R2'},{'D3'},{'D4'},{'R1'},{'D1'},{'D2'},{'D5'},{'R4'},{'R5'},{'R3'},&,1.0,&
{'R2'},{'D3'},{'D4'},{'R4'},{'R5'},{'R1'},{'R3'},{'D2'},{'D1'},{'D5'},&,1.0,&
{'R2'},{'D3'},{'R1'},{'D5'},{'D1'},{'D4'},{'D2'},{'R5'},{'R4'},{'R3'},&,1.0,&
{'R2'},{'D3'},{'R1'},{'D5'},{'D4'},{'D1'},{'D2'},{'R5'},{'R3'},{'R4'},&,1.0,&
{'R2'},{'D3'},{'R1'},{'D5'},{'D4'},{'D1'},{'D2'},{'R3'},{'R5'},{'R4'},&,2.0,&
{'R2'},{'D3'},{'R1'},{'D5'},{'D4'},{'R5'},{'D2'},{'R3'},{'D1'},{'R4'},&,1.0,&
{'R2'},{'D3'},{'R1'},{'D5'},{'D4'},{'R5'},{'R3'},{'D2'},{'R4'},{'D1'},&,1.0,&
{'R2'},{'D3'},{'R1'},{'D5'},{'D4'},{'D2'},{'D1'},{'R5'},{'R3'},{'R4'},&,3.0,&
{'R2'},{'D3'},{'R1'},{'D5'},{'D4'},{'D2'},{'D1'},{'R3'},{'R4'},{'R5'},&,1.0,&
{'R2'},{'D3'},{'R1'},{'D5'},{'R5'},{'D1'},{'D4'},{'D2'},{'R3'},{'R4'},&,1.0,&
{'R2'},{'D3'},{'R1'},{'D5'},{'R5'},{'R3'},{'D1'},{'D2'},{'D4'},{'R4'},&,1.0,&
{'R2'},{'D3'},{'R1'},{'D5'},{'R5'},{'D4'},{'D1'},{'D2'},{'R3'},{'R4'},&,1.0,&
{'R2'},{'D3'},{'R1'},{'D4'},{'D5'},{'D1'},{'D2'},{'R5'},{'R3'},{'R4'},&,1.0,&
{'R2'},{'D3'},{'R1'},{'D4'},{'D5'},{'R5'},{'D2'},{'D1'},{'R3'},{'R4'},&,1.0,&
{'R2'},{'D3'},{'R1'},{'D4'},{'R5'},{'R3'},{'D5'},{'D2'},{'D1'},{'R4'},&,1.0,&
{'R2'},{'D3'},{'R1'},{'D2'},{'D5'},{'D1'},{'D4'},{'R3'},{'R4'},{'R5'},&,1.0,&
{'R2'},{'D3'},{'R1'},{'D2'},{'D5'},{'R4'},{'D4'},{'D1'},{'R5'},{'R3'},&,1.0,&
{'R2'},{'D3'},{'R1'},{'D1'},{'D2'},{'R3'},{'D4'},{'D5'},{'R5'},{'R4'},&,1.0,&
{'R2'},{'D3'},{'R1'},{'D1'},{'D5'},{'R5'},{'R4'},{'R3'},{'D4'},{'D2'},&,1.0,&
{'R2'},{'D3'},{'R1'},{'D1'},{'R5'},{'R3'},{'R4'},{'D5'},{'D4'},{'D2'},&,1.0,&
{'R2'},{'D3'},{'R1'},{'D1'},{'R4'},{'R3'},{'R5'},{'D5'},{'D4'},{'D2'},&,1.0,&
{'R2'},{'D3'},{'R1'},{'R5'},{'R3'},{'R4'},{'D1'},{'D4'},{'D5'},{'D2'},&,1.0,&
{'R2'},{'D3'},{'R1'},{'R5'},{'R3'},{'R4'},{'D5'},{'D1'},{'D4'},{'D2'},&,1.0,&
{'R2'},{'D3'},{'R1'},{'R5'},{'R4'},{'D1'},{'R3'},{'D5'},{'D4'},{'D2'},&,1.0,&
{'R2'},{'D3'},{'R1'},{'R5'},{'R4'},{'D5'},{'R3'},{'D2'},{'D1'},{'D4'},&,1.0,&
{'R2'},{'D3'},{'R1'},{'R5'},{'R4'},{'R3'},{'D1'},{'D4'},{'D5'},{'D2'},&,1.0,&
{'R2'},{'D3'},{'R1'},{'R5'},{'R4'},{'R3'},{'D4'},{'D1'},{'D5'},{'D2'},&,1.0,&
{'R2'},{'D3'},{'R1'},{'R5'},{'R4'},{'R3'},{'D5'},{'D1'},{'D4'},{'D2'},&,2.0,&
{'R2'},{'D3'},{'R1'},{'R3'},{'R5'},{'R4'},{'D1'},{'D5'},{'D2'},{'D4'},&,1.0,&
{'R2'},{'D3'},{'R1'},{'R3'},{'R4'},{'R5'},{'D4'},{'D5'},{'D1'},{'D2'},&,1.0,&
{'R2'},{'D3'},{'R1'},{'R4'},{'R5'},{'R3'},{'D1'},{'D5'},{'D4'},{'D2'},&,1.0,&
{'R2'},{'D3'},{'R1'},{'R4'},{'R5'},{'R3'},{'D5'},{'D2'},{'D1'},{'D4'},&,1.0,&
{'R2'},{'D3'},{'R5'},{'D5'},{'D1'},{'D2'},{'D4'},{'R1'},{'R4'},{'R3'},&,1.0,&
{'R2'},{'D3'},{'R5'},{'D4'},{'D5'},{'D1'},{'D2'},{'R1'},{'R3'},{'R4'},&,1.0,&
{'R2'},{'D3'},{'R5'},{'D1'},{'D5'},{'D4'},{'D2'},{'R3'},{'R1'},{'R4'},&,1.0,&
{'R2'},{'D3'},{'R5'},{'R1'},{'D2'},{'D5'},{'D1'},{'R3'},{'D4'},{'R4'},&,1.0,&
{'R2'},{'D3'},{'R5'},{'R1'},{'D1'},{'R4'},{'R3'},{'D2'},{'D4'},{'D5'},&,1.0,&
{'R2'},{'D3'},{'R5'},{'R1'},{'D1'},{'R4'},{'R3'},{'D4'},{'D2'},{'D5'},&,1.0,&
{'R2'},{'D3'},{'R5'},{'R1'},{'R3'},{'D1'},{'R4'},{'D2'},{'D5'},{'D4'},&,1.0,&
{'R2'},{'D3'},{'R5'},{'R1'},{'R4'},{'R3'},{'D1'},{'D5'},{'D4'},{'D2'},&,1.0,&
{'R2'},{'D3'},{'R5'},{'R4'},{'R1'},{'R3'},{'D1'},{'D5'},{'D2'},{'D4'},&,2.0,&
{'R2'},{'D3'},{'R5'},{'R4'},{'R3'},{'D1'},{'R1'},{'D5'},{'D2'},{'D4'},&,1.0,&
{'R2'},{'D3'},{'R3'},{'D5'},{'D4'},{'D1'},{'D2'},{'R5'},{'R1'},{'R4'},&,1.0,&
{'R2'},{'D3'},{'R3'},{'D4'},{'R1'},{'D5'},{'R5'},{'R4'},{'D1'},{'D2'},&,1.0,&
{'R2'},{'D3'},{'R3'},{'R1'},{'R5'},{'D5'},{'R4'},{'D1'},{'D2'},{'D4'},&,1.0,&
{'R2'},{'D3'},{'R4'},{'D5'},{'R5'},{'D4'},{'R1'},{'D2'},{'R3'},{'D1'},&,1.0,&
{'R2'},{'D3'},{'R4'},{'R5'},{'R1'},{'R3'},{'D1'},{'D5'},{'D4'},{'D2'},&,2.0,&
{'R2'},{'D3'},{'R4'},{'R1'},{'R5'},{'R3'},{'D5'},{'D1'},{'D4'},{'D2'},&,1.0,&
{'R2'},{'D3'},{'R4'},{'R1'},{'R5'},{'D2'},{'D1'},{'R3'},{'D5'},{'D4'},&,1.0,&
{'R2'},{'D3'},{'R4'},{'R1'},{'R5'},{'D2'},{'R3'},{'D1'},{'D5'},{'D4'},&,1.0,&
{'R2'},{'D3'},{'R4'},{'R1'},{'R3'},{'R5'},{'D1'},{'D5'},{'D4'},{'D2'},&,1.0,&
{'R2'},{'D2'},{'D3'},{'D5'},{'R1'},{'D4'},{'D1'},{'R5'},{'R3'},{'R4'},&,1.0,&
{'R2'},{'D2'},{'D3'},{'D5'},{'D4'},{'D1'},{'R5'},{'R1'},{'R3'},{'R4'},&,1.0,&
{'R2'},{'D2'},{'D3'},{'D5'},{'D4'},{'D1'},{'R1'},{'R5'},{'R3'},{'R4'},&,1.0,&
{'R2'},{'D2'},{'D3'},{'D5'},{'D4'},{'D1'},{'R1'},{'R3'},{'R4'},{'R5'},&,1.0,&
{'R2'},{'D2'},{'D3'},{'D4'},{'R1'},{'D5'},{'D1'},{'R5'},{'R3'},{'R4'},&,1.0,&
{'R2'},{'D2'},{'D3'},{'D4'},{'D5'},{'R3'},{'D1'},{'R5'},{'R1'},{'R4'},&,1.0,&
{'R2'},{'D2'},{'D3'},{'R1'},{'D4'},{'D5'},{'D1'},{'R5'},{'R3'},{'R4'},&,1.0,&
{'R2'},{'D2'},{'D1'},{'D3'},{'R1'},{'D5'},{'D4'},{'R4'},{'R5'},{'R3'},&,1.0,&
{'R2'},{'D2'},{'D5'},{'D4'},{'D1'},{'D3'},{'R1'},{'R3'},{'R5'},{'R4'},&,1.0,&
{'R2'},{'D2'},{'D5'},{'D4'},{'D3'},{'D1'},{'R1'},{'R5'},{'R3'},{'R4'},&,1.0,&
{'R2'},{'D2'},{'D5'},{'D4'},{'D3'},{'D1'},{'R1'},{'R3'},{'R5'},{'R4'},&,2.0,&
{'R2'},{'D2'},{'D5'},{'D4'},{'D3'},{'D1'},{'R3'},{'R1'},{'R5'},{'R4'},&,1.0,&
{'R2'},{'D2'},{'D5'},{'D4'},{'D3'},{'R1'},{'D1'},{'R5'},{'R3'},{'R4'},&,1.0,&
{'R2'},{'D2'},{'D5'},{'D3'},{'D1'},{'D4'},{'R1'},{'R3'},{'R5'},{'R4'},&,1.0,&
{'R2'},{'D2'},{'D5'},{'D3'},{'D4'},{'D1'},{'R1'},{'R5'},{'R3'},{'R4'},&,1.0,&
{'R2'},{'D2'},{'D5'},{'D3'},{'D4'},{'D1'},{'R1'},{'R3'},{'R5'},{'R4'},&,2.0,&
{'R2'},{'D2'},{'D5'},{'R1'},{'D4'},{'D3'},{'D1'},{'R5'},{'R3'},{'R4'},&,1.0,&
{'R2'},{'D2'},{'D5'},{'R1'},{'D4'},{'D3'},{'D1'},{'R5'},{'R4'},{'R3'},&,1.0,&
{'R2'},{'D2'},{'D5'},{'R1'},{'D3'},{'R4'},{'D4'},{'D1'},{'R5'},{'R3'},&,1.0,&
{'R2'},{'D2'},{'D4'},{'D5'},{'D3'},{'D1'},{'R1'},{'R4'},{'R3'},{'R5'},&,1.0,&
{'R2'},{'D2'},{'D4'},{'D5'},{'D3'},{'R1'},{'D1'},{'R5'},{'R4'},{'R3'},&,1.0,&
{'R2'},{'D2'},{'D4'},{'D3'},{'D5'},{'D1'},{'R1'},{'R5'},{'R3'},{'R4'},&,1.0,&
{'R2'},{'D2'},{'D4'},{'D3'},{'D5'},{'D1'},{'R1'},{'R3'},{'R5'},{'R4'},&,1.0,&
{'R2'},{'D2'},{'D4'},{'D3'},{'D5'},{'D1'},{'R3'},{'R1'},{'R4'},{'R5'},&,1.0,&
{'R2'},{'D2'},{'D4'},{'D3'},{'D5'},{'R1'},{'D1'},{'R5'},{'R3'},{'R4'},&,1.0,&
{'R2'},{'D2'},{'D4'},{'D1'},{'D5'},{'R3'},{'D3'},{'R4'},{'R1'},{'R5'},&,1.0,&
{'R2'},{'D2'},{'D4'},{'D1'},{'D3'},{'D5'},{'R5'},{'R1'},{'R3'},{'R4'},&,1.0,&
{'R2'},{'D2'},{'D4'},{'R5'},{'D5'},{'D1'},{'D3'},{'R1'},{'R3'},{'R4'},&,1.0,&
{'R2'},{'D2'},{'D4'},{'R1'},{'D5'},{'D1'},{'R5'},{'R3'},{'R4'},{'D3'},&,1.0,&
{'R2'},{'D2'},{'R1'},{'D5'},{'D4'},{'D3'},{'D1'},{'R5'},{'R3'},{'R4'},&,1.0,&
{'R2'},{'D2'},{'R1'},{'D4'},{'D3'},{'D5'},{'D1'},{'R5'},{'R3'},{'R4'},&,1.0,&
{'R2'},{'D2'},{'R1'},{'R5'},{'R3'},{'D3'},{'R4'},{'D1'},{'D4'},{'D5'},&,1.0,&
{'R2'},{'D2'},{'R5'},{'D4'},{'D5'},{'D3'},{'D1'},{'R1'},{'R4'},{'R3'},&,1.0,&
{'R2'},{'D2'},{'R5'},{'R3'},{'D1'},{'R4'},{'R1'},{'D5'},{'D3'},{'D4'},&,1.0,&
{'R2'},{'D2'},{'R5'},{'R4'},{'D5'},{'D1'},{'D4'},{'D3'},{'R3'},{'R1'},&,1.0,&
{'R2'},{'D2'},{'R4'},{'D5'},{'R1'},{'D3'},{'D1'},{'D4'},{'R5'},{'R3'},&,1.0,&
{'R2'},{'D2'},{'R4'},{'D5'},{'D4'},{'D3'},{'D1'},{'R1'},{'R5'},{'R3'},&,1.0,&
{'R2'},{'D2'},{'R4'},{'D3'},{'D5'},{'D4'},{'D1'},{'R1'},{'R3'},{'R5'},&,1.0,&
{'R2'},{'D2'},{'R4'},{'D1'},{'R1'},{'R5'},{'R3'},{'D3'},{'D5'},{'D4'},&,1.0,&
{'R2'},{'D5'},{'D3'},{'D4'},{'D2'},{'D1'},{'R5'},{'R1'},{'R4'},{'R3'},&,1.0,&
{'R2'},{'D5'},{'D3'},{'D4'},{'D2'},{'D1'},{'R1'},{'R5'},{'R3'},{'R4'},&,11.0,&
{'R2'},{'D5'},{'D3'},{'D4'},{'D2'},{'D1'},{'R1'},{'R5'},{'R4'},{'R3'},&,3.0,&
{'R2'},{'D5'},{'D3'},{'D4'},{'D2'},{'D1'},{'R1'},{'R4'},{'R5'},{'R3'},&,1.0,&
{'R2'},{'D5'},{'D3'},{'D4'},{'D2'},{'D1'},{'R1'},{'R3'},{'R4'},{'R5'},&,3.0,&
{'R2'},{'D5'},{'D3'},{'D4'},{'D2'},{'D1'},{'R1'},{'R3'},{'R5'},{'R4'},&,3.0,&
{'R2'},{'D5'},{'D3'},{'D4'},{'D2'},{'D1'},{'R3'},{'R1'},{'R5'},{'R4'},&,2.0,&
{'R2'},{'D5'},{'D3'},{'D4'},{'D2'},{'D1'},{'R4'},{'R1'},{'R3'},{'R5'},&,1.0,&
{'R2'},{'D5'},{'D3'},{'D4'},{'D2'},{'R1'},{'D1'},{'R5'},{'R4'},{'R3'},&,1.0,&
{'R2'},{'D5'},{'D3'},{'D4'},{'D1'},{'R1'},{'R5'},{'D2'},{'R3'},{'R4'},&,1.0,&
{'R2'},{'D5'},{'D3'},{'D4'},{'D1'},{'R1'},{'D2'},{'R5'},{'R4'},{'R3'},&,1.0,&
{'R2'},{'D5'},{'D3'},{'D4'},{'D1'},{'D2'},{'R5'},{'R1'},{'R4'},{'R3'},&,1.0,&
{'R2'},{'D5'},{'D3'},{'D4'},{'D1'},{'D2'},{'R1'},{'R5'},{'R3'},{'R4'},&,3.0,&
{'R2'},{'D5'},{'D3'},{'D4'},{'D1'},{'D2'},{'R1'},{'R5'},{'R4'},{'R3'},&,4.0,&
{'R2'},{'D5'},{'D3'},{'D4'},{'D1'},{'D2'},{'R1'},{'R4'},{'R3'},{'R5'},&,1.0,&
{'R2'},{'D5'},{'D3'},{'D4'},{'D1'},{'D2'},{'R1'},{'R3'},{'R5'},{'R4'},&,2.0,&
{'R2'},{'D5'},{'D3'},{'D4'},{'D1'},{'D2'},{'R3'},{'R1'},{'R5'},{'R4'},&,2.0,&
{'R2'},{'D5'},{'D3'},{'D4'},{'D1'},{'D2'},{'R3'},{'R5'},{'R1'},{'R4'},&,1.0,&
{'R2'},{'D5'},{'D3'},{'D4'},{'R1'},{'D1'},{'R3'},{'D2'},{'R4'},{'R5'},&,1.0,&
{'R2'},{'D5'},{'D3'},{'D2'},{'D1'},{'D4'},{'R4'},{'R5'},{'R1'},{'R3'},&,1.0,&
{'R2'},{'D5'},{'D3'},{'D2'},{'R1'},{'D4'},{'D1'},{'R5'},{'R3'},{'R4'},&,1.0,&
{'R2'},{'D5'},{'D3'},{'D2'},{'R1'},{'D4'},{'D1'},{'R3'},{'R5'},{'R4'},&,1.0,&
{'R2'},{'D5'},{'D3'},{'D2'},{'D4'},{'D1'},{'R1'},{'R5'},{'R3'},{'R4'},&,3.0,&
{'R2'},{'D5'},{'D3'},{'D2'},{'D4'},{'D1'},{'R1'},{'R4'},{'R5'},{'R3'},&,1.0,&
{'R2'},{'D5'},{'D3'},{'D2'},{'D4'},{'D1'},{'R1'},{'R3'},{'R5'},{'R4'},&,3.0,&
{'R2'},{'D5'},{'D3'},{'D2'},{'D4'},{'D1'},{'R4'},{'R1'},{'R5'},{'R3'},&,1.0,&
{'R2'},{'D5'},{'D3'},{'D2'},{'D4'},{'R5'},{'D1'},{'R3'},{'R1'},{'R4'},&,1.0,&
{'R2'},{'D5'},{'D3'},{'D1'},{'D2'},{'R1'},{'D4'},{'R5'},{'R4'},{'R3'},&,1.0,&
{'R2'},{'D5'},{'D3'},{'D1'},{'D2'},{'D4'},{'R1'},{'R5'},{'R3'},{'R4'},&,1.0,&
{'R2'},{'D5'},{'D3'},{'D1'},{'D2'},{'D4'},{'R1'},{'R5'},{'R4'},{'R3'},&,1.0,&
{'R2'},{'D5'},{'D3'},{'D1'},{'R1'},{'D2'},{'D4'},{'R5'},{'R3'},{'R4'},&,1.0,&
{'R2'},{'D5'},{'D3'},{'D1'},{'D4'},{'D2'},{'R5'},{'R1'},{'R3'},{'R4'},&,1.0,&
{'R2'},{'D5'},{'D3'},{'D1'},{'D4'},{'D2'},{'R1'},{'R5'},{'R3'},{'R4'},&,1.0,&
{'R2'},{'D5'},{'D3'},{'D1'},{'D4'},{'D2'},{'R1'},{'R4'},{'R3'},{'R5'},&,1.0,&
{'R2'},{'D5'},{'D3'},{'D1'},{'D4'},{'D2'},{'R1'},{'R4'},{'R5'},{'R3'},&,1.0,&
{'R2'},{'D5'},{'D3'},{'R5'},{'D2'},{'D4'},{'R1'},{'D1'},{'R3'},{'R4'},&,1.0,&
{'R2'},{'D5'},{'D3'},{'R5'},{'D1'},{'R4'},{'D4'},{'R3'},{'R1'},{'D2'},&,1.0,&
{'R2'},{'D5'},{'D3'},{'R5'},{'D4'},{'R1'},{'D2'},{'D1'},{'R3'},{'R4'},&,1.0,&
{'R2'},{'D5'},{'D3'},{'R1'},{'D2'},{'D4'},{'D1'},{'R4'},{'R5'},{'R3'},&,1.0,&
{'R2'},{'D5'},{'D3'},{'R1'},{'D1'},{'D4'},{'D2'},{'R5'},{'R4'},{'R3'},&,1.0,&
{'R2'},{'D5'},{'D3'},{'R1'},{'D4'},{'D1'},{'D2'},{'R5'},{'R3'},{'R4'},&,1.0,&
{'R2'},{'D5'},{'D3'},{'R1'},{'D4'},{'D1'},{'D2'},{'R3'},{'R4'},{'R5'},&,1.0,&
{'R2'},{'D5'},{'D3'},{'R1'},{'D4'},{'D2'},{'D1'},{'R5'},{'R3'},{'R4'},&,1.0,&
{'R2'},{'D5'},{'D3'},{'R1'},{'D4'},{'D2'},{'D1'},{'R3'},{'R5'},{'R4'},&,1.0,&
{'R2'},{'D5'},{'D3'},{'R1'},{'R5'},{'D1'},{'D2'},{'D4'},{'R4'},{'R3'},&,1.0,&
{'R2'},{'D5'},{'D3'},{'R1'},{'R5'},{'D4'},{'R3'},{'D1'},{'R4'},{'D2'},&,1.0,&
{'R2'},{'D5'},{'D3'},{'R1'},{'R3'},{'R4'},{'R5'},{'D1'},{'D2'},{'D4'},&,1.0,&
{'R2'},{'D5'},{'D3'},{'R3'},{'D2'},{'R1'},{'D4'},{'D1'},{'R5'},{'R4'},&,1.0,&
{'R2'},{'D5'},{'D3'},{'R3'},{'D4'},{'R1'},{'D2'},{'R5'},{'D1'},{'R4'},&,1.0,&
{'R2'},{'D5'},{'D1'},{'D4'},{'D2'},{'D3'},{'R1'},{'R5'},{'R3'},{'R4'},&,1.0,&
{'R2'},{'D5'},{'D1'},{'D4'},{'D3'},{'D2'},{'R5'},{'R1'},{'R4'},{'R3'},&,1.0,&
{'R2'},{'D5'},{'D1'},{'D4'},{'D3'},{'D2'},{'R1'},{'R5'},{'R3'},{'R4'},&,1.0,&
{'R2'},{'D5'},{'D1'},{'D4'},{'D3'},{'D2'},{'R1'},{'R5'},{'R4'},{'R3'},&,1.0,&
{'R2'},{'D5'},{'D1'},{'D4'},{'D3'},{'D2'},{'R1'},{'R3'},{'R5'},{'R4'},&,2.0,&
{'R2'},{'D5'},{'D1'},{'D3'},{'D2'},{'D4'},{'R1'},{'R5'},{'R3'},{'R4'},&,1.0,&
{'R2'},{'D5'},{'D1'},{'D3'},{'D4'},{'R1'},{'D2'},{'R3'},{'R5'},{'R4'},&,1.0,&
{'R2'},{'D5'},{'D1'},{'D3'},{'D4'},{'D2'},{'R5'},{'R1'},{'R3'},{'R4'},&,1.0,&
{'R2'},{'D5'},{'D1'},{'D3'},{'D4'},{'D2'},{'R3'},{'R1'},{'R5'},{'R4'},&,1.0,&
{'R2'},{'D5'},{'D1'},{'D2'},{'D4'},{'D3'},{'R1'},{'R3'},{'R5'},{'R4'},&,2.0,&
{'R2'},{'D5'},{'D1'},{'R5'},{'R1'},{'R4'},{'R3'},{'D3'},{'D2'},{'D4'},&,1.0,&
{'R2'},{'D5'},{'D1'},{'R5'},{'D3'},{'D4'},{'D2'},{'R1'},{'R3'},{'R4'},&,1.0,&
{'R2'},{'D5'},{'D1'},{'R5'},{'R4'},{'R1'},{'R3'},{'D4'},{'D3'},{'D2'},&,1.0,&
{'R2'},{'D5'},{'D2'},{'D4'},{'D1'},{'D3'},{'R1'},{'R5'},{'R3'},{'R4'},&,1.0,&
{'R2'},{'D5'},{'D2'},{'D4'},{'D1'},{'D3'},{'R1'},{'R5'},{'R4'},{'R3'},&,1.0,&
{'R2'},{'D5'},{'D2'},{'D4'},{'R1'},{'D3'},{'D1'},{'R5'},{'R4'},{'R3'},&,1.0,&
{'R2'},{'D5'},{'D2'},{'D4'},{'R1'},{'D3'},{'D1'},{'R4'},{'R5'},{'R3'},&,1.0,&
{'R2'},{'D5'},{'D2'},{'D4'},{'D3'},{'D1'},{'R1'},{'R5'},{'R3'},{'R4'},&,1.0,&
{'R2'},{'D5'},{'D2'},{'D4'},{'D3'},{'D1'},{'R1'},{'R5'},{'R4'},{'R3'},&,1.0,&
{'R2'},{'D5'},{'D2'},{'D4'},{'D3'},{'D1'},{'R1'},{'R3'},{'R5'},{'R4'},&,1.0,&
{'R2'},{'D5'},{'D2'},{'D4'},{'D3'},{'R1'},{'R4'},{'D1'},{'R5'},{'R3'},&,1.0,&
{'R2'},{'D5'},{'D2'},{'D3'},{'R1'},{'R5'},{'D4'},{'D1'},{'R4'},{'R3'},&,1.0,&
{'R2'},{'D5'},{'D2'},{'D3'},{'R1'},{'D4'},{'D1'},{'R3'},{'R5'},{'R4'},&,1.0,&
{'R2'},{'D5'},{'D2'},{'D3'},{'D4'},{'D1'},{'R1'},{'R3'},{'R4'},{'R5'},&,1.0,&
{'R2'},{'D5'},{'D2'},{'D3'},{'D4'},{'D1'},{'R3'},{'R1'},{'R5'},{'R4'},&,1.0,&
{'R2'},{'D5'},{'D2'},{'D3'},{'D4'},{'R1'},{'D1'},{'R5'},{'R4'},{'R3'},&,1.0,&
{'R2'},{'D5'},{'D2'},{'D3'},{'R5'},{'D4'},{'R1'},{'D1'},{'R3'},{'R4'},&,1.0,&
{'R2'},{'D5'},{'D2'},{'D1'},{'D3'},{'D4'},{'R1'},{'R5'},{'R3'},{'R4'},&,2.0,&
{'R2'},{'D5'},{'D2'},{'D1'},{'R4'},{'D4'},{'D3'},{'R1'},{'R5'},{'R3'},&,1.0,&
{'R2'},{'D5'},{'D2'},{'R5'},{'D3'},{'D4'},{'D1'},{'R1'},{'R3'},{'R4'},&,1.0,&
{'R2'},{'D5'},{'D2'},{'R1'},{'R5'},{'D3'},{'D4'},{'D1'},{'R3'},{'R4'},&,1.0,&
{'R2'},{'D5'},{'D2'},{'R4'},{'R1'},{'D1'},{'R5'},{'R3'},{'D3'},{'D4'},&,1.0,&
{'R2'},{'D5'},{'D4'},{'D3'},{'D2'},{'D1'},{'R5'},{'R1'},{'R3'},{'R4'},&,3.0,&
{'R2'},{'D5'},{'D4'},{'D3'},{'D2'},{'D1'},{'R1'},{'R5'},{'R3'},{'R4'},&,9.0,&
{'R2'},{'D5'},{'D4'},{'D3'},{'D2'},{'D1'},{'R1'},{'R5'},{'R4'},{'R3'},&,2.0,&
{'R2'},{'D5'},{'D4'},{'D3'},{'D2'},{'D1'},{'R1'},{'R3'},{'R4'},{'R5'},&,1.0,&
{'R2'},{'D5'},{'D4'},{'D3'},{'D2'},{'D1'},{'R3'},{'R1'},{'R5'},{'R4'},&,1.0,&
{'R2'},{'D5'},{'D4'},{'D3'},{'D2'},{'R1'},{'D1'},{'R3'},{'R5'},{'R4'},&,1.0,&
{'R2'},{'D5'},{'D4'},{'D3'},{'D2'},{'R3'},{'D1'},{'R1'},{'R5'},{'R4'},&,1.0,&
{'R2'},{'D5'},{'D4'},{'D3'},{'D1'},{'R3'},{'D2'},{'R1'},{'R5'},{'R4'},&,1.0,&
{'R2'},{'D5'},{'D4'},{'D3'},{'D1'},{'D2'},{'R1'},{'R5'},{'R3'},{'R4'},&,3.0,&
{'R2'},{'D5'},{'D4'},{'D3'},{'D1'},{'D2'},{'R1'},{'R5'},{'R4'},{'R3'},&,3.0,&
{'R2'},{'D5'},{'D4'},{'D3'},{'D1'},{'D2'},{'R1'},{'R3'},{'R5'},{'R4'},&,1.0,&
{'R2'},{'D5'},{'D4'},{'D3'},{'D1'},{'D2'},{'R3'},{'R1'},{'R5'},{'R4'},&,1.0,&
{'R2'},{'D5'},{'D4'},{'D3'},{'D1'},{'D2'},{'R3'},{'R5'},{'R1'},{'R4'},&,1.0,&
{'R2'},{'D5'},{'D4'},{'D3'},{'R1'},{'D1'},{'D2'},{'R4'},{'R5'},{'R3'},&,1.0,&
{'R2'},{'D5'},{'D4'},{'D3'},{'R1'},{'D1'},{'D2'},{'R3'},{'R5'},{'R4'},&,2.0,&
{'R2'},{'D5'},{'D4'},{'D3'},{'R1'},{'D2'},{'D1'},{'R5'},{'R3'},{'R4'},&,1.0,&
{'R2'},{'D5'},{'D4'},{'D3'},{'R5'},{'D1'},{'D2'},{'R3'},{'R1'},{'R4'},&,1.0,&
{'R2'},{'D5'},{'D4'},{'D2'},{'D1'},{'R1'},{'D3'},{'R5'},{'R3'},{'R4'},&,1.0,&
{'R2'},{'D5'},{'D4'},{'D2'},{'D1'},{'R1'},{'R3'},{'D3'},{'R4'},{'R5'},&,1.0,&
{'R2'},{'D5'},{'D4'},{'D2'},{'D1'},{'R1'},{'R3'},{'D3'},{'R5'},{'R4'},&,1.0,&
{'R2'},{'D5'},{'D4'},{'D2'},{'D1'},{'D3'},{'R1'},{'R5'},{'R3'},{'R4'},&,1.0,&
{'R2'},{'D5'},{'D4'},{'D2'},{'D1'},{'D3'},{'R1'},{'R3'},{'R5'},{'R4'},&,1.0,&
{'R2'},{'D5'},{'D4'},{'D2'},{'R1'},{'R5'},{'D3'},{'D1'},{'R3'},{'R4'},&,1.0,&
{'R2'},{'D5'},{'D4'},{'D2'},{'R1'},{'D3'},{'D1'},{'R5'},{'R3'},{'R4'},&,1.0,&
{'R2'},{'D5'},{'D4'},{'D2'},{'R1'},{'D3'},{'D1'},{'R4'},{'R5'},{'R3'},&,1.0,&
{'R2'},{'D5'},{'D4'},{'D2'},{'R1'},{'D3'},{'D1'},{'R3'},{'R4'},{'R5'},&,1.0,&
{'R2'},{'D5'},{'D4'},{'D2'},{'R1'},{'D3'},{'D1'},{'R3'},{'R5'},{'R4'},&,2.0,&
{'R2'},{'D5'},{'D4'},{'D2'},{'D3'},{'D1'},{'R5'},{'R1'},{'R4'},{'R3'},&,1.0,&
{'R2'},{'D5'},{'D4'},{'D2'},{'D3'},{'D1'},{'R1'},{'R5'},{'R3'},{'R4'},&,3.0,&
{'R2'},{'D5'},{'D4'},{'D2'},{'D3'},{'D1'},{'R1'},{'R5'},{'R4'},{'R3'},&,2.0,&
{'R2'},{'D5'},{'D4'},{'D2'},{'D3'},{'D1'},{'R3'},{'R1'},{'R4'},{'R5'},&,1.0,&
{'R2'},{'D5'},{'D4'},{'D2'},{'D3'},{'R1'},{'D1'},{'R3'},{'R5'},{'R4'},&,1.0,&
{'R2'},{'D5'},{'D4'},{'D1'},{'D2'},{'D3'},{'R1'},{'R3'},{'R5'},{'R4'},&,1.0,&
{'R2'},{'D5'},{'D4'},{'D1'},{'R1'},{'D3'},{'D2'},{'R5'},{'R3'},{'R4'},&,1.0,&
{'R2'},{'D5'},{'D4'},{'D1'},{'D3'},{'R1'},{'R5'},{'D2'},{'R4'},{'R3'},&,1.0,&
{'R2'},{'D5'},{'D4'},{'D1'},{'D3'},{'D2'},{'R1'},{'R5'},{'R3'},{'R4'},&,1.0,&
{'R2'},{'D5'},{'D4'},{'D1'},{'D3'},{'D2'},{'R1'},{'R5'},{'R4'},{'R3'},&,1.0,&
{'R2'},{'D5'},{'D4'},{'D1'},{'D3'},{'D2'},{'R1'},{'R4'},{'R3'},{'R5'},&,2.0,&
{'R2'},{'D5'},{'D4'},{'D1'},{'D3'},{'D2'},{'R1'},{'R4'},{'R5'},{'R3'},&,2.0,&
{'R2'},{'D5'},{'D4'},{'R5'},{'D1'},{'D3'},{'D2'},{'R1'},{'R3'},{'R4'},&,1.0,&
{'R2'},{'D5'},{'D4'},{'R5'},{'D3'},{'D2'},{'D1'},{'R3'},{'R4'},{'R1'},&,1.0,&
{'R2'},{'D5'},{'D4'},{'R1'},{'D2'},{'D3'},{'D1'},{'R5'},{'R3'},{'R4'},&,2.0,&
{'R2'},{'D5'},{'D4'},{'R1'},{'D3'},{'D1'},{'D2'},{'R3'},{'R5'},{'R4'},&,1.0,&
{'R2'},{'D5'},{'D4'},{'R1'},{'D3'},{'R5'},{'D1'},{'D2'},{'R3'},{'R4'},&,1.0,&
{'R2'},{'D5'},{'D4'},{'R1'},{'D3'},{'D2'},{'D1'},{'R5'},{'R4'},{'R3'},&,2.0,&
{'R2'},{'D5'},{'D4'},{'R1'},{'D3'},{'D2'},{'D1'},{'R3'},{'R5'},{'R4'},&,1.0,&
{'R2'},{'D5'},{'R1'},{'D4'},{'D2'},{'R4'},{'D1'},{'R5'},{'D3'},{'R3'},&,1.0,&
{'R2'},{'D5'},{'R1'},{'D4'},{'D1'},{'D2'},{'D3'},{'R5'},{'R3'},{'R4'},&,1.0,&
{'R2'},{'D5'},{'R1'},{'D4'},{'D3'},{'R5'},{'R3'},{'D1'},{'D2'},{'R4'},&,1.0,&
{'R2'},{'D5'},{'R1'},{'D4'},{'D3'},{'R3'},{'D2'},{'D1'},{'R5'},{'R4'},&,1.0,&
{'R2'},{'D5'},{'R1'},{'D4'},{'D3'},{'R3'},{'D1'},{'D2'},{'R5'},{'R4'},&,1.0,&
{'R2'},{'D5'},{'R1'},{'D4'},{'D3'},{'D2'},{'R5'},{'D1'},{'R4'},{'R3'},&,1.0,&
{'R2'},{'D5'},{'R1'},{'D4'},{'D3'},{'D2'},{'D1'},{'R5'},{'R3'},{'R4'},&,1.0,&
{'R2'},{'D5'},{'R1'},{'D3'},{'D2'},{'D4'},{'R5'},{'D1'},{'R4'},{'R3'},&,1.0,&
{'R2'},{'D5'},{'R1'},{'D3'},{'D2'},{'D4'},{'D1'},{'R4'},{'R5'},{'R3'},&,1.0,&
{'R2'},{'D5'},{'R1'},{'D3'},{'D1'},{'D2'},{'D4'},{'R3'},{'R5'},{'R4'},&,1.0,&
{'R2'},{'D5'},{'R1'},{'D3'},{'D4'},{'R4'},{'D2'},{'D1'},{'R5'},{'R3'},&,1.0,&
{'R2'},{'D5'},{'R1'},{'D3'},{'D4'},{'D2'},{'D1'},{'R5'},{'R3'},{'R4'},&,1.0,&
{'R2'},{'D5'},{'R1'},{'D3'},{'D4'},{'D2'},{'D1'},{'R5'},{'R4'},{'R3'},&,1.0,&
{'R2'},{'D5'},{'R1'},{'D3'},{'R5'},{'R4'},{'R3'},{'D4'},{'D1'},{'D2'},&,1.0,&
{'R2'},{'D5'},{'R1'},{'D2'},{'D1'},{'R5'},{'D4'},{'D3'},{'R4'},{'R3'},&,1.0,&
{'R2'},{'D5'},{'R1'},{'D2'},{'D4'},{'R5'},{'D1'},{'D3'},{'R4'},{'R3'},&,1.0,&
{'R2'},{'D5'},{'R1'},{'D2'},{'D3'},{'D4'},{'D1'},{'R5'},{'R4'},{'R3'},&,1.0,&
{'R2'},{'D5'},{'R1'},{'D2'},{'R5'},{'R3'},{'D3'},{'D4'},{'D1'},{'R4'},&,1.0,&
{'R2'},{'D5'},{'R1'},{'D1'},{'D4'},{'D3'},{'D2'},{'R3'},{'R5'},{'R4'},&,1.0,&
{'R2'},{'D5'},{'R1'},{'R5'},{'D4'},{'R3'},{'R4'},{'D3'},{'D1'},{'D2'},&,1.0,&
{'R2'},{'D5'},{'R1'},{'R5'},{'D3'},{'R4'},{'R3'},{'D1'},{'D4'},{'D2'},&,1.0,&
{'R2'},{'D5'},{'R1'},{'R5'},{'D3'},{'D2'},{'R3'},{'D4'},{'D1'},{'R4'},&,1.0,&
{'R2'},{'D5'},{'R1'},{'R5'},{'R4'},{'R3'},{'D3'},{'D1'},{'D4'},{'D2'},&,1.0,&
{'R2'},{'D5'},{'R1'},{'R5'},{'R4'},{'R3'},{'D1'},{'D3'},{'D2'},{'D4'},&,1.0,&
{'R2'},{'D5'},{'R1'},{'R5'},{'R4'},{'R3'},{'D1'},{'D4'},{'D3'},{'D2'},&,1.0,&
{'R2'},{'D5'},{'R1'},{'R3'},{'R5'},{'R4'},{'D1'},{'D3'},{'D4'},{'D2'},&,1.0,&
{'R2'},{'D5'},{'R1'},{'R3'},{'R4'},{'R5'},{'D3'},{'D1'},{'D4'},{'D2'},&,1.0,&
{'R2'},{'D5'},{'R1'},{'R4'},{'R5'},{'R3'},{'D3'},{'D1'},{'D4'},{'D2'},&,1.0,&
{'R2'},{'D5'},{'R5'},{'D4'},{'R1'},{'D3'},{'D2'},{'D1'},{'R4'},{'R3'},&,1.0,&
{'R2'},{'D5'},{'R5'},{'D4'},{'D3'},{'D1'},{'D2'},{'R1'},{'R3'},{'R4'},&,1.0,&
{'R2'},{'D5'},{'R5'},{'D3'},{'D2'},{'D4'},{'D1'},{'R1'},{'R3'},{'R4'},&,1.0,&
{'R2'},{'D5'},{'R5'},{'D3'},{'D4'},{'D1'},{'R1'},{'D2'},{'R4'},{'R3'},&,1.0,&
{'R2'},{'D5'},{'R5'},{'R1'},{'R4'},{'D1'},{'R3'},{'D4'},{'D3'},{'D2'},&,1.0,&
{'R2'},{'D5'},{'R5'},{'R4'},{'D3'},{'R1'},{'R3'},{'D1'},{'D2'},{'D4'},&,1.0,&
{'R2'},{'D5'},{'R3'},{'D4'},{'D2'},{'R5'},{'D3'},{'D1'},{'R1'},{'R4'},&,1.0,&
{'R2'},{'D5'},{'R3'},{'R1'},{'D2'},{'D4'},{'D3'},{'R5'},{'D1'},{'R4'},&,1.0,&
{'R2'},{'D5'},{'R3'},{'R4'},{'R1'},{'R5'},{'D3'},{'D1'},{'D2'},{'D4'},&,1.0,&
{'R2'},{'D5'},{'R4'},{'D4'},{'D3'},{'D2'},{'D1'},{'R1'},{'R5'},{'R3'},&,1.0,&
{'R2'},{'D5'},{'R4'},{'D3'},{'D4'},{'R5'},{'D2'},{'R1'},{'R3'},{'D1'},&,1.0,&
{'R2'},{'D5'},{'R4'},{'R1'},{'D1'},{'R5'},{'D3'},{'R3'},{'D4'},{'D2'},&,1.0,&
{'R2'},{'D5'},{'R4'},{'R1'},{'D1'},{'D3'},{'D4'},{'D2'},{'R3'},{'R5'},&,1.0,&
{'R2'},{'D5'},{'R4'},{'R1'},{'R5'},{'R3'},{'D3'},{'D1'},{'D2'},{'D4'},&,1.0,&
{'R2'},{'D5'},{'R4'},{'R1'},{'R5'},{'R3'},{'D4'},{'D1'},{'D2'},{'D3'},&,1.0,&
{'R2'},{'D5'},{'R4'},{'R3'},{'R1'},{'R5'},{'D1'},{'D4'},{'D3'},{'D2'},&,1.0,&
{'R2'},{'D4'},{'D3'},{'D5'},{'D2'},{'D1'},{'R1'},{'R5'},{'R3'},{'R4'},&,2.0,&
{'R2'},{'D4'},{'D3'},{'D5'},{'D2'},{'D1'},{'R1'},{'R5'},{'R4'},{'R3'},&,2.0,&
{'R2'},{'D4'},{'D3'},{'D5'},{'D2'},{'D1'},{'R1'},{'R4'},{'R3'},{'R5'},&,1.0,&
{'R2'},{'D4'},{'D3'},{'D5'},{'D2'},{'D1'},{'R1'},{'R3'},{'R5'},{'R4'},&,2.0,&
{'R2'},{'D4'},{'D3'},{'D5'},{'D2'},{'R1'},{'D1'},{'R5'},{'R3'},{'R4'},&,1.0,&
{'R2'},{'D4'},{'D3'},{'D5'},{'D1'},{'R1'},{'D2'},{'R5'},{'R3'},{'R4'},&,1.0,&
{'R2'},{'D4'},{'D3'},{'D5'},{'D1'},{'D2'},{'R1'},{'R3'},{'R5'},{'R4'},&,2.0,&
{'R2'},{'D4'},{'D3'},{'D5'},{'R1'},{'D1'},{'R5'},{'D2'},{'R3'},{'R4'},&,1.0,&
{'R2'},{'D4'},{'D3'},{'D5'},{'R1'},{'D1'},{'D2'},{'R5'},{'R3'},{'R4'},&,1.0,&
{'R2'},{'D4'},{'D3'},{'D5'},{'R1'},{'R5'},{'D2'},{'D1'},{'R3'},{'R4'},&,2.0,&
{'R2'},{'D4'},{'D3'},{'D5'},{'R1'},{'D2'},{'D1'},{'R5'},{'R4'},{'R3'},&,1.0,&
{'R2'},{'D4'},{'D3'},{'D5'},{'R1'},{'D2'},{'D1'},{'R4'},{'R5'},{'R3'},&,1.0,&
{'R2'},{'D4'},{'D3'},{'D5'},{'R1'},{'D2'},{'D1'},{'R3'},{'R5'},{'R4'},&,1.0,&
{'R2'},{'D4'},{'D3'},{'D5'},{'R4'},{'D1'},{'D2'},{'R1'},{'R5'},{'R3'},&,1.0,&
{'R2'},{'D4'},{'D3'},{'D2'},{'D1'},{'D5'},{'R1'},{'R5'},{'R4'},{'R3'},&,1.0,&
{'R2'},{'D4'},{'D3'},{'D2'},{'R1'},{'D5'},{'D1'},{'R4'},{'R3'},{'R5'},&,1.0,&
{'R2'},{'D4'},{'D3'},{'D2'},{'D5'},{'D1'},{'R1'},{'R5'},{'R3'},{'R4'},&,5.0,&
{'R2'},{'D4'},{'D3'},{'D2'},{'D5'},{'D1'},{'R1'},{'R3'},{'R5'},{'R4'},&,1.0,&
{'R2'},{'D4'},{'D3'},{'D1'},{'R1'},{'R4'},{'R5'},{'R3'},{'D5'},{'D2'},&,1.0,&
{'R2'},{'D4'},{'D3'},{'D1'},{'D5'},{'D2'},{'R5'},{'R1'},{'R4'},{'R3'},&,1.0,&
{'R2'},{'D4'},{'D3'},{'D1'},{'D5'},{'D2'},{'R5'},{'R3'},{'R1'},{'R4'},&,1.0,&
{'R2'},{'D4'},{'D3'},{'D1'},{'D5'},{'D2'},{'R1'},{'R5'},{'R3'},{'R4'},&,1.0,&
{'R2'},{'D4'},{'D3'},{'D1'},{'D5'},{'D2'},{'R1'},{'R5'},{'R4'},{'R3'},&,1.0,&
{'R2'},{'D4'},{'D3'},{'D1'},{'D5'},{'D2'},{'R3'},{'R1'},{'R5'},{'R4'},&,1.0,&
{'R2'},{'D4'},{'D3'},{'R1'},{'D2'},{'D1'},{'D5'},{'R5'},{'R3'},{'R4'},&,1.0,&
{'R2'},{'D4'},{'D3'},{'R1'},{'D2'},{'D5'},{'D1'},{'R5'},{'R3'},{'R4'},&,1.0,&
{'R2'},{'D4'},{'D3'},{'R1'},{'D2'},{'D5'},{'D1'},{'R3'},{'R5'},{'R4'},&,1.0,&
{'R2'},{'D4'},{'D3'},{'R1'},{'D1'},{'D2'},{'D5'},{'R5'},{'R3'},{'R4'},&,1.0,&
{'R2'},{'D4'},{'D3'},{'R1'},{'D5'},{'D1'},{'D2'},{'R5'},{'R3'},{'R4'},&,1.0,&
{'R2'},{'D4'},{'D3'},{'R1'},{'D5'},{'R5'},{'D2'},{'D1'},{'R4'},{'R3'},&,1.0,&
{'R2'},{'D4'},{'D3'},{'R1'},{'D5'},{'D2'},{'R5'},{'D1'},{'R4'},{'R3'},&,1.0,&
{'R2'},{'D4'},{'D3'},{'R1'},{'D5'},{'D2'},{'D1'},{'R5'},{'R3'},{'R4'},&,1.0,&
{'R2'},{'D4'},{'D3'},{'R1'},{'R5'},{'D5'},{'D1'},{'D2'},{'R4'},{'R3'},&,1.0,&
{'R2'},{'D4'},{'D1'},{'D5'},{'D2'},{'R1'},{'D3'},{'R5'},{'R3'},{'R4'},&,1.0,&
{'R2'},{'D4'},{'D1'},{'D5'},{'D3'},{'R5'},{'D2'},{'R1'},{'R4'},{'R3'},&,1.0,&
{'R2'},{'D4'},{'D1'},{'D5'},{'D3'},{'D2'},{'R5'},{'R1'},{'R4'},{'R3'},&,1.0,&
{'R2'},{'D4'},{'D1'},{'D5'},{'D3'},{'D2'},{'R1'},{'R5'},{'R4'},{'R3'},&,1.0,&
{'R2'},{'D4'},{'D1'},{'D5'},{'D3'},{'D2'},{'R1'},{'R4'},{'R3'},{'R5'},&,1.0,&
{'R2'},{'D4'},{'D1'},{'D5'},{'D3'},{'D2'},{'R1'},{'R4'},{'R5'},{'R3'},&,1.0,&
{'R2'},{'D4'},{'D1'},{'D5'},{'D3'},{'D2'},{'R4'},{'R1'},{'R5'},{'R3'},&,1.0,&
{'R2'},{'D4'},{'D1'},{'D3'},{'R1'},{'D2'},{'D5'},{'R5'},{'R3'},{'R4'},&,1.0,&
{'R2'},{'D4'},{'D1'},{'D3'},{'D5'},{'D2'},{'R5'},{'R3'},{'R1'},{'R4'},&,1.0,&
{'R2'},{'D4'},{'D1'},{'R5'},{'D3'},{'D5'},{'R1'},{'R3'},{'D2'},{'R4'},&,1.0,&
{'R2'},{'D4'},{'D1'},{'R1'},{'D5'},{'D3'},{'D2'},{'R5'},{'R4'},{'R3'},&,1.0,&
{'R2'},{'D4'},{'D1'},{'R1'},{'D3'},{'D5'},{'D2'},{'R5'},{'R3'},{'R4'},&,1.0,&
{'R2'},{'D4'},{'D5'},{'D3'},{'D2'},{'D1'},{'R5'},{'R1'},{'R3'},{'R4'},&,1.0,&
{'R2'},{'D4'},{'D5'},{'D3'},{'D2'},{'D1'},{'R1'},{'R5'},{'R3'},{'R4'},&,1.0,&
{'R2'},{'D4'},{'D5'},{'D3'},{'D2'},{'D1'},{'R1'},{'R3'},{'R5'},{'R4'},&,3.0,&
{'R2'},{'D4'},{'D5'},{'D3'},{'D2'},{'D1'},{'R3'},{'R5'},{'R1'},{'R4'},&,1.0,&
{'R2'},{'D4'},{'D5'},{'D3'},{'D2'},{'R1'},{'D1'},{'R5'},{'R3'},{'R4'},&,1.0,&
{'R2'},{'D4'},{'D5'},{'D3'},{'D1'},{'R1'},{'D2'},{'R5'},{'R3'},{'R4'},&,1.0,&
{'R2'},{'D4'},{'D5'},{'D3'},{'D1'},{'R1'},{'D2'},{'R5'},{'R4'},{'R3'},&,1.0,&
{'R2'},{'D4'},{'D5'},{'D3'},{'D1'},{'R1'},{'D2'},{'R3'},{'R5'},{'R4'},&,1.0,&
{'R2'},{'D4'},{'D5'},{'D3'},{'D1'},{'R5'},{'D2'},{'R1'},{'R3'},{'R4'},&,1.0,&
{'R2'},{'D4'},{'D5'},{'D3'},{'D1'},{'D2'},{'R1'},{'R5'},{'R3'},{'R4'},&,3.0,&
{'R2'},{'D4'},{'D5'},{'D3'},{'D1'},{'D2'},{'R1'},{'R5'},{'R4'},{'R3'},&,1.0,&
{'R2'},{'D4'},{'D5'},{'D3'},{'D1'},{'D2'},{'R1'},{'R3'},{'R4'},{'R5'},&,1.0,&
{'R2'},{'D4'},{'D5'},{'D3'},{'D1'},{'D2'},{'R1'},{'R3'},{'R5'},{'R4'},&,2.0,&
{'R2'},{'D4'},{'D5'},{'D3'},{'D1'},{'D2'},{'R3'},{'R1'},{'R4'},{'R5'},&,1.0,&
{'R2'},{'D4'},{'D5'},{'D3'},{'D1'},{'D2'},{'R3'},{'R5'},{'R1'},{'R4'},&,1.0,&
{'R2'},{'D4'},{'D5'},{'D3'},{'R1'},{'D1'},{'D2'},{'R5'},{'R3'},{'R4'},&,1.0,&
{'R2'},{'D4'},{'D5'},{'D3'},{'R5'},{'D1'},{'D2'},{'R1'},{'R3'},{'R4'},&,1.0,&
{'R2'},{'D4'},{'D5'},{'D2'},{'D1'},{'R1'},{'R5'},{'D3'},{'R4'},{'R3'},&,1.0,&
{'R2'},{'D4'},{'D5'},{'D2'},{'D1'},{'D3'},{'R5'},{'R1'},{'R3'},{'R4'},&,1.0,&
{'R2'},{'D4'},{'D5'},{'D2'},{'D1'},{'D3'},{'R1'},{'R5'},{'R3'},{'R4'},&,2.0,&
{'R2'},{'D4'},{'D5'},{'D2'},{'D1'},{'D3'},{'R1'},{'R3'},{'R5'},{'R4'},&,1.0,&
{'R2'},{'D4'},{'D5'},{'D2'},{'D3'},{'D1'},{'R5'},{'R1'},{'R3'},{'R4'},&,1.0,&
{'R2'},{'D4'},{'D5'},{'D2'},{'D3'},{'D1'},{'R1'},{'R5'},{'R3'},{'R4'},&,2.0,&
{'R2'},{'D4'},{'D5'},{'D2'},{'D3'},{'D1'},{'R1'},{'R4'},{'R3'},{'R5'},&,1.0,&
{'R2'},{'D4'},{'D5'},{'D2'},{'D3'},{'D1'},{'R1'},{'R3'},{'R5'},{'R4'},&,1.0,&
{'R2'},{'D4'},{'D5'},{'D2'},{'D3'},{'R1'},{'D1'},{'R3'},{'R5'},{'R4'},&,1.0,&
{'R2'},{'D4'},{'D5'},{'D1'},{'D2'},{'D3'},{'R1'},{'R5'},{'R3'},{'R4'},&,2.0,&
{'R2'},{'D4'},{'D5'},{'D1'},{'R1'},{'D2'},{'D3'},{'R5'},{'R3'},{'R4'},&,1.0,&
{'R2'},{'D4'},{'D5'},{'D1'},{'D3'},{'R5'},{'D2'},{'R1'},{'R3'},{'R4'},&,1.0,&
{'R2'},{'D4'},{'D5'},{'D1'},{'D3'},{'D2'},{'R1'},{'R5'},{'R3'},{'R4'},&,1.0,&
{'R2'},{'D4'},{'D5'},{'D1'},{'D3'},{'D2'},{'R1'},{'R5'},{'R4'},{'R3'},&,1.0,&
{'R2'},{'D4'},{'D5'},{'D1'},{'D3'},{'D2'},{'R1'},{'R3'},{'R5'},{'R4'},&,2.0,&
{'R2'},{'D4'},{'D5'},{'D1'},{'D3'},{'D2'},{'R3'},{'R1'},{'R5'},{'R4'},&,1.0,&
{'R2'},{'D4'},{'D5'},{'R5'},{'D3'},{'R3'},{'D1'},{'D2'},{'R1'},{'R4'},&,1.0,&
{'R2'},{'D4'},{'D5'},{'R1'},{'D3'},{'D2'},{'D1'},{'R5'},{'R3'},{'R4'},&,2.0,&
{'R2'},{'D4'},{'D5'},{'R1'},{'D3'},{'D2'},{'D1'},{'R4'},{'R3'},{'R5'},&,1.0,&
{'R2'},{'D4'},{'D5'},{'R1'},{'D3'},{'D2'},{'R3'},{'D1'},{'R4'},{'R5'},&,1.0,&
{'R2'},{'D4'},{'D5'},{'R1'},{'R5'},{'D1'},{'D3'},{'D2'},{'R3'},{'R4'},&,1.0,&
{'R2'},{'D4'},{'D5'},{'R4'},{'D1'},{'D2'},{'D3'},{'R1'},{'R3'},{'R5'},&,1.0,&
{'R2'},{'D4'},{'D2'},{'D5'},{'D1'},{'D3'},{'R1'},{'R5'},{'R4'},{'R3'},&,1.0,&
{'R2'},{'D4'},{'D2'},{'D5'},{'D3'},{'D1'},{'R1'},{'R5'},{'R3'},{'R4'},&,1.0,&
{'R2'},{'D4'},{'D2'},{'D5'},{'D3'},{'D1'},{'R1'},{'R4'},{'R5'},{'R3'},&,1.0,&
{'R2'},{'D4'},{'D2'},{'D3'},{'D1'},{'R1'},{'D5'},{'R3'},{'R5'},{'R4'},&,1.0,&
{'R2'},{'D4'},{'D2'},{'D3'},{'D1'},{'D5'},{'R1'},{'R5'},{'R3'},{'R4'},&,1.0,&
{'R2'},{'D4'},{'D2'},{'D3'},{'R1'},{'D1'},{'D5'},{'R5'},{'R3'},{'R4'},&,1.0,&
{'R2'},{'D4'},{'D2'},{'D3'},{'R1'},{'D5'},{'D1'},{'R3'},{'R5'},{'R4'},&,1.0,&
{'R2'},{'D4'},{'D2'},{'R1'},{'D1'},{'D5'},{'D3'},{'R3'},{'R5'},{'R4'},&,1.0,&
{'R2'},{'D4'},{'D2'},{'R1'},{'R4'},{'D5'},{'D3'},{'D1'},{'R3'},{'R5'},&,1.0,&
{'R2'},{'D4'},{'D2'},{'R3'},{'D3'},{'D5'},{'D1'},{'R1'},{'R4'},{'R5'},&,1.0,&
{'R2'},{'D4'},{'R1'},{'D5'},{'D2'},{'D3'},{'D1'},{'R3'},{'R5'},{'R4'},&,1.0,&
{'R2'},{'D4'},{'R1'},{'D5'},{'D3'},{'D1'},{'D2'},{'R5'},{'R4'},{'R3'},&,1.0,&
{'R2'},{'D4'},{'R1'},{'D5'},{'D3'},{'D1'},{'D2'},{'R3'},{'R4'},{'R5'},&,1.0,&
{'R2'},{'D4'},{'R1'},{'D5'},{'D3'},{'D2'},{'D1'},{'R5'},{'R3'},{'R4'},&,2.0,&
{'R2'},{'D4'},{'R1'},{'D5'},{'D3'},{'D2'},{'D1'},{'R3'},{'R5'},{'R4'},&,1.0,&
{'R2'},{'D4'},{'R1'},{'D5'},{'R5'},{'R3'},{'D2'},{'D3'},{'D1'},{'R4'},&,1.0,&
{'R2'},{'D4'},{'R1'},{'D3'},{'D1'},{'D5'},{'D2'},{'R3'},{'R5'},{'R4'},&,1.0,&
{'R2'},{'D4'},{'R1'},{'D3'},{'D1'},{'D5'},{'R3'},{'D2'},{'R5'},{'R4'},&,1.0,&
{'R2'},{'D4'},{'R1'},{'D3'},{'D5'},{'D1'},{'R5'},{'D2'},{'R3'},{'R4'},&,1.0,&
{'R2'},{'D4'},{'R1'},{'D3'},{'D5'},{'D1'},{'D2'},{'R5'},{'R4'},{'R3'},&,1.0,&
{'R2'},{'D4'},{'R1'},{'D3'},{'D5'},{'D2'},{'D1'},{'R5'},{'R3'},{'R4'},&,2.0,&
{'R2'},{'D4'},{'R1'},{'D3'},{'D5'},{'D2'},{'D1'},{'R5'},{'R4'},{'R3'},&,1.0,&
{'R2'},{'D4'},{'R1'},{'D2'},{'D5'},{'D3'},{'R5'},{'D1'},{'R3'},{'R4'},&,1.0,&
{'R2'},{'D4'},{'R1'},{'D2'},{'D3'},{'D5'},{'D1'},{'R5'},{'R3'},{'R4'},&,1.0,&
{'R2'},{'D4'},{'R1'},{'D2'},{'R3'},{'D1'},{'D5'},{'D3'},{'R4'},{'R5'},&,1.0,&
{'R2'},{'D4'},{'R1'},{'D1'},{'D5'},{'D2'},{'D3'},{'R5'},{'R3'},{'R4'},&,1.0,&
{'R2'},{'D4'},{'R1'},{'R5'},{'D5'},{'D2'},{'D1'},{'R4'},{'D3'},{'R3'},&,1.0,&
{'R2'},{'D4'},{'R1'},{'R5'},{'D3'},{'D5'},{'D2'},{'D1'},{'R3'},{'R4'},&,1.0,&
{'R2'},{'D4'},{'R1'},{'R5'},{'R3'},{'D3'},{'D5'},{'D1'},{'R4'},{'D2'},&,1.0,&
{'R2'},{'D4'},{'R1'},{'R3'},{'D3'},{'R5'},{'D2'},{'R4'},{'D5'},{'D1'},&,1.0,&
{'R2'},{'D4'},{'R1'},{'R4'},{'D3'},{'R5'},{'R3'},{'D1'},{'D5'},{'D2'},&,1.0,&
{'R2'},{'D4'},{'R5'},{'D5'},{'D1'},{'D3'},{'D2'},{'R1'},{'R4'},{'R3'},&,1.0,&
{'R2'},{'D4'},{'R5'},{'D5'},{'R1'},{'D3'},{'D2'},{'D1'},{'R4'},{'R3'},&,1.0,&
{'R2'},{'D4'},{'R5'},{'D2'},{'D3'},{'D5'},{'D1'},{'R1'},{'R3'},{'R4'},&,1.0,&
{'R2'},{'D4'},{'R5'},{'R1'},{'R3'},{'D3'},{'D5'},{'D2'},{'D1'},{'R4'},&,1.0,&
{'R2'},{'D4'},{'R3'},{'R5'},{'D1'},{'R4'},{'R1'},{'D3'},{'D5'},{'D2'},&,1.0,&
{'R2'},{'D4'},{'R3'},{'R1'},{'D5'},{'R5'},{'D1'},{'D3'},{'R4'},{'D2'},&,1.0,&
{'R2'},{'D4'},{'R3'},{'R1'},{'D3'},{'D2'},{'D5'},{'D1'},{'R5'},{'R4'},&,1.0,&
{'R2'},{'D4'},{'R4'},{'D5'},{'D3'},{'D2'},{'D1'},{'R1'},{'R5'},{'R3'},&,1.0,&
{'R2'},{'R1'},{'D3'},{'D5'},{'D2'},{'R5'},{'D4'},{'D1'},{'R4'},{'R3'},&,1.0,&
{'R2'},{'R1'},{'D3'},{'D5'},{'D1'},{'D2'},{'R3'},{'D4'},{'R5'},{'R4'},&,1.0,&
{'R2'},{'R1'},{'D3'},{'D5'},{'D4'},{'D1'},{'D2'},{'R5'},{'R3'},{'R4'},&,1.0,&
{'R2'},{'R1'},{'D3'},{'D5'},{'D4'},{'D2'},{'D1'},{'R5'},{'R3'},{'R4'},&,1.0,&
{'R2'},{'R1'},{'D3'},{'D5'},{'R5'},{'R4'},{'R3'},{'D1'},{'D4'},{'D2'},&,1.0,&
{'R2'},{'R1'},{'D3'},{'D5'},{'R5'},{'R3'},{'D4'},{'D2'},{'R4'},{'D1'},&,1.0,&
{'R2'},{'R1'},{'D3'},{'D5'},{'R3'},{'D4'},{'D2'},{'D1'},{'R5'},{'R4'},&,1.0,&
{'R2'},{'R1'},{'D3'},{'D4'},{'D1'},{'R5'},{'D2'},{'D5'},{'R3'},{'R4'},&,1.0,&
{'R2'},{'R1'},{'D3'},{'D4'},{'D5'},{'R5'},{'D2'},{'D1'},{'R3'},{'R4'},&,1.0,&
{'R2'},{'R1'},{'D3'},{'D4'},{'D5'},{'R5'},{'R4'},{'D2'},{'D1'},{'R3'},&,1.0,&
{'R2'},{'R1'},{'D3'},{'D4'},{'R5'},{'R4'},{'R3'},{'D1'},{'D5'},{'D2'},&,1.0,&
{'R2'},{'R1'},{'D3'},{'D2'},{'D4'},{'D5'},{'D1'},{'R4'},{'R3'},{'R5'},&,1.0,&
{'R2'},{'R1'},{'D3'},{'D2'},{'D5'},{'R3'},{'D4'},{'D1'},{'R5'},{'R4'},&,1.0,&
{'R2'},{'R1'},{'D3'},{'D1'},{'R5'},{'R4'},{'D5'},{'R3'},{'D2'},{'D4'},&,1.0,&
{'R2'},{'R1'},{'D3'},{'D1'},{'R5'},{'D2'},{'D4'},{'D5'},{'R3'},{'R4'},&,1.0,&
{'R2'},{'R1'},{'D3'},{'R5'},{'D1'},{'R4'},{'R3'},{'D5'},{'D4'},{'D2'},&,1.0,&
{'R2'},{'R1'},{'D3'},{'R5'},{'D5'},{'D2'},{'R4'},{'D1'},{'R3'},{'D4'},&,1.0,&
{'R2'},{'R1'},{'D3'},{'R5'},{'R3'},{'D1'},{'D5'},{'R4'},{'D2'},{'D4'},&,1.0,&
{'R2'},{'R1'},{'D3'},{'R5'},{'R4'},{'D1'},{'R3'},{'D5'},{'D2'},{'D4'},&,1.0,&
{'R2'},{'R1'},{'D3'},{'R5'},{'R4'},{'R3'},{'D1'},{'D2'},{'D5'},{'D4'},&,1.0,&
{'R2'},{'R1'},{'D3'},{'R5'},{'R4'},{'R3'},{'D1'},{'D2'},{'D4'},{'D5'},&,1.0,&
{'R2'},{'R1'},{'D3'},{'R5'},{'R4'},{'R3'},{'D1'},{'D5'},{'D2'},{'D4'},&,1.0,&
{'R2'},{'R1'},{'D3'},{'R5'},{'R4'},{'R3'},{'D1'},{'D5'},{'D4'},{'D2'},&,2.0,&
{'R2'},{'R1'},{'D3'},{'R3'},{'R5'},{'R4'},{'D5'},{'D1'},{'D2'},{'D4'},&,1.0,&
{'R2'},{'R1'},{'D3'},{'R3'},{'R5'},{'R4'},{'D5'},{'D1'},{'D4'},{'D2'},&,1.0,&
{'R2'},{'R1'},{'D3'},{'R3'},{'R4'},{'R5'},{'D2'},{'D1'},{'D5'},{'D4'},&,1.0,&
{'R2'},{'R1'},{'D3'},{'R4'},{'D1'},{'R5'},{'R3'},{'D5'},{'D4'},{'D2'},&,1.0,&
{'R2'},{'R1'},{'D3'},{'R4'},{'D5'},{'D4'},{'D1'},{'D2'},{'R3'},{'R5'},&,1.0,&
{'R2'},{'R1'},{'D3'},{'R4'},{'R5'},{'D1'},{'R3'},{'D5'},{'D4'},{'D2'},&,1.0,&
{'R2'},{'R1'},{'D3'},{'R4'},{'R5'},{'R3'},{'D2'},{'D5'},{'D1'},{'D4'},&,1.0,&
{'R2'},{'R1'},{'D3'},{'R4'},{'R5'},{'R3'},{'D1'},{'D5'},{'D4'},{'D2'},&,1.0,&
{'R2'},{'R1'},{'D3'},{'R4'},{'R5'},{'R3'},{'D4'},{'D1'},{'D5'},{'D2'},&,1.0,&
{'R2'},{'R1'},{'D3'},{'R4'},{'R3'},{'R5'},{'D1'},{'D2'},{'D5'},{'D4'},&,2.0,&
{'R2'},{'R1'},{'D1'},{'D4'},{'D5'},{'R5'},{'R3'},{'R4'},{'D2'},{'D3'},&,1.0,&
{'R2'},{'R1'},{'D1'},{'D3'},{'R5'},{'R4'},{'R3'},{'D5'},{'D4'},{'D2'},&,1.0,&
{'R2'},{'R1'},{'D1'},{'D3'},{'R4'},{'R5'},{'R3'},{'D5'},{'D2'},{'D4'},&,1.0,&
{'R2'},{'R1'},{'D1'},{'D3'},{'R4'},{'R5'},{'D4'},{'R3'},{'D5'},{'D2'},&,1.0,&
{'R2'},{'R1'},{'D1'},{'R5'},{'D2'},{'D5'},{'R3'},{'D3'},{'R4'},{'D4'},&,1.0,&
{'R2'},{'R1'},{'D1'},{'R5'},{'R4'},{'D3'},{'D5'},{'R3'},{'D4'},{'D2'},&,1.0,&
{'R2'},{'R1'},{'D1'},{'R5'},{'R4'},{'R3'},{'D3'},{'D2'},{'D5'},{'D4'},&,1.0,&
{'R2'},{'R1'},{'D1'},{'R5'},{'R4'},{'R3'},{'D3'},{'D5'},{'D2'},{'D4'},&,1.0,&
{'R2'},{'R1'},{'D1'},{'R5'},{'R4'},{'R3'},{'D3'},{'D4'},{'D5'},{'D2'},&,1.0,&
{'R2'},{'R1'},{'D1'},{'R3'},{'D2'},{'R4'},{'D5'},{'D3'},{'R5'},{'D4'},&,1.0,&
{'R2'},{'R1'},{'D1'},{'R3'},{'R5'},{'R4'},{'D3'},{'D5'},{'D4'},{'D2'},&,1.0,&
{'R2'},{'R1'},{'D1'},{'R3'},{'R4'},{'R5'},{'D3'},{'D2'},{'D5'},{'D4'},&,1.0,&
{'R2'},{'R1'},{'D1'},{'R4'},{'D3'},{'R5'},{'R3'},{'D4'},{'D2'},{'D5'},&,1.0,&
{'R2'},{'R1'},{'D1'},{'R4'},{'R5'},{'R3'},{'D3'},{'D5'},{'D2'},{'D4'},&,2.0,&
{'R2'},{'R1'},{'D1'},{'R4'},{'R5'},{'R3'},{'D5'},{'D3'},{'D2'},{'D4'},&,1.0,&
{'R2'},{'R1'},{'D1'},{'R4'},{'R5'},{'D4'},{'R3'},{'D3'},{'D2'},{'D5'},&,1.0,&
{'R2'},{'R1'},{'D1'},{'R4'},{'R3'},{'R5'},{'D3'},{'D2'},{'D5'},{'D4'},&,1.0,&
{'R2'},{'R1'},{'D1'},{'R4'},{'R3'},{'R5'},{'D3'},{'D2'},{'D4'},{'D5'},&,1.0,&
{'R2'},{'R1'},{'D1'},{'R4'},{'R3'},{'R5'},{'D3'},{'D5'},{'D2'},{'D4'},&,3.0,&
{'R2'},{'R1'},{'D1'},{'R4'},{'R3'},{'D2'},{'R5'},{'D3'},{'D5'},{'D4'},&,1.0,&
{'R2'},{'R1'},{'D5'},{'D4'},{'D2'},{'D3'},{'D1'},{'R5'},{'R4'},{'R3'},&,1.0,&
{'R2'},{'R1'},{'D5'},{'D4'},{'D2'},{'D3'},{'D1'},{'R3'},{'R5'},{'R4'},&,1.0,&
{'R2'},{'R1'},{'D5'},{'D4'},{'D1'},{'R5'},{'D3'},{'D2'},{'R3'},{'R4'},&,1.0,&
{'R2'},{'R1'},{'D5'},{'D4'},{'D3'},{'D1'},{'R5'},{'D2'},{'R3'},{'R4'},&,1.0,&
{'R2'},{'R1'},{'D5'},{'D4'},{'D3'},{'D1'},{'D2'},{'R3'},{'R4'},{'R5'},&,1.0,&
{'R2'},{'R1'},{'D5'},{'D4'},{'D3'},{'D1'},{'D2'},{'R3'},{'R5'},{'R4'},&,2.0,&
{'R2'},{'R1'},{'D5'},{'D4'},{'D3'},{'D2'},{'D1'},{'R5'},{'R3'},{'R4'},&,1.0,&
{'R2'},{'R1'},{'D5'},{'D3'},{'D2'},{'D4'},{'D1'},{'R5'},{'R3'},{'R4'},&,1.0,&
{'R2'},{'R1'},{'D5'},{'D3'},{'D2'},{'D4'},{'D1'},{'R4'},{'R5'},{'R3'},&,1.0,&
{'R2'},{'R1'},{'D5'},{'D3'},{'D2'},{'D4'},{'R3'},{'D1'},{'R5'},{'R4'},&,1.0,&
{'R2'},{'R1'},{'D5'},{'D3'},{'D1'},{'D4'},{'D2'},{'R3'},{'R5'},{'R4'},&,1.0,&
{'R2'},{'R1'},{'D5'},{'D3'},{'D4'},{'D1'},{'D2'},{'R5'},{'R3'},{'R4'},&,1.0,&
{'R2'},{'R1'},{'D5'},{'D3'},{'D4'},{'D1'},{'D2'},{'R3'},{'R5'},{'R4'},&,2.0,&
{'R2'},{'R1'},{'D5'},{'D3'},{'D4'},{'D1'},{'R4'},{'R3'},{'D2'},{'R5'},&,1.0,&
{'R2'},{'R1'},{'D5'},{'D3'},{'D4'},{'D2'},{'D1'},{'R5'},{'R3'},{'R4'},&,2.0,&
{'R2'},{'R1'},{'D5'},{'D3'},{'D4'},{'D2'},{'D1'},{'R5'},{'R4'},{'R3'},&,1.0,&
{'R2'},{'R1'},{'D5'},{'D3'},{'D4'},{'D2'},{'D1'},{'R3'},{'R5'},{'R4'},&,3.0,&
{'R2'},{'R1'},{'D5'},{'D2'},{'D3'},{'D4'},{'D1'},{'R5'},{'R3'},{'R4'},&,1.0,&
{'R2'},{'R1'},{'D5'},{'D1'},{'D4'},{'R5'},{'D3'},{'D2'},{'R3'},{'R4'},&,1.0,&
{'R2'},{'R1'},{'D5'},{'D1'},{'D4'},{'D3'},{'R3'},{'D2'},{'R4'},{'R5'},&,1.0,&
{'R2'},{'R1'},{'D5'},{'D1'},{'D3'},{'R3'},{'D4'},{'D2'},{'R5'},{'R4'},&,1.0,&
{'R2'},{'R1'},{'D5'},{'D1'},{'D3'},{'D4'},{'D2'},{'R5'},{'R3'},{'R4'},&,1.0,&
{'R2'},{'R1'},{'D5'},{'R5'},{'D1'},{'R4'},{'R3'},{'D3'},{'D2'},{'D4'},&,1.0,&
{'R2'},{'R1'},{'D5'},{'R5'},{'D3'},{'D4'},{'D2'},{'D1'},{'R4'},{'R3'},&,1.0,&
{'R2'},{'R1'},{'D5'},{'R5'},{'R3'},{'R4'},{'D3'},{'D1'},{'D2'},{'D4'},&,1.0,&
{'R2'},{'R1'},{'D5'},{'R5'},{'R4'},{'D1'},{'R3'},{'D3'},{'D4'},{'D2'},&,1.0,&
{'R2'},{'R1'},{'D5'},{'R5'},{'R4'},{'R3'},{'D1'},{'D3'},{'D4'},{'D2'},&,1.0,&
{'R2'},{'R1'},{'D5'},{'R3'},{'R4'},{'D1'},{'R5'},{'D3'},{'D4'},{'D2'},&,1.0,&
{'R2'},{'R1'},{'D5'},{'R3'},{'R4'},{'R5'},{'D1'},{'D3'},{'D2'},{'D4'},&,1.0,&
{'R2'},{'R1'},{'D5'},{'R4'},{'D2'},{'R3'},{'R5'},{'D3'},{'D1'},{'D4'},&,1.0,&
{'R2'},{'R1'},{'D5'},{'R4'},{'D3'},{'R3'},{'R5'},{'D1'},{'D4'},{'D2'},&,1.0,&
{'R2'},{'R1'},{'D2'},{'D3'},{'D1'},{'D4'},{'R5'},{'D5'},{'R3'},{'R4'},&,1.0,&
{'R2'},{'R1'},{'D2'},{'D3'},{'R5'},{'D4'},{'R3'},{'D5'},{'D1'},{'R4'},&,1.0,&
{'R2'},{'R1'},{'D2'},{'R5'},{'D1'},{'D4'},{'D3'},{'D5'},{'R3'},{'R4'},&,1.0,&
{'R2'},{'R1'},{'D2'},{'R4'},{'R3'},{'R5'},{'D1'},{'D4'},{'D3'},{'D5'},&,1.0,&
{'R2'},{'R1'},{'D4'},{'D5'},{'D2'},{'D1'},{'D3'},{'R3'},{'R5'},{'R4'},&,1.0,&
{'R2'},{'R1'},{'D4'},{'D5'},{'D3'},{'D1'},{'D2'},{'R4'},{'R5'},{'R3'},&,1.0,&
{'R2'},{'R1'},{'D4'},{'D5'},{'D3'},{'D2'},{'D1'},{'R4'},{'R5'},{'R3'},&,1.0,&
{'R2'},{'R1'},{'D4'},{'D5'},{'D3'},{'D2'},{'D1'},{'R3'},{'R5'},{'R4'},&,1.0,&
{'R2'},{'R1'},{'D4'},{'D5'},{'R5'},{'D3'},{'D2'},{'R3'},{'D1'},{'R4'},&,1.0,&
{'R2'},{'R1'},{'D4'},{'D5'},{'R3'},{'D3'},{'R4'},{'R5'},{'D2'},{'D1'},&,1.0,&
{'R2'},{'R1'},{'D4'},{'D5'},{'R4'},{'D3'},{'D1'},{'D2'},{'R5'},{'R3'},&,1.0,&
{'R2'},{'R1'},{'D4'},{'D3'},{'D2'},{'D1'},{'D5'},{'R5'},{'R3'},{'R4'},&,1.0,&
{'R2'},{'R1'},{'D4'},{'D3'},{'D2'},{'D5'},{'D1'},{'R5'},{'R4'},{'R3'},&,1.0,&
{'R2'},{'R1'},{'D4'},{'D3'},{'D2'},{'D5'},{'D1'},{'R4'},{'R3'},{'R5'},&,1.0,&
{'R2'},{'R1'},{'D4'},{'D3'},{'D2'},{'D5'},{'D1'},{'R3'},{'R5'},{'R4'},&,1.0,&
{'R2'},{'R1'},{'D4'},{'D3'},{'D1'},{'D5'},{'D2'},{'R5'},{'R3'},{'R4'},&,1.0,&
{'R2'},{'R1'},{'D4'},{'D3'},{'D1'},{'D5'},{'D2'},{'R3'},{'R5'},{'R4'},&,1.0,&
{'R2'},{'R1'},{'D4'},{'D3'},{'D5'},{'D1'},{'D2'},{'R5'},{'R4'},{'R3'},&,1.0,&
{'R2'},{'R1'},{'D4'},{'D3'},{'D5'},{'D2'},{'D1'},{'R5'},{'R3'},{'R4'},&,1.0,&
{'R2'},{'R1'},{'D4'},{'D3'},{'D5'},{'D2'},{'D1'},{'R5'},{'R4'},{'R3'},&,1.0,&
{'R2'},{'R1'},{'D4'},{'D3'},{'D5'},{'D2'},{'D1'},{'R4'},{'R5'},{'R3'},&,1.0,&
{'R2'},{'R1'},{'D4'},{'D2'},{'D1'},{'R4'},{'R3'},{'D5'},{'D3'},{'R5'},&,1.0,&
{'R2'},{'R1'},{'D4'},{'D2'},{'D5'},{'D3'},{'D1'},{'R5'},{'R3'},{'R4'},&,1.0,&
{'R2'},{'R1'},{'D4'},{'D2'},{'D3'},{'D5'},{'R4'},{'R3'},{'D1'},{'R5'},&,1.0,&
{'R2'},{'R1'},{'D4'},{'R5'},{'D1'},{'R4'},{'R3'},{'D2'},{'D5'},{'D3'},&,1.0,&
{'R2'},{'R1'},{'D4'},{'R5'},{'D1'},{'R4'},{'R3'},{'D5'},{'D3'},{'D2'},&,1.0,&
{'R2'},{'R1'},{'D4'},{'R5'},{'D3'},{'D5'},{'D1'},{'D2'},{'R3'},{'R4'},&,1.0,&
{'R2'},{'R1'},{'D4'},{'R5'},{'R4'},{'R3'},{'D3'},{'D1'},{'D5'},{'D2'},&,1.0,&
{'R2'},{'R1'},{'D4'},{'R3'},{'D5'},{'R5'},{'D3'},{'D2'},{'D1'},{'R4'},&,1.0,&
{'R2'},{'R1'},{'D4'},{'R3'},{'D5'},{'D3'},{'D1'},{'D2'},{'R5'},{'R4'},&,1.0,&
{'R2'},{'R1'},{'D4'},{'R3'},{'D3'},{'D5'},{'D1'},{'D2'},{'R5'},{'R4'},&,1.0,&
{'R2'},{'R1'},{'R5'},{'D5'},{'D2'},{'D4'},{'D3'},{'D1'},{'R3'},{'R4'},&,1.0,&
{'R2'},{'R1'},{'R5'},{'D5'},{'D4'},{'D2'},{'D3'},{'D1'},{'R4'},{'R3'},&,1.0,&
{'R2'},{'R1'},{'R5'},{'D5'},{'D3'},{'D2'},{'D1'},{'D4'},{'R3'},{'R4'},&,1.0,&
{'R2'},{'R1'},{'R5'},{'D5'},{'R3'},{'R4'},{'D1'},{'D3'},{'D2'},{'D4'},&,1.0,&
{'R2'},{'R1'},{'R5'},{'D5'},{'R4'},{'R3'},{'D1'},{'D4'},{'D3'},{'D2'},&,1.0,&
{'R2'},{'R1'},{'R5'},{'D4'},{'R3'},{'R4'},{'D1'},{'D5'},{'D3'},{'D2'},&,1.0,&
{'R2'},{'R1'},{'R5'},{'D3'},{'D2'},{'D1'},{'R4'},{'R3'},{'D4'},{'D5'},&,1.0,&
{'R2'},{'R1'},{'R5'},{'D3'},{'D4'},{'D1'},{'D2'},{'R4'},{'D5'},{'R3'},&,1.0,&
{'R2'},{'R1'},{'R5'},{'D3'},{'D5'},{'D2'},{'D4'},{'D1'},{'R4'},{'R3'},&,1.0,&
{'R2'},{'R1'},{'R5'},{'D3'},{'R3'},{'R4'},{'D1'},{'D5'},{'D4'},{'D2'},&,1.0,&
{'R2'},{'R1'},{'R5'},{'D3'},{'R4'},{'R3'},{'D1'},{'D5'},{'D4'},{'D2'},&,1.0,&
{'R2'},{'R1'},{'R5'},{'D3'},{'R4'},{'R3'},{'D1'},{'D4'},{'D2'},{'D5'},&,2.0,&
{'R2'},{'R1'},{'R5'},{'D3'},{'R4'},{'R3'},{'D5'},{'D1'},{'D2'},{'D4'},&,1.0,&
{'R2'},{'R1'},{'R5'},{'D1'},{'D3'},{'R4'},{'R3'},{'D4'},{'D5'},{'D2'},&,1.0,&
{'R2'},{'R1'},{'R5'},{'D1'},{'D3'},{'R3'},{'R4'},{'D5'},{'D2'},{'D4'},&,1.0,&
{'R2'},{'R1'},{'R5'},{'D1'},{'R3'},{'R4'},{'D3'},{'D4'},{'D5'},{'D2'},&,1.0,&
{'R2'},{'R1'},{'R5'},{'D1'},{'R4'},{'D5'},{'R3'},{'D3'},{'D4'},{'D2'},&,1.0,&
{'R2'},{'R1'},{'R5'},{'D1'},{'R4'},{'D3'},{'R3'},{'D5'},{'D4'},{'D2'},&,1.0,&
{'R2'},{'R1'},{'R5'},{'D1'},{'R4'},{'R3'},{'D3'},{'D2'},{'D4'},{'D5'},&,1.0,&
{'R2'},{'R1'},{'R5'},{'D1'},{'R4'},{'R3'},{'D3'},{'D5'},{'D4'},{'D2'},&,1.0,&
{'R2'},{'R1'},{'R5'},{'D1'},{'R4'},{'R3'},{'D3'},{'D4'},{'D2'},{'D5'},&,1.0,&
{'R2'},{'R1'},{'R5'},{'R3'},{'D2'},{'D3'},{'D4'},{'D5'},{'R4'},{'D1'},&,1.0,&
{'R2'},{'R1'},{'R5'},{'R3'},{'D1'},{'R4'},{'D3'},{'D5'},{'D4'},{'D2'},&,2.0,&
{'R2'},{'R1'},{'R5'},{'R3'},{'D1'},{'D3'},{'D5'},{'R4'},{'D4'},{'D2'},&,1.0,&
{'R2'},{'R1'},{'R5'},{'R3'},{'D5'},{'R4'},{'D3'},{'D1'},{'D4'},{'D2'},&,1.0,&
{'R2'},{'R1'},{'R5'},{'R3'},{'D5'},{'R4'},{'D1'},{'D2'},{'D3'},{'D4'},&,1.0,&
{'R2'},{'R1'},{'R5'},{'R3'},{'R4'},{'D1'},{'D3'},{'D2'},{'D5'},{'D4'},&,1.0,&
{'R2'},{'R1'},{'R5'},{'R3'},{'R4'},{'D1'},{'D3'},{'D2'},{'D4'},{'D5'},&,1.0,&
{'R2'},{'R1'},{'R5'},{'R3'},{'R4'},{'D1'},{'D3'},{'D5'},{'D2'},{'D4'},&,1.0,&
{'R2'},{'R1'},{'R5'},{'R3'},{'R4'},{'D1'},{'D3'},{'D5'},{'D4'},{'D2'},&,2.0,&
{'R2'},{'R1'},{'R5'},{'R3'},{'R4'},{'D1'},{'D4'},{'D5'},{'D3'},{'D2'},&,1.0,&
{'R2'},{'R1'},{'R5'},{'R3'},{'R4'},{'D1'},{'D5'},{'D3'},{'D2'},{'D4'},&,1.0,&
{'R2'},{'R1'},{'R5'},{'R3'},{'R4'},{'D1'},{'D5'},{'D3'},{'D4'},{'D2'},&,2.0,&
{'R2'},{'R1'},{'R5'},{'R3'},{'R4'},{'D5'},{'D1'},{'D3'},{'D2'},{'D4'},&,1.0,&
{'R2'},{'R1'},{'R5'},{'R3'},{'R4'},{'D5'},{'D1'},{'D3'},{'D4'},{'D2'},&,1.0,&
{'R2'},{'R1'},{'R5'},{'R3'},{'R4'},{'D3'},{'D2'},{'D1'},{'D5'},{'D4'},&,1.0,&
{'R2'},{'R1'},{'R5'},{'R3'},{'R4'},{'D3'},{'D1'},{'D5'},{'D2'},{'D4'},&,3.0,&
{'R2'},{'R1'},{'R5'},{'R3'},{'R4'},{'D3'},{'D1'},{'D5'},{'D4'},{'D2'},&,2.0,&
{'R2'},{'R1'},{'R5'},{'R3'},{'R4'},{'D3'},{'D1'},{'D4'},{'D5'},{'D2'},&,1.0,&
{'R2'},{'R1'},{'R5'},{'R3'},{'R4'},{'D3'},{'D1'},{'D4'},{'D2'},{'D5'},&,1.0,&
{'R2'},{'R1'},{'R5'},{'R3'},{'R4'},{'D2'},{'D3'},{'D1'},{'D5'},{'D4'},&,1.0,&
{'R2'},{'R1'},{'R5'},{'R3'},{'R4'},{'D4'},{'D1'},{'D3'},{'D5'},{'D2'},&,2.0,&
{'R2'},{'R1'},{'R5'},{'R3'},{'R4'},{'D4'},{'D1'},{'D3'},{'D2'},{'D5'},&,1.0,&
{'R2'},{'R1'},{'R5'},{'R4'},{'D2'},{'R3'},{'D4'},{'D1'},{'D5'},{'D3'},&,1.0,&
{'R2'},{'R1'},{'R5'},{'R4'},{'D1'},{'R3'},{'D3'},{'D4'},{'D5'},{'D2'},&,1.0,&
{'R2'},{'R1'},{'R5'},{'R4'},{'D1'},{'R3'},{'D5'},{'D3'},{'D4'},{'D2'},&,1.0,&
{'R2'},{'R1'},{'R5'},{'R4'},{'D1'},{'R3'},{'D5'},{'D4'},{'D3'},{'D2'},&,1.0,&
{'R2'},{'R1'},{'R5'},{'R4'},{'D5'},{'R3'},{'D3'},{'D1'},{'D4'},{'D2'},&,1.0,&
{'R2'},{'R1'},{'R5'},{'R4'},{'D5'},{'R3'},{'D1'},{'D3'},{'D4'},{'D2'},&,1.0,&
{'R2'},{'R1'},{'R5'},{'R4'},{'D3'},{'R3'},{'D1'},{'D2'},{'D5'},{'D4'},&,2.0,&
{'R2'},{'R1'},{'R5'},{'R4'},{'D3'},{'R3'},{'D1'},{'D5'},{'D4'},{'D2'},&,1.0,&
{'R2'},{'R1'},{'R5'},{'R4'},{'D3'},{'R3'},{'D5'},{'D4'},{'D2'},{'D1'},&,1.0,&
{'R2'},{'R1'},{'R5'},{'R4'},{'R3'},{'D1'},{'D2'},{'D5'},{'D3'},{'D4'},&,1.0,&
{'R2'},{'R1'},{'R5'},{'R4'},{'R3'},{'D1'},{'D3'},{'D2'},{'D5'},{'D4'},&,1.0,&
{'R2'},{'R1'},{'R5'},{'R4'},{'R3'},{'D1'},{'D3'},{'D5'},{'D2'},{'D4'},&,7.0,&
{'R2'},{'R1'},{'R5'},{'R4'},{'R3'},{'D1'},{'D3'},{'D5'},{'D4'},{'D2'},&,1.0,&
{'R2'},{'R1'},{'R5'},{'R4'},{'R3'},{'D1'},{'D3'},{'D4'},{'D5'},{'D2'},&,3.0,&
{'R2'},{'R1'},{'R5'},{'R4'},{'R3'},{'D1'},{'D4'},{'D3'},{'D2'},{'D5'},&,1.0,&
{'R2'},{'R1'},{'R5'},{'R4'},{'R3'},{'D1'},{'D5'},{'D2'},{'D3'},{'D4'},&,2.0,&
{'R2'},{'R1'},{'R5'},{'R4'},{'R3'},{'D1'},{'D5'},{'D3'},{'D2'},{'D4'},&,2.0,&
{'R2'},{'R1'},{'R5'},{'R4'},{'R3'},{'D1'},{'D5'},{'D3'},{'D4'},{'D2'},&,2.0,&
{'R2'},{'R1'},{'R5'},{'R4'},{'R3'},{'D1'},{'D5'},{'D4'},{'D3'},{'D2'},&,1.0,&
{'R2'},{'R1'},{'R5'},{'R4'},{'R3'},{'D5'},{'D2'},{'D3'},{'D1'},{'D4'},&,1.0,&
{'R2'},{'R1'},{'R5'},{'R4'},{'R3'},{'D5'},{'D3'},{'D2'},{'D1'},{'D4'},&,1.0,&
{'R2'},{'R1'},{'R5'},{'R4'},{'R3'},{'D5'},{'D3'},{'D1'},{'D2'},{'D4'},&,2.0,&
{'R2'},{'R1'},{'R5'},{'R4'},{'R3'},{'D5'},{'D3'},{'D1'},{'D4'},{'D2'},&,2.0,&
{'R2'},{'R1'},{'R5'},{'R4'},{'R3'},{'D5'},{'D3'},{'D4'},{'D1'},{'D2'},&,1.0,&
{'R2'},{'R1'},{'R5'},{'R4'},{'R3'},{'D5'},{'D1'},{'D3'},{'D4'},{'D2'},&,2.0,&
{'R2'},{'R1'},{'R5'},{'R4'},{'R3'},{'D5'},{'D4'},{'D2'},{'D1'},{'D3'},&,1.0,&
{'R2'},{'R1'},{'R5'},{'R4'},{'R3'},{'D3'},{'D2'},{'D1'},{'D5'},{'D4'},&,1.0,&
{'R2'},{'R1'},{'R5'},{'R4'},{'R3'},{'D3'},{'D1'},{'D2'},{'D5'},{'D4'},&,2.0,&
{'R2'},{'R1'},{'R5'},{'R4'},{'R3'},{'D3'},{'D1'},{'D5'},{'D2'},{'D4'},&,5.0,&
{'R2'},{'R1'},{'R5'},{'R4'},{'R3'},{'D3'},{'D1'},{'D5'},{'D4'},{'D2'},&,7.0,&
{'R2'},{'R1'},{'R5'},{'R4'},{'R3'},{'D3'},{'D1'},{'D4'},{'D5'},{'D2'},&,3.0,&
{'R2'},{'R1'},{'R5'},{'R4'},{'R3'},{'D3'},{'D4'},{'D1'},{'D5'},{'D2'},&,1.0,&
{'R2'},{'R1'},{'R5'},{'R4'},{'R3'},{'D3'},{'D5'},{'D1'},{'D2'},{'D4'},&,3.0,&
{'R2'},{'R1'},{'R5'},{'R4'},{'R3'},{'D3'},{'D5'},{'D1'},{'D4'},{'D2'},&,1.0,&
{'R2'},{'R1'},{'R5'},{'R4'},{'R3'},{'D3'},{'D5'},{'D4'},{'D1'},{'D2'},&,1.0,&
{'R2'},{'R1'},{'R5'},{'R4'},{'R3'},{'D2'},{'D1'},{'D3'},{'D5'},{'D4'},&,1.0,&
{'R2'},{'R1'},{'R5'},{'R4'},{'R3'},{'D2'},{'D1'},{'D4'},{'D3'},{'D5'},&,1.0,&
{'R2'},{'R1'},{'R5'},{'R4'},{'R3'},{'D2'},{'D5'},{'D1'},{'D3'},{'D4'},&,1.0,&
{'R2'},{'R1'},{'R5'},{'R4'},{'R3'},{'D4'},{'D2'},{'D3'},{'D5'},{'D1'},&,1.0,&
{'R2'},{'R1'},{'R5'},{'R4'},{'R3'},{'D4'},{'D3'},{'D1'},{'D5'},{'D2'},&,2.0,&
{'R2'},{'R1'},{'R5'},{'R4'},{'R3'},{'D4'},{'D1'},{'D3'},{'D5'},{'D2'},&,1.0,&
{'R2'},{'R1'},{'R5'},{'R4'},{'R3'},{'D4'},{'D5'},{'D1'},{'D3'},{'D2'},&,1.0,&
{'R2'},{'R1'},{'R3'},{'D5'},{'R5'},{'R4'},{'D1'},{'D4'},{'D3'},{'D2'},&,1.0,&
{'R2'},{'R1'},{'R3'},{'D4'},{'D1'},{'R5'},{'R4'},{'D5'},{'D3'},{'D2'},&,1.0,&
{'R2'},{'R1'},{'R3'},{'D4'},{'D3'},{'D5'},{'D1'},{'D2'},{'R5'},{'R4'},&,1.0,&
{'R2'},{'R1'},{'R3'},{'D4'},{'R5'},{'D5'},{'R4'},{'D3'},{'D1'},{'D2'},&,1.0,&
{'R2'},{'R1'},{'R3'},{'D3'},{'R4'},{'R5'},{'D1'},{'D5'},{'D4'},{'D2'},&,1.0,&
{'R2'},{'R1'},{'R3'},{'D1'},{'R5'},{'R4'},{'D3'},{'D4'},{'D5'},{'D2'},&,1.0,&
{'R2'},{'R1'},{'R3'},{'D1'},{'R5'},{'R4'},{'D5'},{'D3'},{'D4'},{'D2'},&,1.0,&
{'R2'},{'R1'},{'R3'},{'R5'},{'D1'},{'R4'},{'D2'},{'D5'},{'D3'},{'D4'},&,1.0,&
{'R2'},{'R1'},{'R3'},{'R5'},{'D1'},{'R4'},{'D5'},{'D3'},{'D2'},{'D4'},&,1.0,&
{'R2'},{'R1'},{'R3'},{'R5'},{'D3'},{'R4'},{'D5'},{'D1'},{'D2'},{'D4'},&,1.0,&
{'R2'},{'R1'},{'R3'},{'R5'},{'R4'},{'D1'},{'D3'},{'D2'},{'D5'},{'D4'},&,2.0,&
{'R2'},{'R1'},{'R3'},{'R5'},{'R4'},{'D1'},{'D3'},{'D5'},{'D2'},{'D4'},&,1.0,&
{'R2'},{'R1'},{'R3'},{'R5'},{'R4'},{'D1'},{'D3'},{'D5'},{'D4'},{'D2'},&,1.0,&
{'R2'},{'R1'},{'R3'},{'R5'},{'R4'},{'D1'},{'D4'},{'D5'},{'D3'},{'D2'},&,2.0,&
{'R2'},{'R1'},{'R3'},{'R5'},{'R4'},{'D1'},{'D4'},{'D3'},{'D5'},{'D2'},&,1.0,&
{'R2'},{'R1'},{'R3'},{'R5'},{'R4'},{'D1'},{'D5'},{'D3'},{'D4'},{'D2'},&,1.0,&
{'R2'},{'R1'},{'R3'},{'R5'},{'R4'},{'D5'},{'D2'},{'D1'},{'D3'},{'D4'},&,1.0,&
{'R2'},{'R1'},{'R3'},{'R5'},{'R4'},{'D5'},{'D3'},{'D1'},{'D2'},{'D4'},&,1.0,&
{'R2'},{'R1'},{'R3'},{'R5'},{'R4'},{'D5'},{'D1'},{'D3'},{'D4'},{'D2'},&,2.0,&
{'R2'},{'R1'},{'R3'},{'R5'},{'R4'},{'D3'},{'D1'},{'D5'},{'D2'},{'D4'},&,1.0,&
{'R2'},{'R1'},{'R3'},{'R4'},{'D1'},{'R5'},{'D3'},{'D5'},{'D4'},{'D2'},&,1.0,&
{'R2'},{'R1'},{'R3'},{'R4'},{'D3'},{'R5'},{'D1'},{'D4'},{'D5'},{'D2'},&,1.0,&
{'R2'},{'R1'},{'R3'},{'R4'},{'D3'},{'D2'},{'R5'},{'D5'},{'D1'},{'D4'},&,1.0,&
{'R2'},{'R1'},{'R3'},{'R4'},{'R5'},{'D1'},{'D3'},{'D5'},{'D2'},{'D4'},&,3.0,&
{'R2'},{'R1'},{'R3'},{'R4'},{'R5'},{'D1'},{'D3'},{'D5'},{'D4'},{'D2'},&,2.0,&
{'R2'},{'R1'},{'R3'},{'R4'},{'R5'},{'D1'},{'D3'},{'D4'},{'D5'},{'D2'},&,1.0,&
{'R2'},{'R1'},{'R3'},{'R4'},{'R5'},{'D1'},{'D4'},{'D3'},{'D5'},{'D2'},&,1.0,&
{'R2'},{'R1'},{'R3'},{'R4'},{'R5'},{'D1'},{'D5'},{'D3'},{'D2'},{'D4'},&,1.0,&
{'R2'},{'R1'},{'R3'},{'R4'},{'R5'},{'D1'},{'D5'},{'D4'},{'D2'},{'D3'},&,1.0,&
{'R2'},{'R1'},{'R3'},{'R4'},{'R5'},{'D3'},{'D2'},{'D1'},{'D4'},{'D5'},&,2.0,&
{'R2'},{'R1'},{'R3'},{'R4'},{'R5'},{'D3'},{'D1'},{'D2'},{'D5'},{'D4'},&,1.0,&
{'R2'},{'R1'},{'R3'},{'R4'},{'R5'},{'D3'},{'D1'},{'D5'},{'D2'},{'D4'},&,1.0,&
{'R2'},{'R1'},{'R3'},{'R4'},{'R5'},{'D3'},{'D1'},{'D5'},{'D4'},{'D2'},&,1.0,&
{'R2'},{'R1'},{'R3'},{'R4'},{'R5'},{'D3'},{'D1'},{'D4'},{'D5'},{'D2'},&,1.0,&
{'R2'},{'R1'},{'R3'},{'R4'},{'R5'},{'D3'},{'D1'},{'D4'},{'D2'},{'D5'},&,1.0,&
{'R2'},{'R1'},{'R3'},{'R4'},{'R5'},{'D3'},{'D5'},{'D4'},{'D1'},{'D2'},&,1.0,&
{'R2'},{'R1'},{'R3'},{'R4'},{'R5'},{'D4'},{'D3'},{'D1'},{'D2'},{'D5'},&,1.0,&
{'R2'},{'R1'},{'R3'},{'R4'},{'R5'},{'D4'},{'D5'},{'D3'},{'D1'},{'D2'},&,1.0,&
{'R2'},{'R1'},{'R4'},{'D5'},{'R5'},{'R3'},{'D1'},{'D3'},{'D2'},{'D4'},&,1.0,&
{'R2'},{'R1'},{'R4'},{'D4'},{'R5'},{'R3'},{'D3'},{'D5'},{'D1'},{'D2'},&,1.0,&
{'R2'},{'R1'},{'R4'},{'D3'},{'R5'},{'D1'},{'R3'},{'D5'},{'D4'},{'D2'},&,1.0,&
{'R2'},{'R1'},{'R4'},{'D3'},{'R5'},{'R3'},{'D1'},{'D5'},{'D4'},{'D2'},&,2.0,&
{'R2'},{'R1'},{'R4'},{'D3'},{'R5'},{'R3'},{'D1'},{'D4'},{'D2'},{'D5'},&,1.0,&
{'R2'},{'R1'},{'R4'},{'D3'},{'R5'},{'R3'},{'D5'},{'D1'},{'D2'},{'D4'},&,1.0,&
{'R2'},{'R1'},{'R4'},{'D2'},{'R5'},{'D3'},{'R3'},{'D1'},{'D5'},{'D4'},&,1.0,&
{'R2'},{'R1'},{'R4'},{'D2'},{'R3'},{'R5'},{'D3'},{'D5'},{'D1'},{'D4'},&,1.0,&
{'R2'},{'R1'},{'R4'},{'D1'},{'R5'},{'D3'},{'R3'},{'D5'},{'D4'},{'D2'},&,1.0,&
{'R2'},{'R1'},{'R4'},{'D1'},{'R5'},{'D3'},{'D4'},{'R3'},{'D5'},{'D2'},&,1.0,&
{'R2'},{'R1'},{'R4'},{'D1'},{'R5'},{'R3'},{'D3'},{'D5'},{'D4'},{'D2'},&,1.0,&
{'R2'},{'R1'},{'R4'},{'D1'},{'R5'},{'R3'},{'D3'},{'D4'},{'D5'},{'D2'},&,1.0,&
{'R2'},{'R1'},{'R4'},{'D1'},{'R5'},{'R3'},{'D5'},{'D3'},{'D2'},{'D4'},&,1.0,&
{'R2'},{'R1'},{'R4'},{'D1'},{'R5'},{'D4'},{'R3'},{'D5'},{'D3'},{'D2'},&,1.0,&
{'R2'},{'R1'},{'R4'},{'R5'},{'D2'},{'R3'},{'D1'},{'D5'},{'D3'},{'D4'},&,1.0,&
{'R2'},{'R1'},{'R4'},{'R5'},{'D1'},{'R3'},{'D3'},{'D2'},{'D5'},{'D4'},&,1.0,&
{'R2'},{'R1'},{'R4'},{'R5'},{'D1'},{'R3'},{'D3'},{'D4'},{'D5'},{'D2'},&,1.0,&
{'R2'},{'R1'},{'R4'},{'R5'},{'D5'},{'R3'},{'D2'},{'D3'},{'D4'},{'D1'},&,1.0,&
{'R2'},{'R1'},{'R4'},{'R5'},{'D5'},{'R3'},{'D1'},{'D3'},{'D4'},{'D2'},&,1.0,&
{'R2'},{'R1'},{'R4'},{'R5'},{'D3'},{'D1'},{'R3'},{'D5'},{'D4'},{'D2'},&,1.0,&
{'R2'},{'R1'},{'R4'},{'R5'},{'D3'},{'R3'},{'D1'},{'D2'},{'D5'},{'D4'},&,1.0,&
{'R2'},{'R1'},{'R4'},{'R5'},{'D3'},{'R3'},{'D1'},{'D5'},{'D2'},{'D4'},&,1.0,&
{'R2'},{'R1'},{'R4'},{'R5'},{'D3'},{'R3'},{'D1'},{'D5'},{'D4'},{'D2'},&,2.0,&
{'R2'},{'R1'},{'R4'},{'R5'},{'D3'},{'R3'},{'D1'},{'D4'},{'D5'},{'D2'},&,1.0,&
{'R2'},{'R1'},{'R4'},{'R5'},{'R3'},{'D1'},{'D2'},{'D3'},{'D5'},{'D4'},&,4.0,&
{'R2'},{'R1'},{'R4'},{'R5'},{'R3'},{'D1'},{'D2'},{'D3'},{'D4'},{'D5'},&,1.0,&
{'R2'},{'R1'},{'R4'},{'R5'},{'R3'},{'D1'},{'D3'},{'D2'},{'D5'},{'D4'},&,3.0,&
{'R2'},{'R1'},{'R4'},{'R5'},{'R3'},{'D1'},{'D3'},{'D2'},{'D4'},{'D5'},&,2.0,&
{'R2'},{'R1'},{'R4'},{'R5'},{'R3'},{'D1'},{'D3'},{'D5'},{'D2'},{'D4'},&,4.0,&
{'R2'},{'R1'},{'R4'},{'R5'},{'R3'},{'D1'},{'D3'},{'D5'},{'D4'},{'D2'},&,7.0,&
{'R2'},{'R1'},{'R4'},{'R5'},{'R3'},{'D1'},{'D3'},{'D4'},{'D5'},{'D2'},&,2.0,&
{'R2'},{'R1'},{'R4'},{'R5'},{'R3'},{'D1'},{'D4'},{'D3'},{'D5'},{'D2'},&,1.0,&
{'R2'},{'R1'},{'R4'},{'R5'},{'R3'},{'D1'},{'D5'},{'D3'},{'D2'},{'D4'},&,2.0,&
{'R2'},{'R1'},{'R4'},{'R5'},{'R3'},{'D1'},{'D5'},{'D3'},{'D4'},{'D2'},&,3.0,&
{'R2'},{'R1'},{'R4'},{'R5'},{'R3'},{'D5'},{'D2'},{'D4'},{'D3'},{'D1'},&,1.0,&
{'R2'},{'R1'},{'R4'},{'R5'},{'R3'},{'D5'},{'D1'},{'D3'},{'D2'},{'D4'},&,4.0,&
{'R2'},{'R1'},{'R4'},{'R5'},{'R3'},{'D5'},{'D1'},{'D3'},{'D4'},{'D2'},&,1.0,&
{'R2'},{'R1'},{'R4'},{'R5'},{'R3'},{'D3'},{'D2'},{'D1'},{'D5'},{'D4'},&,2.0,&
{'R2'},{'R1'},{'R4'},{'R5'},{'R3'},{'D3'},{'D1'},{'D2'},{'D5'},{'D4'},&,1.0,&
{'R2'},{'R1'},{'R4'},{'R5'},{'R3'},{'D3'},{'D1'},{'D5'},{'D4'},{'D2'},&,2.0,&
{'R2'},{'R1'},{'R4'},{'R5'},{'R3'},{'D3'},{'D1'},{'D4'},{'D5'},{'D2'},&,2.0,&
{'R2'},{'R1'},{'R4'},{'R5'},{'R3'},{'D3'},{'D1'},{'D4'},{'D2'},{'D5'},&,1.0,&
{'R2'},{'R1'},{'R4'},{'R5'},{'R3'},{'D3'},{'D4'},{'D5'},{'D1'},{'D2'},&,1.0,&
{'R2'},{'R1'},{'R4'},{'R5'},{'R3'},{'D3'},{'D5'},{'D1'},{'D2'},{'D4'},&,1.0,&
{'R2'},{'R1'},{'R4'},{'R5'},{'R3'},{'D3'},{'D5'},{'D1'},{'D4'},{'D2'},&,5.0,&
{'R2'},{'R1'},{'R4'},{'R5'},{'R3'},{'D3'},{'D5'},{'D4'},{'D2'},{'D1'},&,1.0,&
{'R2'},{'R1'},{'R4'},{'R5'},{'R3'},{'D3'},{'D5'},{'D4'},{'D1'},{'D2'},&,1.0,&
{'R2'},{'R1'},{'R4'},{'R5'},{'R3'},{'D2'},{'D3'},{'D1'},{'D5'},{'D4'},&,2.0,&
{'R2'},{'R1'},{'R4'},{'R5'},{'R3'},{'D2'},{'D3'},{'D1'},{'D4'},{'D5'},&,1.0,&
{'R2'},{'R1'},{'R4'},{'R5'},{'R3'},{'D2'},{'D4'},{'D3'},{'D1'},{'D5'},&,1.0,&
{'R2'},{'R1'},{'R4'},{'R5'},{'R3'},{'D4'},{'D3'},{'D1'},{'D5'},{'D2'},&,2.0,&
{'R2'},{'R1'},{'R4'},{'R5'},{'R3'},{'D4'},{'D3'},{'D1'},{'D2'},{'D5'},&,1.0,&
{'R2'},{'R1'},{'R4'},{'R5'},{'R3'},{'D4'},{'D1'},{'D5'},{'D2'},{'D3'},&,1.0,&
{'R2'},{'R1'},{'R4'},{'R5'},{'R3'},{'D4'},{'D5'},{'D1'},{'D3'},{'D2'},&,1.0,&
{'R2'},{'R1'},{'R4'},{'R3'},{'D3'},{'R5'},{'D1'},{'D5'},{'D2'},{'D4'},&,1.0,&
{'R2'},{'R1'},{'R4'},{'R3'},{'D3'},{'R5'},{'D1'},{'D4'},{'D5'},{'D2'},&,1.0,&
{'R2'},{'R1'},{'R4'},{'R3'},{'R5'},{'D1'},{'D3'},{'D5'},{'D4'},{'D2'},&,2.0,&
{'R2'},{'R1'},{'R4'},{'R3'},{'R5'},{'D1'},{'D3'},{'D4'},{'D5'},{'D2'},&,1.0,&
{'R2'},{'R1'},{'R4'},{'R3'},{'R5'},{'D5'},{'D3'},{'D1'},{'D2'},{'D4'},&,2.0,&
{'R2'},{'R1'},{'R4'},{'R3'},{'R5'},{'D5'},{'D1'},{'D3'},{'D2'},{'D4'},&,1.0,&
{'R2'},{'R1'},{'R4'},{'R3'},{'R5'},{'D5'},{'D1'},{'D4'},{'D3'},{'D2'},&,1.0,&
{'R2'},{'R1'},{'R4'},{'R3'},{'R5'},{'D3'},{'D1'},{'D5'},{'D4'},{'D2'},&,1.0,&
{'R2'},{'R1'},{'R4'},{'R3'},{'R5'},{'D3'},{'D1'},{'D4'},{'D2'},{'D5'},&,1.0,&
{'R2'},{'R1'},{'R4'},{'R3'},{'R5'},{'D3'},{'D5'},{'D2'},{'D1'},{'D4'},&,1.0,&
{'R2'},{'R1'},{'R4'},{'R3'},{'R5'},{'D2'},{'D3'},{'D1'},{'D5'},{'D4'},&,1.0,&
{'R2'},{'R1'},{'R4'},{'R3'},{'R5'},{'D4'},{'D3'},{'D1'},{'D5'},{'D2'},&,1.0,&
{'R2'},{'R1'},{'R4'},{'R3'},{'R5'},{'D4'},{'D1'},{'D3'},{'D2'},{'D5'},&,2.0,&
{'R2'},{'D1'},{'D3'},{'D5'},{'D2'},{'D4'},{'R5'},{'R1'},{'R3'},{'R4'},&,1.0,&
{'R2'},{'D1'},{'D3'},{'D5'},{'D2'},{'D4'},{'R1'},{'R3'},{'R5'},{'R4'},&,1.0,&
{'R2'},{'D1'},{'D3'},{'D4'},{'D2'},{'D5'},{'R5'},{'R1'},{'R3'},{'R4'},&,1.0,&
{'R2'},{'D1'},{'D3'},{'D4'},{'R1'},{'R5'},{'D5'},{'D2'},{'R3'},{'R4'},&,1.0,&
{'R2'},{'D1'},{'D3'},{'D4'},{'D5'},{'D2'},{'R5'},{'R1'},{'R4'},{'R3'},&,1.0,&
{'R2'},{'D1'},{'D3'},{'D4'},{'D5'},{'D2'},{'R1'},{'R5'},{'R3'},{'R4'},&,2.0,&
{'R2'},{'D1'},{'D3'},{'D4'},{'D5'},{'D2'},{'R1'},{'R5'},{'R4'},{'R3'},&,1.0,&
{'R2'},{'D1'},{'D3'},{'D2'},{'D4'},{'D5'},{'R3'},{'R1'},{'R5'},{'R4'},&,1.0,&
{'R2'},{'D1'},{'D3'},{'D2'},{'D5'},{'D4'},{'R1'},{'R5'},{'R3'},{'R4'},&,1.0,&
{'R2'},{'D1'},{'D3'},{'R5'},{'R4'},{'R1'},{'R3'},{'D2'},{'D4'},{'D5'},&,1.0,&
{'R2'},{'D1'},{'D3'},{'R1'},{'D4'},{'D5'},{'D2'},{'R5'},{'R3'},{'R4'},&,1.0,&
{'R2'},{'D1'},{'D3'},{'R1'},{'D5'},{'D4'},{'D2'},{'R4'},{'R5'},{'R3'},&,1.0,&
{'R2'},{'D1'},{'D3'},{'R1'},{'R5'},{'R3'},{'D5'},{'R4'},{'D2'},{'D4'},&,1.0,&
{'R2'},{'D1'},{'D3'},{'R1'},{'R5'},{'D2'},{'R4'},{'R3'},{'D5'},{'D4'},&,1.0,&
{'R2'},{'D1'},{'D3'},{'R1'},{'R4'},{'R5'},{'D2'},{'R3'},{'D5'},{'D4'},&,1.0,&
{'R2'},{'D1'},{'D3'},{'R1'},{'R4'},{'R5'},{'R3'},{'D5'},{'D2'},{'D4'},&,1.0,&
{'R2'},{'D1'},{'D5'},{'D4'},{'R1'},{'D3'},{'R4'},{'D2'},{'R5'},{'R3'},&,1.0,&
{'R2'},{'D1'},{'D5'},{'D4'},{'D3'},{'D2'},{'R1'},{'R5'},{'R4'},{'R3'},&,1.0,&
{'R2'},{'D1'},{'D5'},{'D3'},{'R1'},{'R5'},{'D4'},{'D2'},{'R4'},{'R3'},&,1.0,&
{'R2'},{'D1'},{'D5'},{'D3'},{'D4'},{'R5'},{'D2'},{'R1'},{'R3'},{'R4'},&,1.0,&
{'R2'},{'D1'},{'D5'},{'D3'},{'D4'},{'D2'},{'R1'},{'R5'},{'R3'},{'R4'},&,1.0,&
{'R2'},{'D1'},{'D5'},{'D3'},{'D4'},{'D2'},{'R3'},{'R1'},{'R5'},{'R4'},&,1.0,&
{'R2'},{'D1'},{'D5'},{'R1'},{'D2'},{'D4'},{'D3'},{'R5'},{'R4'},{'R3'},&,1.0,&
{'R2'},{'D1'},{'D2'},{'D5'},{'D3'},{'D4'},{'R1'},{'R4'},{'R5'},{'R3'},&,1.0,&
{'R2'},{'D1'},{'D2'},{'D3'},{'D5'},{'R4'},{'D4'},{'R1'},{'R3'},{'R5'},&,1.0,&
{'R2'},{'D1'},{'D2'},{'D3'},{'D5'},{'D4'},{'R1'},{'R5'},{'R3'},{'R4'},&,1.0,&
{'R2'},{'D1'},{'D2'},{'R5'},{'R1'},{'D3'},{'R4'},{'R3'},{'D5'},{'D4'},&,1.0,&
{'R2'},{'D1'},{'D4'},{'D5'},{'D2'},{'D3'},{'R4'},{'R1'},{'R5'},{'R3'},&,1.0,&
{'R2'},{'D1'},{'D4'},{'D5'},{'D3'},{'D2'},{'R5'},{'R4'},{'R1'},{'R3'},&,1.0,&
{'R2'},{'D1'},{'D4'},{'D5'},{'D3'},{'D2'},{'R1'},{'R5'},{'R3'},{'R4'},&,1.0,&
{'R2'},{'D1'},{'D4'},{'D3'},{'D5'},{'D2'},{'R1'},{'R3'},{'R5'},{'R4'},&,1.0,&
{'R2'},{'D1'},{'D4'},{'D2'},{'D5'},{'D3'},{'R1'},{'R5'},{'R3'},{'R4'},&,1.0,&
{'R2'},{'D1'},{'R1'},{'D5'},{'R4'},{'R5'},{'R3'},{'D3'},{'D4'},{'D2'},&,1.0,&
{'R2'},{'D1'},{'R1'},{'D3'},{'D4'},{'R5'},{'R4'},{'R3'},{'D5'},{'D2'},&,1.0,&
{'R2'},{'D1'},{'R1'},{'D3'},{'R3'},{'R5'},{'D4'},{'R4'},{'D2'},{'D5'},&,1.0,&
{'R2'},{'D1'},{'R1'},{'R5'},{'D2'},{'R4'},{'R3'},{'D3'},{'D4'},{'D5'},&,1.0,&
{'R2'},{'D1'},{'R1'},{'R5'},{'D5'},{'D4'},{'D3'},{'R3'},{'R4'},{'D2'},&,1.0,&
{'R2'},{'D1'},{'R1'},{'R5'},{'R3'},{'R4'},{'D3'},{'D5'},{'D4'},{'D2'},&,1.0,&
{'R2'},{'D1'},{'R1'},{'R5'},{'R4'},{'D3'},{'R3'},{'D4'},{'D5'},{'D2'},&,1.0,&
{'R2'},{'D1'},{'R1'},{'R5'},{'R4'},{'R3'},{'D2'},{'D5'},{'D4'},{'D3'},&,1.0,&
{'R2'},{'D1'},{'R1'},{'R5'},{'R4'},{'R3'},{'D3'},{'D5'},{'D2'},{'D4'},&,1.0,&
{'R2'},{'D1'},{'R1'},{'R5'},{'R4'},{'R3'},{'D3'},{'D5'},{'D4'},{'D2'},&,2.0,&
{'R2'},{'D1'},{'R1'},{'R5'},{'R4'},{'D2'},{'R3'},{'D5'},{'D3'},{'D4'},&,1.0,&
{'R2'},{'D1'},{'R1'},{'R5'},{'R4'},{'D4'},{'R3'},{'D3'},{'D5'},{'D2'},&,1.0,&
{'R2'},{'D1'},{'R1'},{'R3'},{'R5'},{'R4'},{'D3'},{'D2'},{'D5'},{'D4'},&,1.0,&
{'R2'},{'D1'},{'R1'},{'R3'},{'R5'},{'D3'},{'R4'},{'D5'},{'D2'},{'D4'},&,1.0,&
{'R2'},{'D1'},{'R1'},{'R4'},{'R5'},{'D3'},{'R3'},{'D2'},{'D5'},{'D4'},&,1.0,&
{'R2'},{'D1'},{'R1'},{'R4'},{'R5'},{'R3'},{'D3'},{'D5'},{'D4'},{'D2'},&,1.0,&
{'R2'},{'D1'},{'R1'},{'R4'},{'R5'},{'D2'},{'R3'},{'D3'},{'D5'},{'D4'},&,1.0,&
{'R2'},{'D1'},{'R1'},{'R4'},{'R3'},{'R5'},{'D5'},{'D2'},{'D3'},{'D4'},&,1.0,&
{'R2'},{'D1'},{'R5'},{'R1'},{'D3'},{'R3'},{'R4'},{'D5'},{'D2'},{'D4'},&,1.0,&
{'R2'},{'D1'},{'R5'},{'R1'},{'R3'},{'D5'},{'D3'},{'R4'},{'D4'},{'D2'},&,1.0,&
{'R2'},{'D1'},{'R5'},{'R1'},{'R4'},{'R3'},{'D5'},{'D3'},{'D4'},{'D2'},&,1.0,&
{'R2'},{'D1'},{'R5'},{'R3'},{'D3'},{'R1'},{'R4'},{'D5'},{'D2'},{'D4'},&,1.0,&
{'R2'},{'D1'},{'R3'},{'R1'},{'R5'},{'R4'},{'D2'},{'D3'},{'D5'},{'D4'},&,1.0,&
{'R2'},{'D1'},{'R4'},{'D5'},{'R3'},{'R1'},{'R5'},{'D3'},{'D4'},{'D2'},&,1.0,&
{'R2'},{'D1'},{'R4'},{'D3'},{'R1'},{'R5'},{'R3'},{'D5'},{'D4'},{'D2'},&,1.0,&
{'R2'},{'D1'},{'R4'},{'D2'},{'R5'},{'R3'},{'R1'},{'D3'},{'D4'},{'D5'},&,1.0,&
{'R2'},{'D1'},{'R4'},{'R5'},{'R1'},{'R3'},{'D5'},{'D3'},{'D2'},{'D4'},&,1.0,&
{'R2'},{'D1'},{'R4'},{'R1'},{'D5'},{'R5'},{'D2'},{'R3'},{'D4'},{'D3'},&,1.0,&
{'R2'},{'D1'},{'R4'},{'R1'},{'D3'},{'R5'},{'R3'},{'D5'},{'D4'},{'D2'},&,1.0,&
{'R2'},{'D1'},{'R4'},{'R1'},{'R5'},{'R3'},{'D5'},{'D3'},{'D2'},{'D4'},&,1.0,&
{'R2'},{'D1'},{'R4'},{'R1'},{'R3'},{'R5'},{'D5'},{'D3'},{'D4'},{'D2'},&,1.0,&
{'R2'},{'R4'},{'D3'},{'D4'},{'D5'},{'R5'},{'D2'},{'D1'},{'R1'},{'R3'},&,1.0,&
{'R2'},{'R4'},{'D3'},{'R1'},{'D5'},{'R5'},{'R3'},{'D1'},{'D4'},{'D2'},&,1.0,&
{'R2'},{'R4'},{'D3'},{'R1'},{'R5'},{'R3'},{'D1'},{'D5'},{'D4'},{'D2'},&,2.0,&
{'R2'},{'R4'},{'D3'},{'R1'},{'R5'},{'R3'},{'D1'},{'D4'},{'D5'},{'D2'},&,1.0,&
{'R2'},{'R4'},{'D1'},{'R1'},{'D5'},{'R5'},{'R3'},{'D3'},{'D4'},{'D2'},&,1.0,&
{'R2'},{'R4'},{'D1'},{'R1'},{'R5'},{'R3'},{'D3'},{'D2'},{'D5'},{'D4'},&,1.0,&
{'R2'},{'R4'},{'D1'},{'R1'},{'R5'},{'R3'},{'D3'},{'D5'},{'D4'},{'D2'},&,1.0,&
{'R2'},{'R4'},{'D1'},{'R1'},{'R5'},{'R3'},{'D4'},{'D3'},{'D2'},{'D5'},&,1.0,&
{'R2'},{'R4'},{'D1'},{'R1'},{'R5'},{'R3'},{'D5'},{'D4'},{'D3'},{'D2'},&,1.0,&
{'R2'},{'R4'},{'D1'},{'R1'},{'R5'},{'R3'},{'D5'},{'D4'},{'D2'},{'D3'},&,1.0,&
{'R2'},{'R4'},{'D5'},{'R5'},{'R1'},{'D3'},{'R3'},{'D2'},{'D1'},{'D4'},&,1.0,&
{'R2'},{'R4'},{'D5'},{'R5'},{'R1'},{'R3'},{'D1'},{'D3'},{'D4'},{'D2'},&,1.0,&
{'R2'},{'R4'},{'D2'},{'R1'},{'R5'},{'R3'},{'D5'},{'D1'},{'D3'},{'D4'},&,1.0,&
{'R2'},{'R4'},{'D2'},{'R1'},{'R3'},{'R5'},{'D3'},{'D5'},{'D1'},{'D4'},&,1.0,&
{'R2'},{'R4'},{'R1'},{'D5'},{'D3'},{'R3'},{'R5'},{'D1'},{'D2'},{'D4'},&,1.0,&
{'R2'},{'R4'},{'R1'},{'D5'},{'R3'},{'R5'},{'D1'},{'D3'},{'D2'},{'D4'},&,1.0,&
{'R2'},{'R4'},{'R1'},{'D4'},{'D1'},{'D3'},{'R3'},{'R5'},{'D5'},{'D2'},&,1.0,&
{'R2'},{'R4'},{'R1'},{'D4'},{'R5'},{'D3'},{'R3'},{'D5'},{'D1'},{'D2'},&,1.0,&
{'R2'},{'R4'},{'R1'},{'D4'},{'R5'},{'R3'},{'D1'},{'D5'},{'D3'},{'D2'},&,1.0,&
{'R2'},{'R4'},{'R1'},{'D3'},{'R5'},{'D1'},{'R3'},{'D4'},{'D5'},{'D2'},&,1.0,&
{'R2'},{'R4'},{'R1'},{'D3'},{'R5'},{'R3'},{'D1'},{'D2'},{'D5'},{'D4'},&,1.0,&
{'R2'},{'R4'},{'R1'},{'D3'},{'R5'},{'R3'},{'D4'},{'D1'},{'D2'},{'D5'},&,1.0,&
{'R2'},{'R4'},{'R1'},{'D3'},{'R5'},{'R3'},{'D5'},{'D1'},{'D4'},{'D2'},&,1.0,&
{'R2'},{'R4'},{'R1'},{'D3'},{'R3'},{'R5'},{'D2'},{'D1'},{'D5'},{'D4'},&,1.0,&
{'R2'},{'R4'},{'R1'},{'D2'},{'D3'},{'R5'},{'R3'},{'D4'},{'D5'},{'D1'},&,1.0,&
{'R2'},{'R4'},{'R1'},{'D1'},{'D5'},{'R3'},{'R5'},{'D3'},{'D2'},{'D4'},&,1.0,&
{'R2'},{'R4'},{'R1'},{'D1'},{'R5'},{'R3'},{'D3'},{'D5'},{'D2'},{'D4'},&,2.0,&
{'R2'},{'R4'},{'R1'},{'D1'},{'R5'},{'R3'},{'D5'},{'D3'},{'D4'},{'D2'},&,1.0,&
{'R2'},{'R4'},{'R1'},{'D1'},{'R3'},{'R5'},{'D3'},{'D4'},{'D5'},{'D2'},&,1.0,&
{'R2'},{'R4'},{'R1'},{'R5'},{'D1'},{'D5'},{'R3'},{'D3'},{'D4'},{'D2'},&,1.0,&
{'R2'},{'R4'},{'R1'},{'R5'},{'D1'},{'R3'},{'D3'},{'D2'},{'D5'},{'D4'},&,1.0,&
{'R2'},{'R4'},{'R1'},{'R5'},{'D1'},{'R3'},{'D5'},{'D3'},{'D2'},{'D4'},&,1.0,&
{'R2'},{'R4'},{'R1'},{'R5'},{'D3'},{'R3'},{'D1'},{'D2'},{'D5'},{'D4'},&,1.0,&
{'R2'},{'R4'},{'R1'},{'R5'},{'R3'},{'D1'},{'D2'},{'D3'},{'D5'},{'D4'},&,2.0,&
{'R2'},{'R4'},{'R1'},{'R5'},{'R3'},{'D1'},{'D3'},{'D2'},{'D5'},{'D4'},&,1.0,&
{'R2'},{'R4'},{'R1'},{'R5'},{'R3'},{'D1'},{'D3'},{'D5'},{'D2'},{'D4'},&,3.0,&
{'R2'},{'R4'},{'R1'},{'R5'},{'R3'},{'D1'},{'D3'},{'D5'},{'D4'},{'D2'},&,1.0,&
{'R2'},{'R4'},{'R1'},{'R5'},{'R3'},{'D1'},{'D3'},{'D4'},{'D5'},{'D2'},&,1.0,&
{'R2'},{'R4'},{'R1'},{'R5'},{'R3'},{'D1'},{'D5'},{'D3'},{'D2'},{'D4'},&,1.0,&
{'R2'},{'R4'},{'R1'},{'R5'},{'R3'},{'D1'},{'D5'},{'D3'},{'D4'},{'D2'},&,2.0,&
{'R2'},{'R4'},{'R1'},{'R5'},{'R3'},{'D5'},{'D3'},{'D1'},{'D4'},{'D2'},&,2.0,&
{'R2'},{'R4'},{'R1'},{'R5'},{'R3'},{'D5'},{'D1'},{'D3'},{'D2'},{'D4'},&,1.0,&
{'R2'},{'R4'},{'R1'},{'R5'},{'R3'},{'D5'},{'D1'},{'D3'},{'D4'},{'D2'},&,1.0,&
{'R2'},{'R4'},{'R1'},{'R5'},{'R3'},{'D5'},{'D1'},{'D4'},{'D3'},{'D2'},&,1.0,&
{'R2'},{'R4'},{'R1'},{'R5'},{'R3'},{'D5'},{'D4'},{'D1'},{'D3'},{'D2'},&,1.0,&
{'R2'},{'R4'},{'R1'},{'R5'},{'R3'},{'D3'},{'D2'},{'D1'},{'D5'},{'D4'},&,1.0,&
{'R2'},{'R4'},{'R1'},{'R5'},{'R3'},{'D3'},{'D1'},{'D2'},{'D5'},{'D4'},&,2.0,&
{'R2'},{'R4'},{'R1'},{'R5'},{'R3'},{'D3'},{'D1'},{'D2'},{'D4'},{'D5'},&,2.0,&
{'R2'},{'R4'},{'R1'},{'R5'},{'R3'},{'D3'},{'D1'},{'D5'},{'D2'},{'D4'},&,1.0,&
{'R2'},{'R4'},{'R1'},{'R5'},{'R3'},{'D3'},{'D1'},{'D5'},{'D4'},{'D2'},&,3.0,&
{'R2'},{'R4'},{'R1'},{'R5'},{'R3'},{'D3'},{'D5'},{'D2'},{'D1'},{'D4'},&,1.0,&
{'R2'},{'R4'},{'R1'},{'R5'},{'R3'},{'D3'},{'D5'},{'D1'},{'D2'},{'D4'},&,1.0,&
{'R2'},{'R4'},{'R1'},{'R5'},{'R3'},{'D2'},{'D3'},{'D1'},{'D4'},{'D5'},&,1.0,&
{'R2'},{'R4'},{'R1'},{'R5'},{'R3'},{'D2'},{'D1'},{'D3'},{'D5'},{'D4'},&,1.0,&
{'R2'},{'R4'},{'R1'},{'R5'},{'R3'},{'D2'},{'D1'},{'D3'},{'D4'},{'D5'},&,2.0,&
{'R2'},{'R4'},{'R1'},{'R5'},{'R3'},{'D2'},{'D4'},{'D3'},{'D1'},{'D5'},&,1.0,&
{'R2'},{'R4'},{'R1'},{'R5'},{'R3'},{'D4'},{'D3'},{'D1'},{'D5'},{'D2'},&,2.0,&
{'R2'},{'R4'},{'R1'},{'R5'},{'R3'},{'D4'},{'D3'},{'D5'},{'D1'},{'D2'},&,1.0,&
{'R2'},{'R4'},{'R1'},{'R5'},{'R3'},{'D4'},{'D1'},{'D5'},{'D3'},{'D2'},&,1.0,&
{'R2'},{'R4'},{'R1'},{'R5'},{'R3'},{'D4'},{'D1'},{'D3'},{'D2'},{'D5'},&,1.0,&
{'R2'},{'R4'},{'R1'},{'R3'},{'D1'},{'R5'},{'D3'},{'D5'},{'D4'},{'D2'},&,1.0,&
{'R2'},{'R4'},{'R1'},{'R3'},{'R5'},{'D1'},{'D3'},{'D5'},{'D4'},{'D2'},&,1.0,&
{'R2'},{'R4'},{'R1'},{'R3'},{'R5'},{'D1'},{'D3'},{'D4'},{'D2'},{'D5'},&,2.0,&
{'R2'},{'R4'},{'R1'},{'R3'},{'R5'},{'D5'},{'D3'},{'D1'},{'D4'},{'D2'},&,1.0,&
{'R2'},{'R4'},{'R1'},{'R3'},{'R5'},{'D5'},{'D1'},{'D3'},{'D2'},{'D4'},&,1.0,&
{'R2'},{'R4'},{'R1'},{'R3'},{'R5'},{'D3'},{'D1'},{'D2'},{'D4'},{'D5'},&,1.0,&
{'R2'},{'R4'},{'R1'},{'R3'},{'R5'},{'D3'},{'D1'},{'D5'},{'D2'},{'D4'},&,1.0,&
{'R2'},{'R4'},{'R1'},{'R3'},{'R5'},{'D3'},{'D1'},{'D5'},{'D4'},{'D2'},&,1.0,&
{'R2'},{'R4'},{'R1'},{'R3'},{'R5'},{'D3'},{'D1'},{'D4'},{'D5'},{'D2'},&,1.0,&
{'R2'},{'R4'},{'R1'},{'R3'},{'R5'},{'D3'},{'D5'},{'D2'},{'D1'},{'D4'},&,1.0,&
{'R2'},{'R4'},{'R1'},{'R3'},{'R5'},{'D2'},{'D1'},{'D3'},{'D5'},{'D4'},&,1.0,&
{'R2'},{'R4'},{'R1'},{'R3'},{'R5'},{'D4'},{'D3'},{'D5'},{'D2'},{'D1'},&,1.0,&
{'R2'},{'R4'},{'R1'},{'R3'},{'R5'},{'D4'},{'D3'},{'D5'},{'D1'},{'D2'},&,1.0,&
{'R2'},{'R4'},{'R5'},{'D5'},{'R1'},{'R3'},{'D3'},{'D4'},{'D1'},{'D2'},&,1.0,&
{'R2'},{'R4'},{'R5'},{'D3'},{'R1'},{'R3'},{'D1'},{'D4'},{'D2'},{'D5'},&,1.0,&
{'R2'},{'R4'},{'R5'},{'R1'},{'R3'},{'D1'},{'D2'},{'D3'},{'D5'},{'D4'},&,1.0,&
{'R2'},{'R4'},{'R5'},{'R1'},{'R3'},{'D1'},{'D3'},{'D2'},{'D5'},{'D4'},&,1.0,&
{'R2'},{'R4'},{'R5'},{'R1'},{'R3'},{'D1'},{'D3'},{'D5'},{'D4'},{'D2'},&,5.0,&
{'R2'},{'R4'},{'R5'},{'R1'},{'R3'},{'D1'},{'D5'},{'D3'},{'D2'},{'D4'},&,1.0,&
{'R2'},{'R4'},{'R5'},{'R1'},{'R3'},{'D1'},{'D5'},{'D3'},{'D4'},{'D2'},&,2.0,&
{'R2'},{'R4'},{'R5'},{'R1'},{'R3'},{'D1'},{'D5'},{'D4'},{'D3'},{'D2'},&,2.0,&
{'R2'},{'R4'},{'R5'},{'R1'},{'R3'},{'D5'},{'D3'},{'D1'},{'D4'},{'D2'},&,1.0,&
{'R2'},{'R4'},{'R5'},{'R1'},{'R3'},{'D5'},{'D1'},{'D4'},{'D3'},{'D2'},&,1.0,&
{'R2'},{'R4'},{'R5'},{'R1'},{'R3'},{'D5'},{'D4'},{'D3'},{'D1'},{'D2'},&,1.0,&
{'R2'},{'R4'},{'R5'},{'R1'},{'R3'},{'D3'},{'D1'},{'D2'},{'D5'},{'D4'},&,1.0,&
{'R2'},{'R4'},{'R5'},{'R1'},{'R3'},{'D3'},{'D1'},{'D5'},{'D2'},{'D4'},&,1.0,&
{'R2'},{'R4'},{'R5'},{'R1'},{'R3'},{'D3'},{'D1'},{'D5'},{'D4'},{'D2'},&,3.0,&
{'R2'},{'R4'},{'R5'},{'R1'},{'R3'},{'D3'},{'D4'},{'D1'},{'D2'},{'D5'},&,1.0,&
{'R2'},{'R4'},{'R5'},{'R1'},{'R3'},{'D3'},{'D5'},{'D1'},{'D2'},{'D4'},&,1.0,&
{'R2'},{'R4'},{'R5'},{'R1'},{'R3'},{'D3'},{'D5'},{'D4'},{'D1'},{'D2'},&,1.0,&
{'R2'},{'R4'},{'R5'},{'R3'},{'R1'},{'D5'},{'D2'},{'D3'},{'D1'},{'D4'},&,1.0,&
{'R2'},{'R4'},{'R5'},{'R3'},{'R1'},{'D5'},{'D3'},{'D1'},{'D4'},{'D2'},&,1.0,&
{'R2'},{'R4'},{'R3'},{'R5'},{'R1'},{'D1'},{'D3'},{'D4'},{'D5'},{'D2'},&,1.0,&
{'R2'},{'R4'},{'R3'},{'R1'},{'D5'},{'R5'},{'D1'},{'D3'},{'D4'},{'D2'},&,1.0,&
{'R2'},{'R4'},{'R3'},{'R1'},{'D3'},{'R5'},{'D1'},{'D5'},{'D4'},{'D2'},&,1.0,&
{'R2'},{'R4'},{'R3'},{'R1'},{'R5'},{'D1'},{'D3'},{'D5'},{'D2'},{'D4'},&,2.0,&
{'R2'},{'R4'},{'R3'},{'R1'},{'R5'},{'D1'},{'D3'},{'D4'},{'D5'},{'D2'},&,1.0,&
{'R2'},{'R4'},{'R3'},{'R1'},{'R5'},{'D5'},{'D1'},{'D3'},{'D2'},{'D4'},&,1.0,&
{'R2'},{'R4'},{'R3'},{'R1'},{'R5'},{'D3'},{'D1'},{'D5'},{'D2'},{'D4'},&,1.0,&
{'R2'},{'R4'},{'R3'},{'R1'},{'R5'},{'D4'},{'D3'},{'D1'},{'D5'},{'D2'},&,1.0,&
{'R2'},{'R4'},{'R3'},{'R1'},{'R5'},{'D4'},{'D5'},{'D3'},{'D1'},{'D2'},&,1.0,&
{'R2'},{'R3'},{'D1'},{'D5'},{'D3'},{'D4'},{'D2'},{'R1'},{'R4'},{'R5'},&,1.0,&
{'R2'},{'R3'},{'D1'},{'D3'},{'D2'},{'D5'},{'R1'},{'R5'},{'D4'},{'R4'},&,1.0,&
{'R2'},{'R3'},{'D5'},{'R1'},{'D3'},{'R5'},{'R4'},{'D1'},{'D2'},{'D4'},&,1.0,&
{'R2'},{'R3'},{'D4'},{'D5'},{'D3'},{'D2'},{'R1'},{'D1'},{'R5'},{'R4'},&,2.0,&
{'R2'},{'R3'},{'D4'},{'D1'},{'R5'},{'R1'},{'R4'},{'D3'},{'D5'},{'D2'},&,1.0,&
{'R2'},{'R3'},{'D4'},{'R1'},{'D3'},{'D5'},{'D1'},{'D2'},{'R5'},{'R4'},&,1.0,&
{'R2'},{'R3'},{'R1'},{'D3'},{'D2'},{'R4'},{'R5'},{'D5'},{'D1'},{'D4'},&,1.0,&
{'R2'},{'R3'},{'R1'},{'D3'},{'R5'},{'R4'},{'D1'},{'D5'},{'D2'},{'D4'},&,1.0,&
{'R2'},{'R3'},{'R1'},{'D2'},{'R4'},{'R5'},{'D1'},{'D4'},{'D3'},{'D5'},&,1.0,&
{'R2'},{'R3'},{'R1'},{'R5'},{'D1'},{'R4'},{'D3'},{'D5'},{'D2'},{'D4'},&,1.0,&
{'R2'},{'R3'},{'R1'},{'R5'},{'D1'},{'R4'},{'D5'},{'D3'},{'D4'},{'D2'},&,1.0,&
{'R2'},{'R3'},{'R1'},{'R5'},{'D5'},{'R4'},{'D3'},{'D1'},{'D4'},{'D2'},&,1.0,&
{'R2'},{'R3'},{'R1'},{'R5'},{'D5'},{'R4'},{'D1'},{'D3'},{'D4'},{'D2'},&,1.0,&
{'R2'},{'R3'},{'R1'},{'R5'},{'R4'},{'D1'},{'D3'},{'D5'},{'D2'},{'D4'},&,1.0,&
{'R2'},{'R3'},{'R1'},{'R5'},{'R4'},{'D3'},{'D1'},{'D5'},{'D2'},{'D4'},&,2.0,&
{'R2'},{'R3'},{'R1'},{'R5'},{'R4'},{'D3'},{'D5'},{'D1'},{'D4'},{'D2'},&,1.0,&
{'R2'},{'R3'},{'R1'},{'R5'},{'R4'},{'D3'},{'D5'},{'D4'},{'D1'},{'D2'},&,1.0,&
{'R2'},{'R3'},{'R1'},{'R5'},{'R4'},{'D4'},{'D1'},{'D5'},{'D3'},{'D2'},&,1.0,&
{'R2'},{'R3'},{'R1'},{'R4'},{'R5'},{'D1'},{'D2'},{'D3'},{'D5'},{'D4'},&,1.0,&
{'R2'},{'R3'},{'R1'},{'R4'},{'R5'},{'D1'},{'D3'},{'D4'},{'D5'},{'D2'},&,1.0,&
{'R2'},{'R3'},{'R1'},{'R4'},{'R5'},{'D2'},{'D1'},{'D3'},{'D5'},{'D4'},&,1.0,&
{'R2'},{'R3'},{'R5'},{'R1'},{'D4'},{'D3'},{'R4'},{'D1'},{'D2'},{'D5'},&,1.0,&
{'R2'},{'R3'},{'R5'},{'R1'},{'R4'},{'D1'},{'D3'},{'D4'},{'D2'},{'D5'},&,1.0,&
{'R2'},{'R3'},{'R5'},{'R1'},{'R4'},{'D1'},{'D5'},{'D4'},{'D3'},{'D2'},&,1.0,&
{'R2'},{'R3'},{'R5'},{'R1'},{'R4'},{'D3'},{'D5'},{'D4'},{'D1'},{'D2'},&,1.0,&
{'R2'},{'R3'},{'R5'},{'R4'},{'D1'},{'D5'},{'D3'},{'R1'},{'D4'},{'D2'},&,1.0,&
{'R2'},{'R3'},{'R5'},{'R4'},{'R1'},{'D1'},{'D3'},{'D4'},{'D5'},{'D2'},&,1.0,&
{'R2'},{'R3'},{'R4'},{'R5'},{'R1'},{'D1'},{'D3'},{'D5'},{'D2'},{'D4'},&,1.0,&
{'R2'},{'R3'},{'R4'},{'R1'},{'D1'},{'R5'},{'D3'},{'D4'},{'D5'},{'D2'},&,1.0,&
{'R2'},{'R3'},{'R4'},{'R1'},{'R5'},{'D1'},{'D3'},{'D2'},{'D4'},{'D5'},&,1.0,&
{'R2'},{'R3'},{'R4'},{'R1'},{'R5'},{'D1'},{'D5'},{'D3'},{'D4'},{'D2'},&,1.0,&
{'D3'},{'R5'},{'D1'},{'D5'},{'D2'},{'D4'},{'R1'},{'R2'},{'R3'},{'R4'},&,1.0,&
{'D3'},{'R5'},{'D1'},{'D5'},{'D4'},{'D2'},{'R2'},{'R3'},{'R1'},{'R4'},&,1.0,&
{'D3'},{'R5'},{'D1'},{'R2'},{'D5'},{'D4'},{'D2'},{'R1'},{'R3'},{'R4'},&,1.0,&
{'D3'},{'R5'},{'D5'},{'D4'},{'D2'},{'D1'},{'R2'},{'R1'},{'R3'},{'R4'},&,3.0,&
{'D3'},{'R5'},{'D5'},{'D4'},{'D2'},{'R2'},{'R1'},{'D1'},{'R3'},{'R4'},&,1.0,&
{'D3'},{'R5'},{'D5'},{'D4'},{'D1'},{'D2'},{'R2'},{'R1'},{'R3'},{'R4'},&,1.0,&
{'D3'},{'R5'},{'D5'},{'D4'},{'D1'},{'D2'},{'R1'},{'R2'},{'R3'},{'R4'},&,2.0,&
{'D3'},{'R5'},{'D5'},{'D4'},{'D1'},{'D2'},{'R1'},{'R2'},{'R4'},{'R3'},&,1.0,&
{'D3'},{'R5'},{'D5'},{'D2'},{'D4'},{'D1'},{'R2'},{'R1'},{'R3'},{'R4'},&,1.0,&
{'D3'},{'R5'},{'D5'},{'D2'},{'D4'},{'D1'},{'R2'},{'R1'},{'R4'},{'R3'},&,1.0,&
{'D3'},{'R5'},{'D5'},{'R2'},{'R1'},{'D1'},{'D4'},{'D2'},{'R3'},{'R4'},&,1.0,&
{'D3'},{'R5'},{'D5'},{'R2'},{'D4'},{'D1'},{'D2'},{'R3'},{'R1'},{'R4'},&,1.0,&
{'D3'},{'R5'},{'D2'},{'D5'},{'D4'},{'D1'},{'R1'},{'R2'},{'R3'},{'R4'},&,1.0,&
{'D3'},{'R5'},{'D2'},{'D4'},{'R2'},{'D1'},{'D5'},{'R1'},{'R3'},{'R4'},&,1.0,&
{'D3'},{'R5'},{'D2'},{'D4'},{'R2'},{'D5'},{'D1'},{'R3'},{'R1'},{'R4'},&,1.0,&
{'D3'},{'R5'},{'D4'},{'D5'},{'D2'},{'D1'},{'R2'},{'R1'},{'R4'},{'R3'},&,1.0,&
{'D3'},{'R5'},{'D4'},{'R1'},{'R2'},{'D5'},{'R3'},{'D2'},{'R4'},{'D1'},&,1.0,&
{'D3'},{'R5'},{'R2'},{'D4'},{'D1'},{'D5'},{'D2'},{'R1'},{'R3'},{'R4'},&,1.0,&
{'D3'},{'R5'},{'R2'},{'D4'},{'D5'},{'D2'},{'D1'},{'R1'},{'R3'},{'R4'},&,1.0,&
{'D3'},{'R5'},{'R2'},{'D1'},{'D4'},{'D5'},{'D2'},{'R1'},{'R3'},{'R4'},&,1.0,&
{'D3'},{'R5'},{'R2'},{'D1'},{'R4'},{'R1'},{'R3'},{'D4'},{'D5'},{'D2'},&,1.0,&
{'D3'},{'R5'},{'R2'},{'R1'},{'D5'},{'R4'},{'R3'},{'D1'},{'D2'},{'D4'},&,1.0,&
{'D3'},{'R5'},{'R2'},{'R1'},{'R3'},{'R4'},{'D5'},{'D1'},{'D4'},{'D2'},&,1.0,&
{'D3'},{'R5'},{'R2'},{'R1'},{'R4'},{'R3'},{'D2'},{'D1'},{'D4'},{'D5'},&,1.0,&
{'D3'},{'R5'},{'R2'},{'R1'},{'R4'},{'R3'},{'D5'},{'D4'},{'D1'},{'D2'},&,1.0,&
{'D3'},{'R5'},{'R2'},{'R3'},{'R4'},{'R1'},{'D1'},{'D5'},{'D2'},{'D4'},&,1.0,&
{'D3'},{'R5'},{'R2'},{'R4'},{'R1'},{'R3'},{'D1'},{'D5'},{'D4'},{'D2'},&,1.0,&
{'D3'},{'R5'},{'R1'},{'D4'},{'D5'},{'D1'},{'D2'},{'R2'},{'R4'},{'R3'},&,1.0,&
{'D3'},{'R5'},{'R1'},{'R2'},{'R4'},{'R3'},{'D1'},{'D5'},{'D4'},{'D2'},&,1.0,&
{'D3'},{'R5'},{'R1'},{'R2'},{'R4'},{'R3'},{'D1'},{'D4'},{'D5'},{'D2'},&,1.0,&
{'D3'},{'R5'},{'R3'},{'R1'},{'R4'},{'R2'},{'D5'},{'D1'},{'D4'},{'D2'},&,1.0,&
{'D3'},{'R5'},{'R4'},{'R1'},{'R2'},{'R3'},{'D1'},{'D4'},{'D5'},{'D2'},&,1.0,&
{'D3'},{'D2'},{'D1'},{'D5'},{'D4'},{'R1'},{'R2'},{'R5'},{'R3'},{'R4'},&,1.0,&
{'D3'},{'D2'},{'D1'},{'D5'},{'D4'},{'R1'},{'R2'},{'R5'},{'R4'},{'R3'},&,1.0,&
{'D3'},{'D2'},{'D1'},{'D5'},{'D4'},{'R2'},{'R1'},{'R3'},{'R5'},{'R4'},&,1.0,&
{'D3'},{'D2'},{'D1'},{'D4'},{'D5'},{'R1'},{'R2'},{'R3'},{'R5'},{'R4'},&,1.0,&
{'D3'},{'D2'},{'D1'},{'D4'},{'D5'},{'R2'},{'R1'},{'R5'},{'R4'},{'R3'},&,1.0,&
{'D3'},{'D2'},{'D1'},{'D4'},{'D5'},{'R2'},{'R1'},{'R4'},{'R3'},{'R5'},&,1.0,&
{'D3'},{'D2'},{'D1'},{'D4'},{'D5'},{'R3'},{'R1'},{'R5'},{'R2'},{'R4'},&,1.0,&
{'D3'},{'D2'},{'D1'},{'R2'},{'D4'},{'D5'},{'R1'},{'R4'},{'R3'},{'R5'},&,1.0,&
{'D3'},{'D2'},{'D1'},{'R2'},{'D4'},{'D5'},{'R1'},{'R3'},{'R5'},{'R4'},&,1.0,&
{'D3'},{'D2'},{'D5'},{'D4'},{'D1'},{'R1'},{'R2'},{'R5'},{'R3'},{'R4'},&,1.0,&
{'D3'},{'D2'},{'D5'},{'D4'},{'D1'},{'R1'},{'R2'},{'R5'},{'R4'},{'R3'},&,2.0,&
{'D3'},{'D2'},{'D5'},{'D4'},{'D1'},{'R1'},{'R2'},{'R4'},{'R3'},{'R5'},&,1.0,&
{'D3'},{'D2'},{'D5'},{'D4'},{'D1'},{'R1'},{'R2'},{'R3'},{'R5'},{'R4'},&,3.0,&
{'D3'},{'D2'},{'D5'},{'D4'},{'D1'},{'R1'},{'R3'},{'R2'},{'R5'},{'R4'},&,2.0,&
{'D3'},{'D2'},{'D5'},{'D4'},{'D1'},{'R2'},{'R5'},{'R1'},{'R3'},{'R4'},&,5.0,&
{'D3'},{'D2'},{'D5'},{'D4'},{'D1'},{'R2'},{'R5'},{'R1'},{'R4'},{'R3'},&,2.0,&
{'D3'},{'D2'},{'D5'},{'D4'},{'D1'},{'R2'},{'R1'},{'R5'},{'R3'},{'R4'},&,7.0,&
{'D3'},{'D2'},{'D5'},{'D4'},{'D1'},{'R2'},{'R1'},{'R5'},{'R4'},{'R3'},&,6.0,&
{'D3'},{'D2'},{'D5'},{'D4'},{'D1'},{'R2'},{'R1'},{'R4'},{'R3'},{'R5'},&,1.0,&
{'D3'},{'D2'},{'D5'},{'D4'},{'D1'},{'R2'},{'R1'},{'R4'},{'R5'},{'R3'},&,1.0,&
{'D3'},{'D2'},{'D5'},{'D4'},{'D1'},{'R2'},{'R1'},{'R3'},{'R4'},{'R5'},&,1.0,&
{'D3'},{'D2'},{'D5'},{'D4'},{'D1'},{'R2'},{'R1'},{'R3'},{'R5'},{'R4'},&,2.0,&
{'D3'},{'D2'},{'D5'},{'D4'},{'D1'},{'R2'},{'R3'},{'R1'},{'R5'},{'R4'},&,1.0,&
{'D3'},{'D2'},{'D5'},{'D4'},{'D1'},{'R2'},{'R4'},{'R1'},{'R5'},{'R3'},&,1.0,&
{'D3'},{'D2'},{'D5'},{'D4'},{'D1'},{'R2'},{'R4'},{'R3'},{'R1'},{'R5'},&,1.0,&
{'D3'},{'D2'},{'D5'},{'D4'},{'D1'},{'R5'},{'R2'},{'R1'},{'R3'},{'R4'},&,2.0,&
{'D3'},{'D2'},{'D5'},{'D4'},{'D1'},{'R5'},{'R1'},{'R2'},{'R3'},{'R4'},&,1.0,&
{'D3'},{'D2'},{'D5'},{'D4'},{'D1'},{'R5'},{'R1'},{'R2'},{'R4'},{'R3'},&,1.0,&
{'D3'},{'D2'},{'D5'},{'D4'},{'D1'},{'R5'},{'R1'},{'R4'},{'R2'},{'R3'},&,1.0,&
{'D3'},{'D2'},{'D5'},{'D4'},{'D1'},{'R4'},{'R2'},{'R1'},{'R5'},{'R3'},&,1.0,&
{'D3'},{'D2'},{'D5'},{'D4'},{'D1'},{'R4'},{'R3'},{'R2'},{'R1'},{'R5'},&,1.0,&
{'D3'},{'D2'},{'D5'},{'D4'},{'D1'},{'R3'},{'R1'},{'R2'},{'R5'},{'R4'},&,1.0,&
{'D3'},{'D2'},{'D5'},{'D4'},{'R5'},{'D1'},{'R2'},{'R1'},{'R4'},{'R3'},&,1.0,&
{'D3'},{'D2'},{'D5'},{'D4'},{'R5'},{'R1'},{'R2'},{'D1'},{'R4'},{'R3'},&,1.0,&
{'D3'},{'D2'},{'D5'},{'D4'},{'R2'},{'D1'},{'R1'},{'R5'},{'R3'},{'R4'},&,4.0,&
{'D3'},{'D2'},{'D5'},{'D4'},{'R2'},{'D1'},{'R1'},{'R3'},{'R4'},{'R5'},&,1.0,&
{'D3'},{'D2'},{'D5'},{'D4'},{'R2'},{'D1'},{'R4'},{'R1'},{'R5'},{'R3'},&,1.0,&
{'D3'},{'D2'},{'D5'},{'D4'},{'R2'},{'R1'},{'D1'},{'R4'},{'R5'},{'R3'},&,1.0,&
{'D3'},{'D2'},{'D5'},{'D4'},{'R2'},{'R1'},{'D1'},{'R3'},{'R5'},{'R4'},&,1.0,&
{'D3'},{'D2'},{'D5'},{'D4'},{'R3'},{'D1'},{'R2'},{'R1'},{'R5'},{'R4'},&,1.0,&
{'D3'},{'D2'},{'D5'},{'D1'},{'R1'},{'D4'},{'R2'},{'R5'},{'R3'},{'R4'},&,1.0,&
{'D3'},{'D2'},{'D5'},{'D1'},{'D4'},{'R1'},{'R2'},{'R3'},{'R5'},{'R4'},&,2.0,&
{'D3'},{'D2'},{'D5'},{'D1'},{'D4'},{'R1'},{'R5'},{'R2'},{'R3'},{'R4'},&,1.0,&
{'D3'},{'D2'},{'D5'},{'D1'},{'D4'},{'R2'},{'R1'},{'R5'},{'R3'},{'R4'},&,3.0,&
{'D3'},{'D2'},{'D5'},{'D1'},{'D4'},{'R2'},{'R1'},{'R5'},{'R4'},{'R3'},&,2.0,&
{'D3'},{'D2'},{'D5'},{'D1'},{'D4'},{'R2'},{'R1'},{'R4'},{'R3'},{'R5'},&,2.0,&
{'D3'},{'D2'},{'D5'},{'D1'},{'D4'},{'R2'},{'R3'},{'R1'},{'R5'},{'R4'},&,1.0,&
{'D3'},{'D2'},{'D5'},{'D1'},{'D4'},{'R3'},{'R5'},{'R2'},{'R1'},{'R4'},&,1.0,&
{'D3'},{'D2'},{'D5'},{'D1'},{'R2'},{'D4'},{'R5'},{'R1'},{'R3'},{'R4'},&,1.0,&
{'D3'},{'D2'},{'D5'},{'D1'},{'R2'},{'D4'},{'R1'},{'R5'},{'R3'},{'R4'},&,1.0,&
{'D3'},{'D2'},{'D5'},{'R2'},{'D1'},{'D4'},{'R5'},{'R1'},{'R4'},{'R3'},&,1.0,&
{'D3'},{'D2'},{'D5'},{'R2'},{'R1'},{'D1'},{'D4'},{'R5'},{'R4'},{'R3'},&,1.0,&
{'D3'},{'D2'},{'D5'},{'R2'},{'R1'},{'D4'},{'D1'},{'R5'},{'R4'},{'R3'},&,1.0,&
{'D3'},{'D2'},{'D5'},{'R1'},{'D4'},{'D1'},{'R2'},{'R5'},{'R4'},{'R3'},&,1.0,&
{'D3'},{'D2'},{'D5'},{'R1'},{'D4'},{'D1'},{'R2'},{'R4'},{'R5'},{'R3'},&,1.0,&
{'D3'},{'D2'},{'D5'},{'R1'},{'D4'},{'D1'},{'R2'},{'R3'},{'R4'},{'R5'},&,2.0,&
{'D3'},{'D2'},{'D5'},{'R1'},{'D4'},{'R2'},{'D1'},{'R5'},{'R4'},{'R3'},&,1.0,&
{'D3'},{'D2'},{'D4'},{'D5'},{'D1'},{'R1'},{'R2'},{'R5'},{'R3'},{'R4'},&,9.0,&
{'D3'},{'D2'},{'D4'},{'D5'},{'D1'},{'R1'},{'R2'},{'R5'},{'R4'},{'R3'},&,5.0,&
{'D3'},{'D2'},{'D4'},{'D5'},{'D1'},{'R1'},{'R2'},{'R4'},{'R3'},{'R5'},&,1.0,&
{'D3'},{'D2'},{'D4'},{'D5'},{'D1'},{'R1'},{'R2'},{'R3'},{'R5'},{'R4'},&,2.0,&
{'D3'},{'D2'},{'D4'},{'D5'},{'D1'},{'R1'},{'R5'},{'R2'},{'R3'},{'R4'},&,1.0,&
{'D3'},{'D2'},{'D4'},{'D5'},{'D1'},{'R2'},{'R5'},{'R1'},{'R3'},{'R4'},&,2.0,&
{'D3'},{'D2'},{'D4'},{'D5'},{'D1'},{'R2'},{'R5'},{'R1'},{'R4'},{'R3'},&,1.0,&
{'D3'},{'D2'},{'D4'},{'D5'},{'D1'},{'R2'},{'R5'},{'R3'},{'R1'},{'R4'},&,1.0,&
{'D3'},{'D2'},{'D4'},{'D5'},{'D1'},{'R2'},{'R1'},{'R5'},{'R3'},{'R4'},&,5.0,&
{'D3'},{'D2'},{'D4'},{'D5'},{'D1'},{'R2'},{'R1'},{'R5'},{'R4'},{'R3'},&,1.0,&
{'D3'},{'D2'},{'D4'},{'D5'},{'D1'},{'R2'},{'R1'},{'R4'},{'R3'},{'R5'},&,2.0,&
{'D3'},{'D2'},{'D4'},{'D5'},{'D1'},{'R2'},{'R1'},{'R3'},{'R5'},{'R4'},&,7.0,&
{'D3'},{'D2'},{'D4'},{'D5'},{'D1'},{'R2'},{'R3'},{'R1'},{'R4'},{'R5'},&,1.0,&
{'D3'},{'D2'},{'D4'},{'D5'},{'D1'},{'R2'},{'R3'},{'R1'},{'R5'},{'R4'},&,1.0,&
{'D3'},{'D2'},{'D4'},{'D5'},{'D1'},{'R2'},{'R4'},{'R1'},{'R3'},{'R5'},&,2.0,&
{'D3'},{'D2'},{'D4'},{'D5'},{'D1'},{'R5'},{'R2'},{'R1'},{'R3'},{'R4'},&,3.0,&
{'D3'},{'D2'},{'D4'},{'D5'},{'D1'},{'R5'},{'R1'},{'R2'},{'R4'},{'R3'},&,1.0,&
{'D3'},{'D2'},{'D4'},{'D5'},{'D1'},{'R3'},{'R2'},{'R1'},{'R5'},{'R4'},&,1.0,&
{'D3'},{'D2'},{'D4'},{'D5'},{'R1'},{'D1'},{'R2'},{'R5'},{'R3'},{'R4'},&,1.0,&
{'D3'},{'D2'},{'D4'},{'D5'},{'R1'},{'D1'},{'R2'},{'R5'},{'R4'},{'R3'},&,1.0,&
{'D3'},{'D2'},{'D4'},{'D5'},{'R1'},{'D1'},{'R2'},{'R4'},{'R3'},{'R5'},&,1.0,&
{'D3'},{'D2'},{'D4'},{'D5'},{'R1'},{'D1'},{'R2'},{'R4'},{'R5'},{'R3'},&,1.0,&
{'D3'},{'D2'},{'D4'},{'D5'},{'R1'},{'D1'},{'R5'},{'R2'},{'R3'},{'R4'},&,1.0,&
{'D3'},{'D2'},{'D4'},{'D5'},{'R2'},{'D1'},{'R1'},{'R5'},{'R3'},{'R4'},&,1.0,&
{'D3'},{'D2'},{'D4'},{'D5'},{'R2'},{'D1'},{'R1'},{'R5'},{'R4'},{'R3'},&,1.0,&
{'D3'},{'D2'},{'D4'},{'D5'},{'R2'},{'D1'},{'R3'},{'R5'},{'R1'},{'R4'},&,1.0,&
{'D3'},{'D2'},{'D4'},{'D5'},{'R2'},{'D1'},{'R4'},{'R1'},{'R5'},{'R3'},&,1.0,&
{'D3'},{'D2'},{'D4'},{'D5'},{'R2'},{'R1'},{'D1'},{'R4'},{'R3'},{'R5'},&,1.0,&
{'D3'},{'D2'},{'D4'},{'D1'},{'D5'},{'R1'},{'R2'},{'R5'},{'R3'},{'R4'},&,1.0,&
{'D3'},{'D2'},{'D4'},{'D1'},{'D5'},{'R2'},{'R5'},{'R1'},{'R3'},{'R4'},&,1.0,&
{'D3'},{'D2'},{'D4'},{'D1'},{'D5'},{'R2'},{'R1'},{'R5'},{'R4'},{'R3'},&,1.0,&
{'D3'},{'D2'},{'D4'},{'D1'},{'D5'},{'R2'},{'R1'},{'R3'},{'R5'},{'R4'},&,1.0,&
{'D3'},{'D2'},{'D4'},{'D1'},{'R2'},{'R1'},{'D5'},{'R3'},{'R5'},{'R4'},&,1.0,&
{'D3'},{'D2'},{'D4'},{'R2'},{'D5'},{'D1'},{'R5'},{'R1'},{'R3'},{'R4'},&,1.0,&
{'D3'},{'D2'},{'D4'},{'R2'},{'D5'},{'D1'},{'R1'},{'R5'},{'R3'},{'R4'},&,1.0,&
{'D3'},{'D2'},{'D4'},{'R2'},{'D5'},{'R1'},{'R5'},{'D1'},{'R3'},{'R4'},&,1.0,&
{'D3'},{'D2'},{'D4'},{'R2'},{'D5'},{'R5'},{'R1'},{'D1'},{'R3'},{'R4'},&,1.0,&
{'D3'},{'D2'},{'D4'},{'R1'},{'D5'},{'D1'},{'R2'},{'R5'},{'R3'},{'R4'},&,1.0,&
{'D3'},{'D2'},{'D4'},{'R1'},{'D5'},{'D1'},{'R2'},{'R4'},{'R5'},{'R3'},&,1.0,&
{'D3'},{'D2'},{'D4'},{'R1'},{'D5'},{'D1'},{'R3'},{'R5'},{'R2'},{'R4'},&,1.0,&
{'D3'},{'D2'},{'D4'},{'R1'},{'D5'},{'D1'},{'R3'},{'R2'},{'R5'},{'R4'},&,1.0,&
{'D3'},{'D2'},{'R2'},{'D5'},{'D1'},{'D4'},{'R1'},{'R5'},{'R3'},{'R4'},&,2.0,&
{'D3'},{'D2'},{'R2'},{'D5'},{'D1'},{'D4'},{'R1'},{'R4'},{'R5'},{'R3'},&,1.0,&
{'D3'},{'D2'},{'R2'},{'D5'},{'D4'},{'D1'},{'R1'},{'R5'},{'R3'},{'R4'},&,1.0,&
{'D3'},{'D2'},{'R2'},{'D5'},{'D4'},{'D1'},{'R1'},{'R3'},{'R5'},{'R4'},&,2.0,&
{'D3'},{'D2'},{'R2'},{'D5'},{'R3'},{'R1'},{'D1'},{'R5'},{'D4'},{'R4'},&,1.0,&
{'D3'},{'D2'},{'R2'},{'D5'},{'R3'},{'R1'},{'D4'},{'D1'},{'R5'},{'R4'},&,1.0,&
{'D3'},{'D2'},{'R2'},{'D4'},{'R1'},{'D1'},{'D5'},{'R4'},{'R5'},{'R3'},&,1.0,&
{'D3'},{'D2'},{'R2'},{'D4'},{'D5'},{'D1'},{'R1'},{'R5'},{'R3'},{'R4'},&,1.0,&
{'D3'},{'D2'},{'R2'},{'D4'},{'D5'},{'D1'},{'R1'},{'R5'},{'R4'},{'R3'},&,2.0,&
{'D3'},{'D2'},{'R2'},{'D4'},{'D5'},{'D1'},{'R3'},{'R1'},{'R5'},{'R4'},&,1.0,&
{'D3'},{'D2'},{'R2'},{'D1'},{'D4'},{'D5'},{'R1'},{'R5'},{'R3'},{'R4'},&,1.0,&
{'D3'},{'D2'},{'R2'},{'R5'},{'D4'},{'D1'},{'D5'},{'R1'},{'R3'},{'R4'},&,1.0,&
{'D3'},{'D2'},{'R2'},{'R1'},{'D4'},{'D5'},{'D1'},{'R5'},{'R3'},{'R4'},&,1.0,&
{'D3'},{'D2'},{'R2'},{'R1'},{'D5'},{'D4'},{'D1'},{'R5'},{'R4'},{'R3'},&,1.0,&
{'D3'},{'D2'},{'R2'},{'R1'},{'R4'},{'R5'},{'R3'},{'D1'},{'D4'},{'D5'},&,1.0,&
{'D3'},{'D2'},{'R1'},{'D5'},{'D4'},{'D1'},{'R2'},{'R5'},{'R3'},{'R4'},&,1.0,&
{'D3'},{'D2'},{'R1'},{'D5'},{'D4'},{'D1'},{'R2'},{'R3'},{'R5'},{'R4'},&,1.0,&
{'D3'},{'D2'},{'R1'},{'D5'},{'R5'},{'D4'},{'D1'},{'R2'},{'R4'},{'R3'},&,1.0,&
{'D3'},{'D2'},{'R1'},{'D5'},{'R4'},{'D4'},{'R2'},{'D1'},{'R5'},{'R3'},&,1.0,&
{'D3'},{'D2'},{'R1'},{'D4'},{'D1'},{'D5'},{'R2'},{'R5'},{'R3'},{'R4'},&,1.0,&
{'D3'},{'D2'},{'R1'},{'D4'},{'D5'},{'D1'},{'R2'},{'R5'},{'R3'},{'R4'},&,1.0,&
{'D3'},{'D2'},{'R1'},{'D4'},{'D5'},{'D1'},{'R5'},{'R2'},{'R3'},{'R4'},&,1.0,&
{'D3'},{'D2'},{'R1'},{'D1'},{'D4'},{'D5'},{'R2'},{'R5'},{'R3'},{'R4'},&,1.0,&
{'D3'},{'D2'},{'R1'},{'R2'},{'D4'},{'R3'},{'D5'},{'D1'},{'R4'},{'R5'},&,1.0,&
{'D3'},{'D2'},{'R1'},{'R2'},{'D5'},{'R3'},{'R5'},{'D4'},{'D1'},{'R4'},&,1.0,&
{'D3'},{'D2'},{'R1'},{'R2'},{'D5'},{'D4'},{'R5'},{'D1'},{'R3'},{'R4'},&,1.0,&
{'D3'},{'D2'},{'R1'},{'R2'},{'D5'},{'D4'},{'D1'},{'R5'},{'R4'},{'R3'},&,1.0,&
{'D3'},{'D2'},{'R5'},{'D5'},{'D1'},{'D4'},{'R1'},{'R2'},{'R3'},{'R4'},&,1.0,&
{'D3'},{'D2'},{'R5'},{'D1'},{'D5'},{'R3'},{'D4'},{'R2'},{'R1'},{'R4'},&,1.0,&
{'D3'},{'D2'},{'R5'},{'R2'},{'R1'},{'D4'},{'R3'},{'D5'},{'D1'},{'R4'},&,1.0,&
{'D3'},{'D2'},{'R5'},{'R4'},{'D4'},{'D5'},{'D1'},{'R2'},{'R1'},{'R3'},&,1.0,&
{'D3'},{'D5'},{'D1'},{'D4'},{'D2'},{'R1'},{'R2'},{'R5'},{'R3'},{'R4'},&,5.0,&
{'D3'},{'D5'},{'D1'},{'D4'},{'D2'},{'R1'},{'R2'},{'R5'},{'R4'},{'R3'},&,5.0,&
{'D3'},{'D5'},{'D1'},{'D4'},{'D2'},{'R1'},{'R2'},{'R4'},{'R5'},{'R3'},&,1.0,&
{'D3'},{'D5'},{'D1'},{'D4'},{'D2'},{'R1'},{'R2'},{'R3'},{'R5'},{'R4'},&,3.0,&
{'D3'},{'D5'},{'D1'},{'D4'},{'D2'},{'R1'},{'R3'},{'R2'},{'R5'},{'R4'},&,2.0,&
{'D3'},{'D5'},{'D1'},{'D4'},{'D2'},{'R2'},{'R5'},{'R1'},{'R3'},{'R4'},&,5.0,&
{'D3'},{'D5'},{'D1'},{'D4'},{'D2'},{'R2'},{'R5'},{'R1'},{'R4'},{'R3'},&,2.0,&
{'D3'},{'D5'},{'D1'},{'D4'},{'D2'},{'R2'},{'R1'},{'R5'},{'R3'},{'R4'},&,6.0,&
{'D3'},{'D5'},{'D1'},{'D4'},{'D2'},{'R2'},{'R1'},{'R5'},{'R4'},{'R3'},&,5.0,&
{'D3'},{'D5'},{'D1'},{'D4'},{'D2'},{'R2'},{'R1'},{'R4'},{'R3'},{'R5'},&,1.0,&
{'D3'},{'D5'},{'D1'},{'D4'},{'D2'},{'R2'},{'R1'},{'R4'},{'R5'},{'R3'},&,1.0,&
{'D3'},{'D5'},{'D1'},{'D4'},{'D2'},{'R2'},{'R1'},{'R3'},{'R4'},{'R5'},&,1.0,&
{'D3'},{'D5'},{'D1'},{'D4'},{'D2'},{'R2'},{'R1'},{'R3'},{'R5'},{'R4'},&,3.0,&
{'D3'},{'D5'},{'D1'},{'D4'},{'D2'},{'R5'},{'R2'},{'R3'},{'R1'},{'R4'},&,1.0,&
{'D3'},{'D5'},{'D1'},{'D4'},{'D2'},{'R5'},{'R1'},{'R2'},{'R4'},{'R3'},&,1.0,&
{'D3'},{'D5'},{'D1'},{'D4'},{'D2'},{'R4'},{'R2'},{'R1'},{'R5'},{'R3'},&,1.0,&
{'D3'},{'D5'},{'D1'},{'D4'},{'R1'},{'R2'},{'D2'},{'R5'},{'R3'},{'R4'},&,1.0,&
{'D3'},{'D5'},{'D1'},{'D4'},{'R1'},{'D2'},{'R3'},{'R2'},{'R5'},{'R4'},&,1.0,&
{'D3'},{'D5'},{'D1'},{'D2'},{'D4'},{'R1'},{'R2'},{'R5'},{'R3'},{'R4'},&,1.0,&
{'D3'},{'D5'},{'D1'},{'D2'},{'D4'},{'R1'},{'R2'},{'R3'},{'R5'},{'R4'},&,2.0,&
{'D3'},{'D5'},{'D1'},{'D2'},{'D4'},{'R1'},{'R5'},{'R2'},{'R3'},{'R4'},&,1.0,&
{'D3'},{'D5'},{'D1'},{'D2'},{'D4'},{'R2'},{'R5'},{'R1'},{'R3'},{'R4'},&,1.0,&
{'D3'},{'D5'},{'D1'},{'D2'},{'D4'},{'R2'},{'R5'},{'R1'},{'R4'},{'R3'},&,1.0,&
{'D3'},{'D5'},{'D1'},{'D2'},{'D4'},{'R2'},{'R1'},{'R5'},{'R3'},{'R4'},&,2.0,&
{'D3'},{'D5'},{'D1'},{'D2'},{'D4'},{'R2'},{'R1'},{'R5'},{'R4'},{'R3'},&,2.0,&
{'D3'},{'D5'},{'D1'},{'D2'},{'D4'},{'R2'},{'R1'},{'R3'},{'R5'},{'R4'},&,1.0,&
{'D3'},{'D5'},{'D1'},{'D2'},{'D4'},{'R2'},{'R3'},{'R1'},{'R5'},{'R4'},&,1.0,&
{'D3'},{'D5'},{'D1'},{'D2'},{'D4'},{'R3'},{'R5'},{'R2'},{'R1'},{'R4'},&,1.0,&
{'D3'},{'D5'},{'D1'},{'D2'},{'R2'},{'D4'},{'R1'},{'R3'},{'R5'},{'R4'},&,1.0,&
{'D3'},{'D5'},{'D1'},{'R2'},{'R1'},{'R4'},{'R5'},{'R3'},{'D2'},{'D4'},&,1.0,&
{'D3'},{'D5'},{'D1'},{'R2'},{'R1'},{'D4'},{'D2'},{'R5'},{'R3'},{'R4'},&,1.0,&
{'D3'},{'D5'},{'D1'},{'R2'},{'D4'},{'D2'},{'R1'},{'R3'},{'R5'},{'R4'},&,2.0,&
{'D3'},{'D5'},{'D1'},{'R2'},{'D4'},{'D2'},{'R3'},{'R1'},{'R4'},{'R5'},&,1.0,&
{'D3'},{'D5'},{'D1'},{'R5'},{'D4'},{'D2'},{'R1'},{'R2'},{'R3'},{'R4'},&,1.0,&
{'D3'},{'D5'},{'D1'},{'R1'},{'D2'},{'D4'},{'R2'},{'R5'},{'R3'},{'R4'},&,1.0,&
{'D3'},{'D5'},{'D1'},{'R1'},{'D4'},{'R2'},{'D2'},{'R3'},{'R5'},{'R4'},&,1.0,&
{'D3'},{'D5'},{'D1'},{'R1'},{'D4'},{'D2'},{'R2'},{'R5'},{'R3'},{'R4'},&,3.0,&
{'D3'},{'D5'},{'D1'},{'R1'},{'D4'},{'D2'},{'R2'},{'R5'},{'R4'},{'R3'},&,1.0,&
{'D3'},{'D5'},{'D1'},{'R1'},{'D4'},{'D2'},{'R2'},{'R4'},{'R5'},{'R3'},&,1.0,&
{'D3'},{'D5'},{'D1'},{'R1'},{'D4'},{'D2'},{'R5'},{'R2'},{'R3'},{'R4'},&,1.0,&
{'D3'},{'D5'},{'D1'},{'R1'},{'R2'},{'D4'},{'D2'},{'R5'},{'R3'},{'R4'},&,1.0,&
{'D3'},{'D5'},{'D2'},{'D4'},{'D1'},{'R1'},{'R2'},{'R5'},{'R3'},{'R4'},&,9.0,&
{'D3'},{'D5'},{'D2'},{'D4'},{'D1'},{'R1'},{'R2'},{'R5'},{'R4'},{'R3'},&,6.0,&
{'D3'},{'D5'},{'D2'},{'D4'},{'D1'},{'R1'},{'R2'},{'R4'},{'R3'},{'R5'},&,1.0,&
{'D3'},{'D5'},{'D2'},{'D4'},{'D1'},{'R1'},{'R2'},{'R4'},{'R5'},{'R3'},&,1.0,&
{'D3'},{'D5'},{'D2'},{'D4'},{'D1'},{'R1'},{'R2'},{'R3'},{'R4'},{'R5'},&,1.0,&
{'D3'},{'D5'},{'D2'},{'D4'},{'D1'},{'R1'},{'R2'},{'R3'},{'R5'},{'R4'},&,5.0,&
{'D3'},{'D5'},{'D2'},{'D4'},{'D1'},{'R1'},{'R5'},{'R2'},{'R4'},{'R3'},&,1.0,&
{'D3'},{'D5'},{'D2'},{'D4'},{'D1'},{'R1'},{'R5'},{'R4'},{'R2'},{'R3'},&,1.0,&
{'D3'},{'D5'},{'D2'},{'D4'},{'D1'},{'R2'},{'R5'},{'R1'},{'R3'},{'R4'},&,3.0,&
{'D3'},{'D5'},{'D2'},{'D4'},{'D1'},{'R2'},{'R1'},{'R5'},{'R3'},{'R4'},&,15.0,&
{'D3'},{'D5'},{'D2'},{'D4'},{'D1'},{'R2'},{'R1'},{'R5'},{'R4'},{'R3'},&,5.0,&
{'D3'},{'D5'},{'D2'},{'D4'},{'D1'},{'R2'},{'R1'},{'R4'},{'R3'},{'R5'},&,1.0,&
{'D3'},{'D5'},{'D2'},{'D4'},{'D1'},{'R2'},{'R1'},{'R4'},{'R5'},{'R3'},&,2.0,&
{'D3'},{'D5'},{'D2'},{'D4'},{'D1'},{'R2'},{'R1'},{'R3'},{'R4'},{'R5'},&,1.0,&
{'D3'},{'D5'},{'D2'},{'D4'},{'D1'},{'R2'},{'R1'},{'R3'},{'R5'},{'R4'},&,4.0,&
{'D3'},{'D5'},{'D2'},{'D4'},{'D1'},{'R2'},{'R3'},{'R1'},{'R4'},{'R5'},&,1.0,&
{'D3'},{'D5'},{'D2'},{'D4'},{'D1'},{'R2'},{'R3'},{'R1'},{'R5'},{'R4'},&,2.0,&
{'D3'},{'D5'},{'D2'},{'D4'},{'D1'},{'R2'},{'R4'},{'R1'},{'R5'},{'R3'},&,1.0,&
{'D3'},{'D5'},{'D2'},{'D4'},{'D1'},{'R5'},{'R2'},{'R1'},{'R3'},{'R4'},&,3.0,&
{'D3'},{'D5'},{'D2'},{'D4'},{'D1'},{'R5'},{'R2'},{'R1'},{'R4'},{'R3'},&,1.0,&
{'D3'},{'D5'},{'D2'},{'D4'},{'D1'},{'R5'},{'R1'},{'R2'},{'R3'},{'R4'},&,1.0,&
{'D3'},{'D5'},{'D2'},{'D4'},{'D1'},{'R5'},{'R1'},{'R2'},{'R4'},{'R3'},&,1.0,&
{'D3'},{'D5'},{'D2'},{'D4'},{'R1'},{'D1'},{'R2'},{'R3'},{'R4'},{'R5'},&,1.0,&
{'D3'},{'D5'},{'D2'},{'D4'},{'R1'},{'D1'},{'R2'},{'R3'},{'R5'},{'R4'},&,2.0,&
{'D3'},{'D5'},{'D2'},{'D4'},{'R5'},{'D1'},{'R1'},{'R2'},{'R3'},{'R4'},&,1.0,&
{'D3'},{'D5'},{'D2'},{'D4'},{'R2'},{'D1'},{'R5'},{'R1'},{'R3'},{'R4'},&,1.0,&
{'D3'},{'D5'},{'D2'},{'D4'},{'R2'},{'D1'},{'R1'},{'R5'},{'R3'},{'R4'},&,1.0,&
{'D3'},{'D5'},{'D2'},{'D4'},{'R2'},{'D1'},{'R1'},{'R5'},{'R4'},{'R3'},&,2.0,&
{'D3'},{'D5'},{'D2'},{'D4'},{'R2'},{'D1'},{'R1'},{'R3'},{'R5'},{'R4'},&,2.0,&
{'D3'},{'D5'},{'D2'},{'D4'},{'R2'},{'D1'},{'R3'},{'R1'},{'R5'},{'R4'},&,1.0,&
{'D3'},{'D5'},{'D2'},{'D4'},{'R3'},{'D1'},{'R2'},{'R1'},{'R5'},{'R4'},&,1.0,&
{'D3'},{'D5'},{'D2'},{'D4'},{'R4'},{'D1'},{'R2'},{'R5'},{'R1'},{'R3'},&,1.0,&
{'D3'},{'D5'},{'D2'},{'D1'},{'D4'},{'R1'},{'R2'},{'R5'},{'R3'},{'R4'},&,2.0,&
{'D3'},{'D5'},{'D2'},{'D1'},{'D4'},{'R1'},{'R2'},{'R3'},{'R4'},{'R5'},&,1.0,&
{'D3'},{'D5'},{'D2'},{'D1'},{'D4'},{'R1'},{'R5'},{'R2'},{'R3'},{'R4'},&,1.0,&
{'D3'},{'D5'},{'D2'},{'D1'},{'D4'},{'R1'},{'R5'},{'R2'},{'R4'},{'R3'},&,1.0,&
{'D3'},{'D5'},{'D2'},{'D1'},{'D4'},{'R2'},{'R1'},{'R5'},{'R4'},{'R3'},&,3.0,&
{'D3'},{'D5'},{'D2'},{'D1'},{'D4'},{'R2'},{'R3'},{'R1'},{'R5'},{'R4'},&,1.0,&
{'D3'},{'D5'},{'D2'},{'D1'},{'D4'},{'R5'},{'R2'},{'R1'},{'R3'},{'R4'},&,1.0,&
{'D3'},{'D5'},{'D2'},{'D1'},{'D4'},{'R4'},{'R5'},{'R1'},{'R2'},{'R3'},&,1.0,&
{'D3'},{'D5'},{'D2'},{'D1'},{'R2'},{'D4'},{'R1'},{'R5'},{'R3'},{'R4'},&,1.0,&
{'D3'},{'D5'},{'D2'},{'D1'},{'R2'},{'D4'},{'R1'},{'R4'},{'R3'},{'R5'},&,1.0,&
{'D3'},{'D5'},{'D2'},{'R2'},{'R1'},{'D4'},{'D1'},{'R5'},{'R3'},{'R4'},&,1.0,&
{'D3'},{'D5'},{'D2'},{'R2'},{'D4'},{'D1'},{'R1'},{'R4'},{'R3'},{'R5'},&,1.0,&
{'D3'},{'D5'},{'D2'},{'R2'},{'D4'},{'D1'},{'R1'},{'R3'},{'R5'},{'R4'},&,1.0,&
{'D3'},{'D5'},{'D2'},{'R2'},{'D4'},{'D1'},{'R3'},{'R1'},{'R5'},{'R4'},&,1.0,&
{'D3'},{'D5'},{'D2'},{'R2'},{'D4'},{'R1'},{'D1'},{'R3'},{'R5'},{'R4'},&,1.0,&
{'D3'},{'D5'},{'D2'},{'R1'},{'D1'},{'R2'},{'D4'},{'R5'},{'R3'},{'R4'},&,1.0,&
{'D3'},{'D5'},{'D2'},{'R1'},{'D4'},{'D1'},{'R2'},{'R5'},{'R4'},{'R3'},&,1.0,&
{'D3'},{'D5'},{'D2'},{'R1'},{'D4'},{'D1'},{'R2'},{'R4'},{'R5'},{'R3'},&,1.0,&
{'D3'},{'D5'},{'D2'},{'R1'},{'D4'},{'D1'},{'R5'},{'R2'},{'R3'},{'R4'},&,1.0,&
{'D3'},{'D5'},{'D2'},{'R1'},{'R2'},{'D4'},{'R3'},{'R5'},{'D1'},{'R4'},&,1.0,&
{'D3'},{'D5'},{'D4'},{'D2'},{'D1'},{'R1'},{'R2'},{'R5'},{'R3'},{'R4'},&,11.0,&
{'D3'},{'D5'},{'D4'},{'D2'},{'D1'},{'R1'},{'R2'},{'R5'},{'R4'},{'R3'},&,5.0,&
{'D3'},{'D5'},{'D4'},{'D2'},{'D1'},{'R1'},{'R2'},{'R4'},{'R5'},{'R3'},&,7.0,&
{'D3'},{'D5'},{'D4'},{'D2'},{'D1'},{'R1'},{'R2'},{'R3'},{'R4'},{'R5'},&,2.0,&
{'D3'},{'D5'},{'D4'},{'D2'},{'D1'},{'R1'},{'R2'},{'R3'},{'R5'},{'R4'},&,11.0,&
{'D3'},{'D5'},{'D4'},{'D2'},{'D1'},{'R1'},{'R5'},{'R2'},{'R3'},{'R4'},&,4.0,&
{'D3'},{'D5'},{'D4'},{'D2'},{'D1'},{'R1'},{'R5'},{'R2'},{'R4'},{'R3'},&,1.0,&
{'D3'},{'D5'},{'D4'},{'D2'},{'D1'},{'R1'},{'R5'},{'R4'},{'R2'},{'R3'},&,1.0,&
{'D3'},{'D5'},{'D4'},{'D2'},{'D1'},{'R2'},{'R5'},{'R1'},{'R3'},{'R4'},&,9.0,&
{'D3'},{'D5'},{'D4'},{'D2'},{'D1'},{'R2'},{'R5'},{'R1'},{'R4'},{'R3'},&,4.0,&
{'D3'},{'D5'},{'D4'},{'D2'},{'D1'},{'R2'},{'R5'},{'R4'},{'R1'},{'R3'},&,1.0,&
{'D3'},{'D5'},{'D4'},{'D2'},{'D1'},{'R2'},{'R5'},{'R3'},{'R1'},{'R4'},&,1.0,&
{'D3'},{'D5'},{'D4'},{'D2'},{'D1'},{'R2'},{'R1'},{'R5'},{'R3'},{'R4'},&,32.0,&
{'D3'},{'D5'},{'D4'},{'D2'},{'D1'},{'R2'},{'R1'},{'R5'},{'R4'},{'R3'},&,15.0,&
{'D3'},{'D5'},{'D4'},{'D2'},{'D1'},{'R2'},{'R1'},{'R4'},{'R3'},{'R5'},&,1.0,&
{'D3'},{'D5'},{'D4'},{'D2'},{'D1'},{'R2'},{'R1'},{'R4'},{'R5'},{'R3'},&,5.0,&
{'D3'},{'D5'},{'D4'},{'D2'},{'D1'},{'R2'},{'R1'},{'R3'},{'R4'},{'R5'},&,3.0,&
{'D3'},{'D5'},{'D4'},{'D2'},{'D1'},{'R2'},{'R1'},{'R3'},{'R5'},{'R4'},&,10.0,&
{'D3'},{'D5'},{'D4'},{'D2'},{'D1'},{'R2'},{'R3'},{'R1'},{'R5'},{'R4'},&,7.0,&
{'D3'},{'D5'},{'D4'},{'D2'},{'D1'},{'R2'},{'R3'},{'R5'},{'R1'},{'R4'},&,4.0,&
{'D3'},{'D5'},{'D4'},{'D2'},{'D1'},{'R2'},{'R4'},{'R1'},{'R3'},{'R5'},&,1.0,&
{'D3'},{'D5'},{'D4'},{'D2'},{'D1'},{'R2'},{'R4'},{'R1'},{'R5'},{'R3'},&,1.0,&
{'D3'},{'D5'},{'D4'},{'D2'},{'D1'},{'R2'},{'R4'},{'R3'},{'R1'},{'R5'},&,1.0,&
{'D3'},{'D5'},{'D4'},{'D2'},{'D1'},{'R5'},{'R2'},{'R1'},{'R3'},{'R4'},&,3.0,&
{'D3'},{'D5'},{'D4'},{'D2'},{'D1'},{'R5'},{'R2'},{'R1'},{'R4'},{'R3'},&,4.0,&
{'D3'},{'D5'},{'D4'},{'D2'},{'D1'},{'R5'},{'R2'},{'R4'},{'R1'},{'R3'},&,1.0,&
{'D3'},{'D5'},{'D4'},{'D2'},{'D1'},{'R5'},{'R2'},{'R3'},{'R1'},{'R4'},&,1.0,&
{'D3'},{'D5'},{'D4'},{'D2'},{'D1'},{'R5'},{'R1'},{'R2'},{'R4'},{'R3'},&,1.0,&
{'D3'},{'D5'},{'D4'},{'D2'},{'D1'},{'R4'},{'R2'},{'R1'},{'R5'},{'R3'},&,1.0,&
{'D3'},{'D5'},{'D4'},{'D2'},{'D1'},{'R4'},{'R1'},{'R2'},{'R5'},{'R3'},&,1.0,&
{'D3'},{'D5'},{'D4'},{'D2'},{'D1'},{'R3'},{'R2'},{'R1'},{'R4'},{'R5'},&,1.0,&
{'D3'},{'D5'},{'D4'},{'D2'},{'D1'},{'R3'},{'R2'},{'R1'},{'R5'},{'R4'},&,3.0,&
{'D3'},{'D5'},{'D4'},{'D2'},{'D1'},{'R3'},{'R5'},{'R2'},{'R1'},{'R4'},&,1.0,&
{'D3'},{'D5'},{'D4'},{'D2'},{'D1'},{'R3'},{'R1'},{'R2'},{'R5'},{'R4'},&,1.0,&
{'D3'},{'D5'},{'D4'},{'D2'},{'R1'},{'D1'},{'R2'},{'R5'},{'R3'},{'R4'},&,2.0,&
{'D3'},{'D5'},{'D4'},{'D2'},{'R1'},{'D1'},{'R2'},{'R5'},{'R4'},{'R3'},&,1.0,&
{'D3'},{'D5'},{'D4'},{'D2'},{'R1'},{'D1'},{'R2'},{'R4'},{'R3'},{'R5'},&,2.0,&
{'D3'},{'D5'},{'D4'},{'D2'},{'R1'},{'D1'},{'R2'},{'R3'},{'R5'},{'R4'},&,1.0,&
{'D3'},{'D5'},{'D4'},{'D2'},{'R1'},{'D1'},{'R4'},{'R2'},{'R3'},{'R5'},&,1.0,&
{'D3'},{'D5'},{'D4'},{'D2'},{'R1'},{'R2'},{'D1'},{'R5'},{'R3'},{'R4'},&,1.0,&
{'D3'},{'D5'},{'D4'},{'D2'},{'R5'},{'D1'},{'R2'},{'R1'},{'R3'},{'R4'},&,1.0,&
{'D3'},{'D5'},{'D4'},{'D2'},{'R2'},{'D1'},{'R5'},{'R3'},{'R1'},{'R4'},&,1.0,&
{'D3'},{'D5'},{'D4'},{'D2'},{'R2'},{'D1'},{'R1'},{'R5'},{'R3'},{'R4'},&,2.0,&
{'D3'},{'D5'},{'D4'},{'D2'},{'R2'},{'D1'},{'R1'},{'R5'},{'R4'},{'R3'},&,2.0,&
{'D3'},{'D5'},{'D4'},{'D2'},{'R2'},{'D1'},{'R1'},{'R4'},{'R3'},{'R5'},&,1.0,&
{'D3'},{'D5'},{'D4'},{'D2'},{'R2'},{'D1'},{'R3'},{'R1'},{'R5'},{'R4'},&,1.0,&
{'D3'},{'D5'},{'D4'},{'D2'},{'R2'},{'R1'},{'R5'},{'D1'},{'R3'},{'R4'},&,1.0,&
{'D3'},{'D5'},{'D4'},{'D2'},{'R3'},{'D1'},{'R4'},{'R2'},{'R1'},{'R5'},&,1.0,&
{'D3'},{'D5'},{'D4'},{'D1'},{'D2'},{'R1'},{'R2'},{'R5'},{'R3'},{'R4'},&,17.0,&
{'D3'},{'D5'},{'D4'},{'D1'},{'D2'},{'R1'},{'R2'},{'R5'},{'R4'},{'R3'},&,3.0,&
{'D3'},{'D5'},{'D4'},{'D1'},{'D2'},{'R1'},{'R2'},{'R4'},{'R3'},{'R5'},&,1.0,&
{'D3'},{'D5'},{'D4'},{'D1'},{'D2'},{'R1'},{'R2'},{'R4'},{'R5'},{'R3'},&,1.0,&
{'D3'},{'D5'},{'D4'},{'D1'},{'D2'},{'R1'},{'R2'},{'R3'},{'R4'},{'R5'},&,1.0,&
{'D3'},{'D5'},{'D4'},{'D1'},{'D2'},{'R1'},{'R2'},{'R3'},{'R5'},{'R4'},&,7.0,&
{'D3'},{'D5'},{'D4'},{'D1'},{'D2'},{'R1'},{'R5'},{'R2'},{'R3'},{'R4'},&,2.0,&
{'D3'},{'D5'},{'D4'},{'D1'},{'D2'},{'R1'},{'R5'},{'R4'},{'R2'},{'R3'},&,1.0,&
{'D3'},{'D5'},{'D4'},{'D1'},{'D2'},{'R1'},{'R3'},{'R5'},{'R2'},{'R4'},&,1.0,&
{'D3'},{'D5'},{'D4'},{'D1'},{'D2'},{'R1'},{'R3'},{'R2'},{'R4'},{'R5'},&,1.0,&
{'D3'},{'D5'},{'D4'},{'D1'},{'D2'},{'R1'},{'R4'},{'R2'},{'R5'},{'R3'},&,1.0,&
{'D3'},{'D5'},{'D4'},{'D1'},{'D2'},{'R2'},{'R5'},{'R1'},{'R3'},{'R4'},&,8.0,&
{'D3'},{'D5'},{'D4'},{'D1'},{'D2'},{'R2'},{'R5'},{'R1'},{'R4'},{'R3'},&,2.0,&
{'D3'},{'D5'},{'D4'},{'D1'},{'D2'},{'R2'},{'R5'},{'R4'},{'R1'},{'R3'},&,2.0,&
{'D3'},{'D5'},{'D4'},{'D1'},{'D2'},{'R2'},{'R5'},{'R3'},{'R1'},{'R4'},&,1.0,&
{'D3'},{'D5'},{'D4'},{'D1'},{'D2'},{'R2'},{'R1'},{'R5'},{'R3'},{'R4'},&,22.0,&
{'D3'},{'D5'},{'D4'},{'D1'},{'D2'},{'R2'},{'R1'},{'R5'},{'R4'},{'R3'},&,6.0,&
{'D3'},{'D5'},{'D4'},{'D1'},{'D2'},{'R2'},{'R1'},{'R4'},{'R3'},{'R5'},&,3.0,&
{'D3'},{'D5'},{'D4'},{'D1'},{'D2'},{'R2'},{'R1'},{'R4'},{'R5'},{'R3'},&,6.0,&
{'D3'},{'D5'},{'D4'},{'D1'},{'D2'},{'R2'},{'R1'},{'R3'},{'R4'},{'R5'},&,4.0,&
{'D3'},{'D5'},{'D4'},{'D1'},{'D2'},{'R2'},{'R1'},{'R3'},{'R5'},{'R4'},&,11.0,&
{'D3'},{'D5'},{'D4'},{'D1'},{'D2'},{'R2'},{'R3'},{'R1'},{'R4'},{'R5'},&,1.0,&
{'D3'},{'D5'},{'D4'},{'D1'},{'D2'},{'R2'},{'R3'},{'R1'},{'R5'},{'R4'},&,1.0,&
{'D3'},{'D5'},{'D4'},{'D1'},{'D2'},{'R2'},{'R3'},{'R5'},{'R1'},{'R4'},&,1.0,&
{'D3'},{'D5'},{'D4'},{'D1'},{'D2'},{'R2'},{'R4'},{'R1'},{'R5'},{'R3'},&,2.0,&
{'D3'},{'D5'},{'D4'},{'D1'},{'D2'},{'R5'},{'R2'},{'R1'},{'R3'},{'R4'},&,5.0,&
{'D3'},{'D5'},{'D4'},{'D1'},{'D2'},{'R5'},{'R2'},{'R1'},{'R4'},{'R3'},&,2.0,&
{'D3'},{'D5'},{'D4'},{'D1'},{'D2'},{'R5'},{'R1'},{'R2'},{'R3'},{'R4'},&,4.0,&
{'D3'},{'D5'},{'D4'},{'D1'},{'D2'},{'R4'},{'R2'},{'R1'},{'R5'},{'R3'},&,1.0,&
{'D3'},{'D5'},{'D4'},{'D1'},{'D2'},{'R4'},{'R1'},{'R2'},{'R5'},{'R3'},&,1.0,&
{'D3'},{'D5'},{'D4'},{'D1'},{'D2'},{'R3'},{'R2'},{'R1'},{'R5'},{'R4'},&,1.0,&
{'D3'},{'D5'},{'D4'},{'D1'},{'D2'},{'R3'},{'R1'},{'R2'},{'R5'},{'R4'},&,2.0,&
{'D3'},{'D5'},{'D4'},{'D1'},{'R1'},{'R2'},{'D2'},{'R5'},{'R3'},{'R4'},&,1.0,&
{'D3'},{'D5'},{'D4'},{'D1'},{'R1'},{'R4'},{'D2'},{'R2'},{'R3'},{'R5'},&,1.0,&
{'D3'},{'D5'},{'D4'},{'D1'},{'R1'},{'D2'},{'R2'},{'R5'},{'R3'},{'R4'},&,2.0,&
{'D3'},{'D5'},{'D4'},{'D1'},{'R1'},{'D2'},{'R2'},{'R5'},{'R4'},{'R3'},&,1.0,&
{'D3'},{'D5'},{'D4'},{'D1'},{'R1'},{'D2'},{'R2'},{'R4'},{'R5'},{'R3'},&,1.0,&
{'D3'},{'D5'},{'D4'},{'D1'},{'R1'},{'D2'},{'R2'},{'R3'},{'R5'},{'R4'},&,2.0,&
{'D3'},{'D5'},{'D4'},{'D1'},{'R1'},{'D2'},{'R5'},{'R2'},{'R4'},{'R3'},&,1.0,&
{'D3'},{'D5'},{'D4'},{'D1'},{'R5'},{'R1'},{'D2'},{'R2'},{'R3'},{'R4'},&,1.0,&
{'D3'},{'D5'},{'D4'},{'D1'},{'R2'},{'R1'},{'D2'},{'R5'},{'R3'},{'R4'},&,1.0,&
{'D3'},{'D5'},{'D4'},{'D1'},{'R2'},{'R1'},{'D2'},{'R3'},{'R5'},{'R4'},&,1.0,&
{'D3'},{'D5'},{'D4'},{'D1'},{'R2'},{'R3'},{'D2'},{'R1'},{'R5'},{'R4'},&,1.0,&
{'D3'},{'D5'},{'D4'},{'D1'},{'R2'},{'D2'},{'R1'},{'R5'},{'R3'},{'R4'},&,1.0,&
{'D3'},{'D5'},{'D4'},{'D1'},{'R2'},{'D2'},{'R1'},{'R5'},{'R4'},{'R3'},&,2.0,&
{'D3'},{'D5'},{'D4'},{'D1'},{'R2'},{'D2'},{'R3'},{'R5'},{'R1'},{'R4'},&,1.0,&
{'D3'},{'D5'},{'D4'},{'D1'},{'R3'},{'D2'},{'R2'},{'R1'},{'R5'},{'R4'},&,1.0,&
{'D3'},{'D5'},{'D4'},{'R2'},{'D2'},{'D1'},{'R5'},{'R1'},{'R3'},{'R4'},&,4.0,&
{'D3'},{'D5'},{'D4'},{'R2'},{'D2'},{'D1'},{'R5'},{'R1'},{'R4'},{'R3'},&,2.0,&
{'D3'},{'D5'},{'D4'},{'R2'},{'D2'},{'D1'},{'R1'},{'R5'},{'R3'},{'R4'},&,5.0,&
{'D3'},{'D5'},{'D4'},{'R2'},{'D2'},{'D1'},{'R1'},{'R5'},{'R4'},{'R3'},&,1.0,&
{'D3'},{'D5'},{'D4'},{'R2'},{'D2'},{'D1'},{'R1'},{'R3'},{'R5'},{'R4'},&,1.0,&
{'D3'},{'D5'},{'D4'},{'R2'},{'D2'},{'D1'},{'R3'},{'R1'},{'R5'},{'R4'},&,1.0,&
{'D3'},{'D5'},{'D4'},{'R2'},{'D2'},{'D1'},{'R3'},{'R5'},{'R1'},{'R4'},&,1.0,&
{'D3'},{'D5'},{'D4'},{'R2'},{'D2'},{'R1'},{'R5'},{'D1'},{'R4'},{'R3'},&,1.0,&
{'D3'},{'D5'},{'D4'},{'R2'},{'D2'},{'R1'},{'D1'},{'R5'},{'R3'},{'R4'},&,2.0,&
{'D3'},{'D5'},{'D4'},{'R2'},{'D2'},{'R1'},{'D1'},{'R5'},{'R4'},{'R3'},&,2.0,&
{'D3'},{'D5'},{'D4'},{'R2'},{'D2'},{'R1'},{'D1'},{'R4'},{'R3'},{'R5'},&,1.0,&
{'D3'},{'D5'},{'D4'},{'R2'},{'D2'},{'R4'},{'D1'},{'R1'},{'R5'},{'R3'},&,1.0,&
{'D3'},{'D5'},{'D4'},{'R2'},{'D1'},{'D2'},{'R1'},{'R5'},{'R3'},{'R4'},&,3.0,&
{'D3'},{'D5'},{'D4'},{'R2'},{'D1'},{'D2'},{'R1'},{'R3'},{'R5'},{'R4'},&,3.0,&
{'D3'},{'D5'},{'D4'},{'R2'},{'D1'},{'D2'},{'R4'},{'R3'},{'R1'},{'R5'},&,1.0,&
{'D3'},{'D5'},{'D4'},{'R2'},{'R5'},{'D2'},{'D1'},{'R3'},{'R1'},{'R4'},&,1.0,&
{'D3'},{'D5'},{'D4'},{'R5'},{'D2'},{'D1'},{'R2'},{'R1'},{'R3'},{'R4'},&,1.0,&
{'D3'},{'D5'},{'D4'},{'R5'},{'D1'},{'R1'},{'D2'},{'R2'},{'R3'},{'R4'},&,1.0,&
{'D3'},{'D5'},{'D4'},{'R5'},{'D1'},{'D2'},{'R2'},{'R1'},{'R4'},{'R3'},&,1.0,&
{'D3'},{'D5'},{'D4'},{'R5'},{'R2'},{'D1'},{'D2'},{'R1'},{'R3'},{'R4'},&,1.0,&
{'D3'},{'D5'},{'D4'},{'R1'},{'D2'},{'D1'},{'R2'},{'R5'},{'R3'},{'R4'},&,1.0,&
{'D3'},{'D5'},{'D4'},{'R1'},{'D2'},{'D1'},{'R2'},{'R5'},{'R4'},{'R3'},&,3.0,&
{'D3'},{'D5'},{'D4'},{'R1'},{'D2'},{'D1'},{'R2'},{'R4'},{'R5'},{'R3'},&,1.0,&
{'D3'},{'D5'},{'D4'},{'R1'},{'D2'},{'D1'},{'R2'},{'R3'},{'R5'},{'R4'},&,2.0,&
{'D3'},{'D5'},{'D4'},{'R1'},{'D2'},{'D1'},{'R5'},{'R2'},{'R4'},{'R3'},&,1.0,&
{'D3'},{'D5'},{'D4'},{'R1'},{'D1'},{'R2'},{'R5'},{'D2'},{'R3'},{'R4'},&,1.0,&
{'D3'},{'D5'},{'D4'},{'R1'},{'D1'},{'R2'},{'D2'},{'R5'},{'R4'},{'R3'},&,1.0,&
{'D3'},{'D5'},{'D4'},{'R1'},{'D1'},{'R2'},{'R4'},{'D2'},{'R5'},{'R3'},&,1.0,&
{'D3'},{'D5'},{'D4'},{'R1'},{'D1'},{'D2'},{'R2'},{'R5'},{'R3'},{'R4'},&,2.0,&
{'D3'},{'D5'},{'D4'},{'R1'},{'D1'},{'D2'},{'R2'},{'R5'},{'R4'},{'R3'},&,1.0,&
{'D3'},{'D5'},{'D4'},{'R1'},{'D1'},{'D2'},{'R2'},{'R3'},{'R4'},{'R5'},&,1.0,&
{'D3'},{'D5'},{'D4'},{'R1'},{'D1'},{'D2'},{'R2'},{'R3'},{'R5'},{'R4'},&,2.0,&
{'D3'},{'D5'},{'D4'},{'R1'},{'R2'},{'D2'},{'D1'},{'R5'},{'R3'},{'R4'},&,1.0,&
{'D3'},{'D5'},{'R2'},{'D4'},{'D2'},{'D1'},{'R5'},{'R1'},{'R3'},{'R4'},&,3.0,&
{'D3'},{'D5'},{'R2'},{'D4'},{'D2'},{'D1'},{'R5'},{'R4'},{'R1'},{'R3'},&,1.0,&
{'D3'},{'D5'},{'R2'},{'D4'},{'D2'},{'D1'},{'R1'},{'R5'},{'R3'},{'R4'},&,3.0,&
{'D3'},{'D5'},{'R2'},{'D4'},{'D2'},{'D1'},{'R1'},{'R5'},{'R4'},{'R3'},&,4.0,&
{'D3'},{'D5'},{'R2'},{'D4'},{'D2'},{'D1'},{'R1'},{'R3'},{'R5'},{'R4'},&,3.0,&
{'D3'},{'D5'},{'R2'},{'D4'},{'D2'},{'D1'},{'R3'},{'R5'},{'R1'},{'R4'},&,1.0,&
{'D3'},{'D5'},{'R2'},{'D4'},{'D2'},{'R3'},{'R1'},{'D1'},{'R5'},{'R4'},&,1.0,&
{'D3'},{'D5'},{'R2'},{'D4'},{'D1'},{'D2'},{'R5'},{'R1'},{'R4'},{'R3'},&,1.0,&
{'D3'},{'D5'},{'R2'},{'D4'},{'D1'},{'D2'},{'R1'},{'R5'},{'R3'},{'R4'},&,4.0,&
{'D3'},{'D5'},{'R2'},{'D4'},{'D1'},{'D2'},{'R1'},{'R5'},{'R4'},{'R3'},&,3.0,&
{'D3'},{'D5'},{'R2'},{'D4'},{'D1'},{'D2'},{'R1'},{'R3'},{'R4'},{'R5'},&,1.0,&
{'D3'},{'D5'},{'R2'},{'D4'},{'D1'},{'D2'},{'R1'},{'R3'},{'R5'},{'R4'},&,1.0,&
{'D3'},{'D5'},{'R2'},{'D4'},{'D1'},{'D2'},{'R3'},{'R1'},{'R5'},{'R4'},&,1.0,&
{'D3'},{'D5'},{'R2'},{'D4'},{'R1'},{'D1'},{'D2'},{'R5'},{'R4'},{'R3'},&,1.0,&
{'D3'},{'D5'},{'R2'},{'D4'},{'R1'},{'D1'},{'D2'},{'R4'},{'R5'},{'R3'},&,1.0,&
{'D3'},{'D5'},{'R2'},{'D4'},{'R1'},{'D1'},{'D2'},{'R3'},{'R5'},{'R4'},&,2.0,&
{'D3'},{'D5'},{'R2'},{'D4'},{'R1'},{'R5'},{'D2'},{'R3'},{'D1'},{'R4'},&,1.0,&
{'D3'},{'D5'},{'R2'},{'D4'},{'R1'},{'D2'},{'D1'},{'R3'},{'R5'},{'R4'},&,1.0,&
{'D3'},{'D5'},{'R2'},{'D4'},{'R3'},{'D1'},{'D2'},{'R1'},{'R5'},{'R4'},&,1.0,&
{'D3'},{'D5'},{'R2'},{'D2'},{'D1'},{'D4'},{'R1'},{'R5'},{'R4'},{'R3'},&,1.0,&
{'D3'},{'D5'},{'R2'},{'D2'},{'D1'},{'D4'},{'R3'},{'R1'},{'R5'},{'R4'},&,1.0,&
{'D3'},{'D5'},{'R2'},{'D2'},{'R1'},{'R3'},{'D1'},{'R5'},{'D4'},{'R4'},&,1.0,&
{'D3'},{'D5'},{'R2'},{'D2'},{'D4'},{'D1'},{'R5'},{'R1'},{'R3'},{'R4'},&,3.0,&
{'D3'},{'D5'},{'R2'},{'D2'},{'D4'},{'D1'},{'R1'},{'R5'},{'R3'},{'R4'},&,2.0,&
{'D3'},{'D5'},{'R2'},{'D2'},{'D4'},{'D1'},{'R1'},{'R5'},{'R4'},{'R3'},&,1.0,&
{'D3'},{'D5'},{'R2'},{'D2'},{'D4'},{'D1'},{'R1'},{'R3'},{'R5'},{'R4'},&,1.0,&
{'D3'},{'D5'},{'R2'},{'D2'},{'D4'},{'D1'},{'R3'},{'R5'},{'R1'},{'R4'},&,1.0,&
{'D3'},{'D5'},{'R2'},{'D2'},{'D4'},{'R4'},{'R1'},{'D1'},{'R5'},{'R3'},&,1.0,&
{'D3'},{'D5'},{'R2'},{'D1'},{'D2'},{'D4'},{'R1'},{'R5'},{'R4'},{'R3'},&,1.0,&
{'D3'},{'D5'},{'R2'},{'D1'},{'D2'},{'D4'},{'R4'},{'R1'},{'R5'},{'R3'},&,1.0,&
{'D3'},{'D5'},{'R2'},{'D1'},{'R1'},{'D4'},{'D2'},{'R5'},{'R4'},{'R3'},&,1.0,&
{'D3'},{'D5'},{'R2'},{'D1'},{'D4'},{'R1'},{'D2'},{'R3'},{'R4'},{'R5'},&,1.0,&
{'D3'},{'D5'},{'R2'},{'D1'},{'D4'},{'D2'},{'R1'},{'R5'},{'R3'},{'R4'},&,4.0,&
{'D3'},{'D5'},{'R2'},{'D1'},{'D4'},{'D2'},{'R1'},{'R5'},{'R4'},{'R3'},&,1.0,&
{'D3'},{'D5'},{'R2'},{'R1'},{'D2'},{'D1'},{'D4'},{'R3'},{'R5'},{'R4'},&,1.0,&
{'D3'},{'D5'},{'R2'},{'R1'},{'D2'},{'D4'},{'D1'},{'R5'},{'R3'},{'R4'},&,1.0,&
{'D3'},{'D5'},{'R2'},{'R1'},{'D4'},{'D1'},{'D2'},{'R5'},{'R3'},{'R4'},&,1.0,&
{'D3'},{'D5'},{'R2'},{'R1'},{'D4'},{'D2'},{'R5'},{'D1'},{'R3'},{'R4'},&,1.0,&
{'D3'},{'D5'},{'R2'},{'R1'},{'D4'},{'D2'},{'D1'},{'R4'},{'R5'},{'R3'},&,1.0,&
{'D3'},{'D5'},{'R2'},{'R1'},{'R5'},{'R4'},{'R3'},{'D2'},{'D1'},{'D4'},&,1.0,&
{'D3'},{'D5'},{'R2'},{'R1'},{'R5'},{'D4'},{'D2'},{'D1'},{'R4'},{'R3'},&,1.0,&
{'D3'},{'D5'},{'R2'},{'R1'},{'R4'},{'D1'},{'D4'},{'R5'},{'R3'},{'D2'},&,1.0,&
{'D3'},{'D5'},{'R2'},{'R1'},{'R4'},{'D4'},{'D2'},{'D1'},{'R5'},{'R3'},&,1.0,&
{'D3'},{'D5'},{'R2'},{'R1'},{'R4'},{'D4'},{'D1'},{'D2'},{'R5'},{'R3'},&,1.0,&
{'D3'},{'D5'},{'R1'},{'D4'},{'D2'},{'D1'},{'R2'},{'R5'},{'R3'},{'R4'},&,6.0,&
{'D3'},{'D5'},{'R1'},{'D4'},{'D2'},{'D1'},{'R2'},{'R5'},{'R4'},{'R3'},&,3.0,&
{'D3'},{'D5'},{'R1'},{'D4'},{'D2'},{'D1'},{'R2'},{'R4'},{'R3'},{'R5'},&,1.0,&
{'D3'},{'D5'},{'R1'},{'D4'},{'D2'},{'D1'},{'R2'},{'R3'},{'R5'},{'R4'},&,1.0,&
{'D3'},{'D5'},{'R1'},{'D4'},{'D1'},{'D2'},{'R2'},{'R5'},{'R3'},{'R4'},&,1.0,&
{'D3'},{'D5'},{'R1'},{'D4'},{'D1'},{'D2'},{'R2'},{'R5'},{'R4'},{'R3'},&,1.0,&
{'D3'},{'D5'},{'R1'},{'D4'},{'D1'},{'D2'},{'R2'},{'R4'},{'R5'},{'R3'},&,1.0,&
{'D3'},{'D5'},{'R1'},{'D4'},{'D1'},{'D2'},{'R2'},{'R3'},{'R5'},{'R4'},&,1.0,&
{'D3'},{'D5'},{'R1'},{'D2'},{'D4'},{'D1'},{'R2'},{'R5'},{'R3'},{'R4'},&,1.0,&
{'D3'},{'D5'},{'R1'},{'D2'},{'D4'},{'D1'},{'R2'},{'R5'},{'R4'},{'R3'},&,1.0,&
{'D3'},{'D5'},{'R1'},{'D2'},{'D4'},{'D1'},{'R2'},{'R3'},{'R5'},{'R4'},&,2.0,&
{'D3'},{'D5'},{'R1'},{'D1'},{'D4'},{'R2'},{'D2'},{'R5'},{'R3'},{'R4'},&,1.0,&
{'D3'},{'D5'},{'R1'},{'D1'},{'D4'},{'R5'},{'R2'},{'D2'},{'R4'},{'R3'},&,1.0,&
{'D3'},{'D5'},{'R1'},{'D1'},{'D4'},{'R3'},{'R2'},{'D2'},{'R5'},{'R4'},&,1.0,&
{'D3'},{'D5'},{'R1'},{'D1'},{'D4'},{'D2'},{'R2'},{'R5'},{'R3'},{'R4'},&,2.0,&
{'D3'},{'D5'},{'R1'},{'D1'},{'D4'},{'D2'},{'R2'},{'R5'},{'R4'},{'R3'},&,2.0,&
{'D3'},{'D5'},{'R1'},{'D1'},{'D4'},{'D2'},{'R3'},{'R2'},{'R5'},{'R4'},&,1.0,&
{'D3'},{'D5'},{'R1'},{'R2'},{'D1'},{'D4'},{'D2'},{'R5'},{'R3'},{'R4'},&,1.0,&
{'D3'},{'D5'},{'R1'},{'R2'},{'D4'},{'R5'},{'D2'},{'D1'},{'R3'},{'R4'},&,1.0,&
{'D3'},{'D5'},{'R1'},{'R2'},{'R4'},{'R5'},{'D4'},{'R3'},{'D2'},{'D1'},&,1.0,&
{'D3'},{'D5'},{'R1'},{'R5'},{'R2'},{'D4'},{'D1'},{'D2'},{'R3'},{'R4'},&,1.0,&
{'D3'},{'D5'},{'R1'},{'R4'},{'R2'},{'D2'},{'R5'},{'R3'},{'D4'},{'D1'},&,1.0,&
{'D3'},{'D5'},{'R5'},{'D4'},{'D2'},{'D1'},{'R1'},{'R2'},{'R3'},{'R4'},&,1.0,&
{'D3'},{'D5'},{'R5'},{'D4'},{'D2'},{'D1'},{'R1'},{'R2'},{'R4'},{'R3'},&,1.0,&
{'D3'},{'D5'},{'R5'},{'D4'},{'D1'},{'D2'},{'R2'},{'R1'},{'R3'},{'R4'},&,1.0,&
{'D3'},{'D5'},{'R5'},{'D2'},{'D4'},{'D1'},{'R1'},{'R3'},{'R2'},{'R4'},&,1.0,&
{'D3'},{'D5'},{'R5'},{'D1'},{'D2'},{'D4'},{'R1'},{'R2'},{'R4'},{'R3'},&,1.0,&
{'D3'},{'D5'},{'R5'},{'R2'},{'R1'},{'R4'},{'R3'},{'D1'},{'D4'},{'D2'},&,1.0,&
{'D3'},{'D5'},{'R5'},{'R2'},{'R1'},{'R3'},{'R4'},{'D1'},{'D4'},{'D2'},&,1.0,&
{'D3'},{'D5'},{'R3'},{'D4'},{'D2'},{'D1'},{'R2'},{'R1'},{'R5'},{'R4'},&,1.0,&
{'D3'},{'D5'},{'R3'},{'D4'},{'D1'},{'D2'},{'R2'},{'R4'},{'R1'},{'R5'},&,1.0,&
{'D3'},{'D5'},{'R4'},{'D4'},{'D2'},{'D1'},{'R2'},{'R1'},{'R5'},{'R3'},&,1.0,&
{'D3'},{'D5'},{'R4'},{'D2'},{'D1'},{'D4'},{'R1'},{'R2'},{'R3'},{'R5'},&,1.0,&
{'D3'},{'D5'},{'R4'},{'D2'},{'D4'},{'D1'},{'R2'},{'R1'},{'R3'},{'R5'},&,1.0,&
{'D3'},{'D5'},{'R4'},{'R5'},{'R2'},{'R1'},{'R3'},{'D1'},{'D2'},{'D4'},&,1.0,&
{'D3'},{'D4'},{'D1'},{'D5'},{'D2'},{'R1'},{'R2'},{'R5'},{'R3'},{'R4'},&,4.0,&
{'D3'},{'D4'},{'D1'},{'D5'},{'D2'},{'R1'},{'R2'},{'R5'},{'R4'},{'R3'},&,1.0,&
{'D3'},{'D4'},{'D1'},{'D5'},{'D2'},{'R1'},{'R2'},{'R4'},{'R5'},{'R3'},&,1.0,&
{'D3'},{'D4'},{'D1'},{'D5'},{'D2'},{'R1'},{'R2'},{'R3'},{'R5'},{'R4'},&,1.0,&
{'D3'},{'D4'},{'D1'},{'D5'},{'D2'},{'R2'},{'R5'},{'R1'},{'R3'},{'R4'},&,2.0,&
{'D3'},{'D4'},{'D1'},{'D5'},{'D2'},{'R2'},{'R1'},{'R5'},{'R3'},{'R4'},&,7.0,&
{'D3'},{'D4'},{'D1'},{'D5'},{'D2'},{'R2'},{'R1'},{'R5'},{'R4'},{'R3'},&,3.0,&
{'D3'},{'D4'},{'D1'},{'D5'},{'D2'},{'R2'},{'R1'},{'R4'},{'R3'},{'R5'},&,1.0,&
{'D3'},{'D4'},{'D1'},{'D5'},{'D2'},{'R2'},{'R1'},{'R4'},{'R5'},{'R3'},&,1.0,&
{'D3'},{'D4'},{'D1'},{'D5'},{'D2'},{'R2'},{'R1'},{'R3'},{'R5'},{'R4'},&,1.0,&
{'D3'},{'D4'},{'D1'},{'D5'},{'D2'},{'R2'},{'R3'},{'R1'},{'R5'},{'R4'},&,1.0,&
{'D3'},{'D4'},{'D1'},{'D5'},{'D2'},{'R5'},{'R2'},{'R1'},{'R3'},{'R4'},&,1.0,&
{'D3'},{'D4'},{'D1'},{'D5'},{'D2'},{'R5'},{'R2'},{'R1'},{'R4'},{'R3'},&,2.0,&
{'D3'},{'D4'},{'D1'},{'D5'},{'D2'},{'R5'},{'R1'},{'R2'},{'R4'},{'R3'},&,1.0,&
{'D3'},{'D4'},{'D1'},{'D5'},{'D2'},{'R3'},{'R2'},{'R4'},{'R5'},{'R1'},&,1.0,&
{'D3'},{'D4'},{'D1'},{'D5'},{'D2'},{'R3'},{'R1'},{'R2'},{'R5'},{'R4'},&,1.0,&
{'D3'},{'D4'},{'D1'},{'D5'},{'R5'},{'D2'},{'R1'},{'R2'},{'R3'},{'R4'},&,1.0,&
{'D3'},{'D4'},{'D1'},{'D5'},{'R2'},{'D2'},{'R1'},{'R5'},{'R3'},{'R4'},&,1.0,&
{'D3'},{'D4'},{'D1'},{'D2'},{'D5'},{'R1'},{'R2'},{'R5'},{'R3'},{'R4'},&,1.0,&
{'D3'},{'D4'},{'D1'},{'D2'},{'D5'},{'R2'},{'R5'},{'R1'},{'R3'},{'R4'},&,2.0,&
{'D3'},{'D4'},{'D1'},{'D2'},{'D5'},{'R2'},{'R5'},{'R1'},{'R4'},{'R3'},&,1.0,&
{'D3'},{'D4'},{'D1'},{'D2'},{'D5'},{'R2'},{'R1'},{'R5'},{'R3'},{'R4'},&,1.0,&
{'D3'},{'D4'},{'D1'},{'D2'},{'D5'},{'R2'},{'R1'},{'R3'},{'R5'},{'R4'},&,2.0,&
{'D3'},{'D4'},{'D1'},{'D2'},{'D5'},{'R2'},{'R4'},{'R5'},{'R1'},{'R3'},&,1.0,&
{'D3'},{'D4'},{'D1'},{'D2'},{'D5'},{'R5'},{'R2'},{'R1'},{'R3'},{'R4'},&,1.0,&
{'D3'},{'D4'},{'D1'},{'D2'},{'D5'},{'R5'},{'R1'},{'R2'},{'R3'},{'R4'},&,1.0,&
{'D3'},{'D4'},{'D1'},{'D2'},{'D5'},{'R4'},{'R1'},{'R2'},{'R5'},{'R3'},&,1.0,&
{'D3'},{'D4'},{'D1'},{'D2'},{'R2'},{'R1'},{'D5'},{'R5'},{'R3'},{'R4'},&,1.0,&
{'D3'},{'D4'},{'D1'},{'D2'},{'R2'},{'D5'},{'R1'},{'R5'},{'R3'},{'R4'},&,1.0,&
{'D3'},{'D4'},{'D1'},{'R2'},{'D2'},{'R1'},{'D5'},{'R3'},{'R5'},{'R4'},&,1.0,&
{'D3'},{'D4'},{'D1'},{'R2'},{'D2'},{'D5'},{'R5'},{'R1'},{'R3'},{'R4'},&,1.0,&
{'D3'},{'D4'},{'D1'},{'R2'},{'D5'},{'D2'},{'R1'},{'R5'},{'R3'},{'R4'},&,2.0,&
{'D3'},{'D4'},{'D1'},{'R2'},{'D5'},{'D2'},{'R1'},{'R5'},{'R4'},{'R3'},&,2.0,&
{'D3'},{'D4'},{'D1'},{'R2'},{'D5'},{'D2'},{'R1'},{'R4'},{'R5'},{'R3'},&,1.0,&
{'D3'},{'D4'},{'D1'},{'R1'},{'D2'},{'D5'},{'R2'},{'R5'},{'R3'},{'R4'},&,1.0,&
{'D3'},{'D4'},{'D1'},{'R1'},{'D5'},{'D2'},{'R2'},{'R5'},{'R3'},{'R4'},&,1.0,&
{'D3'},{'D4'},{'D5'},{'D2'},{'D1'},{'R1'},{'R2'},{'R5'},{'R3'},{'R4'},&,17.0,&
{'D3'},{'D4'},{'D5'},{'D2'},{'D1'},{'R1'},{'R2'},{'R5'},{'R4'},{'R3'},&,2.0,&
{'D3'},{'D4'},{'D5'},{'D2'},{'D1'},{'R1'},{'R2'},{'R4'},{'R3'},{'R5'},&,1.0,&
{'D3'},{'D4'},{'D5'},{'D2'},{'D1'},{'R1'},{'R2'},{'R3'},{'R4'},{'R5'},&,1.0,&
{'D3'},{'D4'},{'D5'},{'D2'},{'D1'},{'R1'},{'R2'},{'R3'},{'R5'},{'R4'},&,5.0,&
{'D3'},{'D4'},{'D5'},{'D2'},{'D1'},{'R1'},{'R5'},{'R2'},{'R3'},{'R4'},&,2.0,&
{'D3'},{'D4'},{'D5'},{'D2'},{'D1'},{'R1'},{'R5'},{'R2'},{'R4'},{'R3'},&,2.0,&
{'D3'},{'D4'},{'D5'},{'D2'},{'D1'},{'R1'},{'R3'},{'R5'},{'R2'},{'R4'},&,1.0,&
{'D3'},{'D4'},{'D5'},{'D2'},{'D1'},{'R1'},{'R3'},{'R2'},{'R5'},{'R4'},&,2.0,&
{'D3'},{'D4'},{'D5'},{'D2'},{'D1'},{'R1'},{'R4'},{'R2'},{'R5'},{'R3'},&,1.0,&
{'D3'},{'D4'},{'D5'},{'D2'},{'D1'},{'R2'},{'R5'},{'R1'},{'R3'},{'R4'},&,8.0,&
{'D3'},{'D4'},{'D5'},{'D2'},{'D1'},{'R2'},{'R5'},{'R1'},{'R4'},{'R3'},&,2.0,&
{'D3'},{'D4'},{'D5'},{'D2'},{'D1'},{'R2'},{'R5'},{'R4'},{'R1'},{'R3'},&,1.0,&
{'D3'},{'D4'},{'D5'},{'D2'},{'D1'},{'R2'},{'R5'},{'R3'},{'R4'},{'R1'},&,1.0,&
{'D3'},{'D4'},{'D5'},{'D2'},{'D1'},{'R2'},{'R1'},{'R5'},{'R3'},{'R4'},&,31.0,&
{'D3'},{'D4'},{'D5'},{'D2'},{'D1'},{'R2'},{'R1'},{'R5'},{'R4'},{'R3'},&,3.0,&
{'D3'},{'D4'},{'D5'},{'D2'},{'D1'},{'R2'},{'R1'},{'R4'},{'R3'},{'R5'},&,1.0,&
{'D3'},{'D4'},{'D5'},{'D2'},{'D1'},{'R2'},{'R1'},{'R4'},{'R5'},{'R3'},&,2.0,&
{'D3'},{'D4'},{'D5'},{'D2'},{'D1'},{'R2'},{'R1'},{'R3'},{'R4'},{'R5'},&,3.0,&
{'D3'},{'D4'},{'D5'},{'D2'},{'D1'},{'R2'},{'R1'},{'R3'},{'R5'},{'R4'},&,12.0,&
{'D3'},{'D4'},{'D5'},{'D2'},{'D1'},{'R2'},{'R3'},{'R1'},{'R5'},{'R4'},&,3.0,&
{'D3'},{'D4'},{'D5'},{'D2'},{'D1'},{'R2'},{'R4'},{'R3'},{'R1'},{'R5'},&,1.0,&
{'D3'},{'D4'},{'D5'},{'D2'},{'D1'},{'R5'},{'R2'},{'R1'},{'R3'},{'R4'},&,5.0,&
{'D3'},{'D4'},{'D5'},{'D2'},{'D1'},{'R5'},{'R1'},{'R2'},{'R3'},{'R4'},&,2.0,&
{'D3'},{'D4'},{'D5'},{'D2'},{'D1'},{'R5'},{'R1'},{'R2'},{'R4'},{'R3'},&,1.0,&
{'D3'},{'D4'},{'D5'},{'D2'},{'D1'},{'R5'},{'R3'},{'R1'},{'R2'},{'R4'},&,1.0,&
{'D3'},{'D4'},{'D5'},{'D2'},{'D1'},{'R4'},{'R1'},{'R2'},{'R3'},{'R5'},&,1.0,&
{'D3'},{'D4'},{'D5'},{'D2'},{'D1'},{'R3'},{'R2'},{'R1'},{'R4'},{'R5'},&,1.0,&
{'D3'},{'D4'},{'D5'},{'D2'},{'D1'},{'R3'},{'R5'},{'R1'},{'R2'},{'R4'},&,1.0,&
{'D3'},{'D4'},{'D5'},{'D2'},{'D1'},{'R3'},{'R5'},{'R2'},{'R1'},{'R4'},&,1.0,&
{'D3'},{'D4'},{'D5'},{'D2'},{'R1'},{'D1'},{'R2'},{'R5'},{'R3'},{'R4'},&,2.0,&
{'D3'},{'D4'},{'D5'},{'D2'},{'R1'},{'D1'},{'R2'},{'R5'},{'R4'},{'R3'},&,1.0,&
{'D3'},{'D4'},{'D5'},{'D2'},{'R1'},{'D1'},{'R2'},{'R4'},{'R3'},{'R5'},&,1.0,&
{'D3'},{'D4'},{'D5'},{'D2'},{'R1'},{'D1'},{'R2'},{'R3'},{'R5'},{'R4'},&,2.0,&
{'D3'},{'D4'},{'D5'},{'D2'},{'R1'},{'D1'},{'R5'},{'R2'},{'R3'},{'R4'},&,1.0,&
{'D3'},{'D4'},{'D5'},{'D2'},{'R1'},{'D1'},{'R3'},{'R2'},{'R5'},{'R4'},&,1.0,&
{'D3'},{'D4'},{'D5'},{'D2'},{'R2'},{'D1'},{'R1'},{'R5'},{'R3'},{'R4'},&,6.0,&
{'D3'},{'D4'},{'D5'},{'D2'},{'R2'},{'D1'},{'R1'},{'R5'},{'R4'},{'R3'},&,1.0,&
{'D3'},{'D4'},{'D5'},{'D2'},{'R2'},{'D1'},{'R1'},{'R3'},{'R4'},{'R5'},&,1.0,&
{'D3'},{'D4'},{'D5'},{'D2'},{'R2'},{'D1'},{'R1'},{'R3'},{'R5'},{'R4'},&,2.0,&
{'D3'},{'D4'},{'D5'},{'D2'},{'R2'},{'D1'},{'R3'},{'R1'},{'R4'},{'R5'},&,1.0,&
{'D3'},{'D4'},{'D5'},{'D2'},{'R2'},{'R1'},{'R5'},{'D1'},{'R3'},{'R4'},&,1.0,&
{'D3'},{'D4'},{'D5'},{'D2'},{'R2'},{'R5'},{'D1'},{'R1'},{'R3'},{'R4'},&,1.0,&
{'D3'},{'D4'},{'D5'},{'D1'},{'D2'},{'R1'},{'R2'},{'R5'},{'R3'},{'R4'},&,8.0,&
{'D3'},{'D4'},{'D5'},{'D1'},{'D2'},{'R1'},{'R2'},{'R5'},{'R4'},{'R3'},&,2.0,&
{'D3'},{'D4'},{'D5'},{'D1'},{'D2'},{'R1'},{'R2'},{'R4'},{'R5'},{'R3'},&,4.0,&
{'D3'},{'D4'},{'D5'},{'D1'},{'D2'},{'R1'},{'R2'},{'R3'},{'R4'},{'R5'},&,3.0,&
{'D3'},{'D4'},{'D5'},{'D1'},{'D2'},{'R1'},{'R2'},{'R3'},{'R5'},{'R4'},&,5.0,&
{'D3'},{'D4'},{'D5'},{'D1'},{'D2'},{'R1'},{'R5'},{'R2'},{'R3'},{'R4'},&,1.0,&
{'D3'},{'D4'},{'D5'},{'D1'},{'D2'},{'R1'},{'R5'},{'R2'},{'R4'},{'R3'},&,1.0,&
{'D3'},{'D4'},{'D5'},{'D1'},{'D2'},{'R1'},{'R3'},{'R2'},{'R5'},{'R4'},&,1.0,&
{'D3'},{'D4'},{'D5'},{'D1'},{'D2'},{'R1'},{'R4'},{'R2'},{'R3'},{'R5'},&,1.0,&
{'D3'},{'D4'},{'D5'},{'D1'},{'D2'},{'R1'},{'R4'},{'R2'},{'R5'},{'R3'},&,1.0,&
{'D3'},{'D4'},{'D5'},{'D1'},{'D2'},{'R2'},{'R5'},{'R1'},{'R3'},{'R4'},&,1.0,&
{'D3'},{'D4'},{'D5'},{'D1'},{'D2'},{'R2'},{'R5'},{'R1'},{'R4'},{'R3'},&,2.0,&
{'D3'},{'D4'},{'D5'},{'D1'},{'D2'},{'R2'},{'R1'},{'R5'},{'R3'},{'R4'},&,18.0,&
{'D3'},{'D4'},{'D5'},{'D1'},{'D2'},{'R2'},{'R1'},{'R5'},{'R4'},{'R3'},&,8.0,&
{'D3'},{'D4'},{'D5'},{'D1'},{'D2'},{'R2'},{'R1'},{'R4'},{'R3'},{'R5'},&,1.0,&
{'D3'},{'D4'},{'D5'},{'D1'},{'D2'},{'R2'},{'R1'},{'R4'},{'R5'},{'R3'},&,8.0,&
{'D3'},{'D4'},{'D5'},{'D1'},{'D2'},{'R2'},{'R1'},{'R3'},{'R4'},{'R5'},&,3.0,&
{'D3'},{'D4'},{'D5'},{'D1'},{'D2'},{'R2'},{'R1'},{'R3'},{'R5'},{'R4'},&,7.0,&
{'D3'},{'D4'},{'D5'},{'D1'},{'D2'},{'R2'},{'R3'},{'R1'},{'R5'},{'R4'},&,1.0,&
{'D3'},{'D4'},{'D5'},{'D1'},{'D2'},{'R2'},{'R3'},{'R5'},{'R1'},{'R4'},&,1.0,&
{'D3'},{'D4'},{'D5'},{'D1'},{'D2'},{'R5'},{'R2'},{'R1'},{'R3'},{'R4'},&,1.0,&
{'D3'},{'D4'},{'D5'},{'D1'},{'D2'},{'R5'},{'R2'},{'R1'},{'R4'},{'R3'},&,1.0,&
{'D3'},{'D4'},{'D5'},{'D1'},{'D2'},{'R5'},{'R2'},{'R3'},{'R1'},{'R4'},&,1.0,&
{'D3'},{'D4'},{'D5'},{'D1'},{'D2'},{'R5'},{'R1'},{'R2'},{'R4'},{'R3'},&,2.0,&
{'D3'},{'D4'},{'D5'},{'D1'},{'D2'},{'R4'},{'R2'},{'R1'},{'R5'},{'R3'},&,1.0,&
{'D3'},{'D4'},{'D5'},{'D1'},{'D2'},{'R3'},{'R2'},{'R5'},{'R1'},{'R4'},&,2.0,&
{'D3'},{'D4'},{'D5'},{'D1'},{'R1'},{'D2'},{'R2'},{'R5'},{'R3'},{'R4'},&,4.0,&
{'D3'},{'D4'},{'D5'},{'D1'},{'R1'},{'D2'},{'R2'},{'R4'},{'R5'},{'R3'},&,1.0,&
{'D3'},{'D4'},{'D5'},{'D1'},{'R1'},{'D2'},{'R5'},{'R2'},{'R3'},{'R4'},&,1.0,&
{'D3'},{'D4'},{'D5'},{'D1'},{'R1'},{'D2'},{'R5'},{'R2'},{'R4'},{'R3'},&,1.0,&
{'D3'},{'D4'},{'D5'},{'D1'},{'R5'},{'D2'},{'R2'},{'R1'},{'R3'},{'R4'},&,1.0,&
{'D3'},{'D4'},{'D5'},{'D1'},{'R5'},{'D2'},{'R1'},{'R2'},{'R3'},{'R4'},&,1.0,&
{'D3'},{'D4'},{'D5'},{'D1'},{'R2'},{'D2'},{'R5'},{'R1'},{'R3'},{'R4'},&,1.0,&
{'D3'},{'D4'},{'D5'},{'D1'},{'R2'},{'D2'},{'R1'},{'R5'},{'R3'},{'R4'},&,4.0,&
{'D3'},{'D4'},{'D5'},{'D1'},{'R2'},{'D2'},{'R1'},{'R5'},{'R4'},{'R3'},&,2.0,&
{'D3'},{'D4'},{'D5'},{'D1'},{'R2'},{'D2'},{'R1'},{'R4'},{'R5'},{'R3'},&,1.0,&
{'D3'},{'D4'},{'D5'},{'D1'},{'R2'},{'D2'},{'R1'},{'R3'},{'R5'},{'R4'},&,1.0,&
{'D3'},{'D4'},{'D5'},{'D1'},{'R2'},{'D2'},{'R3'},{'R1'},{'R5'},{'R4'},&,2.0,&
{'D3'},{'D4'},{'D5'},{'D1'},{'R2'},{'D2'},{'R4'},{'R1'},{'R5'},{'R3'},&,1.0,&
{'D3'},{'D4'},{'D5'},{'D1'},{'R2'},{'D2'},{'R4'},{'R3'},{'R1'},{'R5'},&,1.0,&
{'D3'},{'D4'},{'D5'},{'R2'},{'D2'},{'D1'},{'R5'},{'R1'},{'R3'},{'R4'},&,1.0,&
{'D3'},{'D4'},{'D5'},{'R2'},{'D2'},{'D1'},{'R1'},{'R5'},{'R3'},{'R4'},&,4.0,&
{'D3'},{'D4'},{'D5'},{'R2'},{'D2'},{'D1'},{'R1'},{'R5'},{'R4'},{'R3'},&,1.0,&
{'D3'},{'D4'},{'D5'},{'R2'},{'D2'},{'D1'},{'R1'},{'R4'},{'R5'},{'R3'},&,1.0,&
{'D3'},{'D4'},{'D5'},{'R2'},{'D2'},{'D1'},{'R1'},{'R3'},{'R5'},{'R4'},&,3.0,&
{'D3'},{'D4'},{'D5'},{'R2'},{'D2'},{'D1'},{'R3'},{'R1'},{'R5'},{'R4'},&,1.0,&
{'D3'},{'D4'},{'D5'},{'R2'},{'D2'},{'R1'},{'D1'},{'R5'},{'R4'},{'R3'},&,1.0,&
{'D3'},{'D4'},{'D5'},{'R2'},{'D2'},{'R5'},{'D1'},{'R1'},{'R3'},{'R4'},&,1.0,&
{'D3'},{'D4'},{'D5'},{'R2'},{'D1'},{'D2'},{'R5'},{'R1'},{'R4'},{'R3'},&,2.0,&
{'D3'},{'D4'},{'D5'},{'R2'},{'D1'},{'D2'},{'R5'},{'R3'},{'R1'},{'R4'},&,1.0,&
{'D3'},{'D4'},{'D5'},{'R2'},{'D1'},{'D2'},{'R1'},{'R5'},{'R3'},{'R4'},&,1.0,&
{'D3'},{'D4'},{'D5'},{'R2'},{'D1'},{'D2'},{'R1'},{'R5'},{'R4'},{'R3'},&,2.0,&
{'D3'},{'D4'},{'D5'},{'R2'},{'D1'},{'D2'},{'R1'},{'R3'},{'R4'},{'R5'},&,1.0,&
{'D3'},{'D4'},{'D5'},{'R2'},{'D1'},{'D2'},{'R1'},{'R3'},{'R5'},{'R4'},&,2.0,&
{'D3'},{'D4'},{'D5'},{'R2'},{'D1'},{'D2'},{'R3'},{'R5'},{'R1'},{'R4'},&,1.0,&
{'D3'},{'D4'},{'D5'},{'R2'},{'R1'},{'D1'},{'D2'},{'R5'},{'R3'},{'R4'},&,1.0,&
{'D3'},{'D4'},{'D5'},{'R2'},{'R1'},{'D1'},{'D2'},{'R4'},{'R3'},{'R5'},&,1.0,&
{'D3'},{'D4'},{'D5'},{'R2'},{'R1'},{'D1'},{'D2'},{'R4'},{'R5'},{'R3'},&,1.0,&
{'D3'},{'D4'},{'D5'},{'R2'},{'R1'},{'D2'},{'D1'},{'R5'},{'R4'},{'R3'},&,1.0,&
{'D3'},{'D4'},{'D5'},{'R2'},{'R5'},{'D1'},{'D2'},{'R1'},{'R3'},{'R4'},&,1.0,&
{'D3'},{'D4'},{'D5'},{'R2'},{'R5'},{'D2'},{'D1'},{'R3'},{'R1'},{'R4'},&,1.0,&
{'D3'},{'D4'},{'D5'},{'R5'},{'D2'},{'D1'},{'R1'},{'R2'},{'R3'},{'R4'},&,1.0,&
{'D3'},{'D4'},{'D5'},{'R5'},{'D1'},{'D2'},{'R2'},{'R1'},{'R3'},{'R4'},&,1.0,&
{'D3'},{'D4'},{'D5'},{'R5'},{'D1'},{'D2'},{'R2'},{'R1'},{'R4'},{'R3'},&,1.0,&
{'D3'},{'D4'},{'D5'},{'R5'},{'R1'},{'D2'},{'D1'},{'R2'},{'R3'},{'R4'},&,1.0,&
{'D3'},{'D4'},{'D5'},{'R1'},{'D2'},{'D1'},{'R2'},{'R5'},{'R3'},{'R4'},&,1.0,&
{'D3'},{'D4'},{'D5'},{'R1'},{'D2'},{'D1'},{'R2'},{'R5'},{'R4'},{'R3'},&,1.0,&
{'D3'},{'D4'},{'D5'},{'R1'},{'D2'},{'D1'},{'R2'},{'R4'},{'R3'},{'R5'},&,1.0,&
{'D3'},{'D4'},{'D5'},{'R1'},{'D2'},{'D1'},{'R2'},{'R3'},{'R5'},{'R4'},&,3.0,&
{'D3'},{'D4'},{'D5'},{'R1'},{'D2'},{'R2'},{'R5'},{'D1'},{'R3'},{'R4'},&,1.0,&
{'D3'},{'D4'},{'D5'},{'R1'},{'D2'},{'R2'},{'D1'},{'R5'},{'R3'},{'R4'},&,1.0,&
{'D3'},{'D4'},{'D5'},{'R1'},{'D1'},{'R2'},{'R5'},{'D2'},{'R3'},{'R4'},&,1.0,&
{'D3'},{'D4'},{'D5'},{'R1'},{'D1'},{'D2'},{'R2'},{'R5'},{'R3'},{'R4'},&,1.0,&
{'D3'},{'D4'},{'D5'},{'R1'},{'R2'},{'D1'},{'D2'},{'R5'},{'R4'},{'R3'},&,1.0,&
{'D3'},{'D4'},{'D5'},{'R1'},{'R2'},{'D1'},{'D2'},{'R3'},{'R5'},{'R4'},&,2.0,&
{'D3'},{'D4'},{'D5'},{'R1'},{'R2'},{'R5'},{'D2'},{'D1'},{'R3'},{'R4'},&,1.0,&
{'D3'},{'D4'},{'D5'},{'R1'},{'R2'},{'R5'},{'R4'},{'D2'},{'D1'},{'R3'},&,1.0,&
{'D3'},{'D4'},{'D5'},{'R1'},{'R2'},{'D2'},{'D1'},{'R5'},{'R3'},{'R4'},&,1.0,&
{'D3'},{'D4'},{'D5'},{'R3'},{'D2'},{'R2'},{'D1'},{'R1'},{'R5'},{'R4'},&,1.0,&
{'D3'},{'D4'},{'D5'},{'R3'},{'D1'},{'R2'},{'D2'},{'R1'},{'R5'},{'R4'},&,1.0,&
{'D3'},{'D4'},{'D5'},{'R3'},{'D1'},{'D2'},{'R1'},{'R5'},{'R2'},{'R4'},&,1.0,&
{'D3'},{'D4'},{'D2'},{'D5'},{'D1'},{'R1'},{'R2'},{'R5'},{'R3'},{'R4'},&,4.0,&
{'D3'},{'D4'},{'D2'},{'D5'},{'D1'},{'R1'},{'R2'},{'R4'},{'R5'},{'R3'},&,2.0,&
{'D3'},{'D4'},{'D2'},{'D5'},{'D1'},{'R1'},{'R2'},{'R3'},{'R5'},{'R4'},&,2.0,&
{'D3'},{'D4'},{'D2'},{'D5'},{'D1'},{'R1'},{'R5'},{'R2'},{'R3'},{'R4'},&,1.0,&
{'D3'},{'D4'},{'D2'},{'D5'},{'D1'},{'R2'},{'R5'},{'R1'},{'R4'},{'R3'},&,1.0,&
{'D3'},{'D4'},{'D2'},{'D5'},{'D1'},{'R2'},{'R1'},{'R5'},{'R3'},{'R4'},&,13.0,&
{'D3'},{'D4'},{'D2'},{'D5'},{'D1'},{'R2'},{'R1'},{'R5'},{'R4'},{'R3'},&,2.0,&
{'D3'},{'D4'},{'D2'},{'D5'},{'D1'},{'R2'},{'R1'},{'R4'},{'R5'},{'R3'},&,1.0,&
{'D3'},{'D4'},{'D2'},{'D5'},{'D1'},{'R2'},{'R1'},{'R3'},{'R4'},{'R5'},&,2.0,&
{'D3'},{'D4'},{'D2'},{'D5'},{'D1'},{'R2'},{'R1'},{'R3'},{'R5'},{'R4'},&,6.0,&
{'D3'},{'D4'},{'D2'},{'D5'},{'D1'},{'R2'},{'R3'},{'R1'},{'R5'},{'R4'},&,2.0,&
{'D3'},{'D4'},{'D2'},{'D5'},{'D1'},{'R2'},{'R4'},{'R1'},{'R5'},{'R3'},&,2.0,&
{'D3'},{'D4'},{'D2'},{'D5'},{'D1'},{'R5'},{'R2'},{'R1'},{'R3'},{'R4'},&,1.0,&
{'D3'},{'D4'},{'D2'},{'D5'},{'D1'},{'R3'},{'R2'},{'R1'},{'R4'},{'R5'},&,1.0,&
{'D3'},{'D4'},{'D2'},{'D5'},{'R1'},{'D1'},{'R2'},{'R3'},{'R5'},{'R4'},&,1.0,&
{'D3'},{'D4'},{'D2'},{'D5'},{'R2'},{'D1'},{'R1'},{'R5'},{'R3'},{'R4'},&,1.0,&
{'D3'},{'D4'},{'D2'},{'D5'},{'R2'},{'D1'},{'R1'},{'R5'},{'R4'},{'R3'},&,1.0,&
{'D3'},{'D4'},{'D2'},{'D5'},{'R2'},{'D1'},{'R1'},{'R4'},{'R5'},{'R3'},&,1.0,&
{'D3'},{'D4'},{'D2'},{'D5'},{'R2'},{'D1'},{'R1'},{'R3'},{'R5'},{'R4'},&,1.0,&
{'D3'},{'D4'},{'D2'},{'D1'},{'D5'},{'R1'},{'R2'},{'R5'},{'R3'},{'R4'},&,1.0,&
{'D3'},{'D4'},{'D2'},{'D1'},{'D5'},{'R1'},{'R2'},{'R3'},{'R5'},{'R4'},&,1.0,&
{'D3'},{'D4'},{'D2'},{'D1'},{'D5'},{'R1'},{'R5'},{'R2'},{'R3'},{'R4'},&,1.0,&
{'D3'},{'D4'},{'D2'},{'D1'},{'D5'},{'R2'},{'R1'},{'R5'},{'R3'},{'R4'},&,2.0,&
{'D3'},{'D4'},{'D2'},{'D1'},{'D5'},{'R2'},{'R1'},{'R4'},{'R5'},{'R3'},&,1.0,&
{'D3'},{'D4'},{'D2'},{'D1'},{'D5'},{'R2'},{'R1'},{'R3'},{'R4'},{'R5'},&,1.0,&
{'D3'},{'D4'},{'D2'},{'D1'},{'D5'},{'R5'},{'R2'},{'R1'},{'R3'},{'R4'},&,1.0,&
{'D3'},{'D4'},{'D2'},{'D1'},{'R2'},{'D5'},{'R1'},{'R5'},{'R3'},{'R4'},&,1.0,&
{'D3'},{'D4'},{'D2'},{'R2'},{'D1'},{'D5'},{'R1'},{'R5'},{'R4'},{'R3'},&,1.0,&
{'D3'},{'D4'},{'D2'},{'R2'},{'R1'},{'D5'},{'D1'},{'R4'},{'R5'},{'R3'},&,1.0,&
{'D3'},{'D4'},{'D2'},{'R2'},{'D5'},{'D1'},{'R5'},{'R1'},{'R3'},{'R4'},&,1.0,&
{'D3'},{'D4'},{'D2'},{'R2'},{'D5'},{'D1'},{'R5'},{'R1'},{'R4'},{'R3'},&,1.0,&
{'D3'},{'D4'},{'D2'},{'R2'},{'D5'},{'D1'},{'R1'},{'R5'},{'R3'},{'R4'},&,1.0,&
{'D3'},{'D4'},{'D2'},{'R2'},{'D5'},{'D1'},{'R1'},{'R3'},{'R4'},{'R5'},&,1.0,&
{'D3'},{'D4'},{'D2'},{'R2'},{'D5'},{'D1'},{'R1'},{'R3'},{'R5'},{'R4'},&,2.0,&
{'D3'},{'D4'},{'D2'},{'R2'},{'R5'},{'D5'},{'D1'},{'R1'},{'R4'},{'R3'},&,1.0,&
{'D3'},{'D4'},{'D2'},{'R5'},{'D5'},{'R1'},{'D1'},{'R2'},{'R4'},{'R3'},&,1.0,&
{'D3'},{'D4'},{'D2'},{'R5'},{'D5'},{'R2'},{'R1'},{'D1'},{'R3'},{'R4'},&,1.0,&
{'D3'},{'D4'},{'D2'},{'R1'},{'D5'},{'D1'},{'R2'},{'R5'},{'R3'},{'R4'},&,1.0,&
{'D3'},{'D4'},{'D2'},{'R1'},{'D5'},{'D1'},{'R2'},{'R3'},{'R5'},{'R4'},&,1.0,&
{'D3'},{'D4'},{'D2'},{'R3'},{'D5'},{'D1'},{'R2'},{'R1'},{'R5'},{'R4'},&,1.0,&
{'D3'},{'D4'},{'R2'},{'D5'},{'D2'},{'D1'},{'R5'},{'R1'},{'R4'},{'R3'},&,1.0,&
{'D3'},{'D4'},{'R2'},{'D5'},{'D2'},{'D1'},{'R5'},{'R4'},{'R1'},{'R3'},&,1.0,&
{'D3'},{'D4'},{'R2'},{'D5'},{'D2'},{'D1'},{'R1'},{'R5'},{'R3'},{'R4'},&,6.0,&
{'D3'},{'D4'},{'R2'},{'D5'},{'D2'},{'D1'},{'R1'},{'R5'},{'R4'},{'R3'},&,1.0,&
{'D3'},{'D4'},{'R2'},{'D5'},{'D2'},{'D1'},{'R1'},{'R4'},{'R3'},{'R5'},&,1.0,&
{'D3'},{'D4'},{'R2'},{'D5'},{'D2'},{'D1'},{'R1'},{'R4'},{'R5'},{'R3'},&,1.0,&
{'D3'},{'D4'},{'R2'},{'D5'},{'D2'},{'D1'},{'R1'},{'R3'},{'R5'},{'R4'},&,1.0,&
{'D3'},{'D4'},{'R2'},{'D5'},{'D2'},{'D1'},{'R4'},{'R1'},{'R3'},{'R5'},&,1.0,&
{'D3'},{'D4'},{'R2'},{'D5'},{'D2'},{'D1'},{'R4'},{'R1'},{'R5'},{'R3'},&,1.0,&
{'D3'},{'D4'},{'R2'},{'D5'},{'D1'},{'R1'},{'D2'},{'R5'},{'R3'},{'R4'},&,1.0,&
{'D3'},{'D4'},{'R2'},{'D5'},{'D1'},{'R1'},{'D2'},{'R5'},{'R4'},{'R3'},&,1.0,&
{'D3'},{'D4'},{'R2'},{'D5'},{'D1'},{'D2'},{'R1'},{'R5'},{'R3'},{'R4'},&,2.0,&
{'D3'},{'D4'},{'R2'},{'D5'},{'D1'},{'D2'},{'R1'},{'R4'},{'R5'},{'R3'},&,2.0,&
{'D3'},{'D4'},{'R2'},{'D5'},{'D1'},{'D2'},{'R1'},{'R3'},{'R4'},{'R5'},&,3.0,&
{'D3'},{'D4'},{'R2'},{'D5'},{'D1'},{'D2'},{'R1'},{'R3'},{'R5'},{'R4'},&,1.0,&
{'D3'},{'D4'},{'R2'},{'D5'},{'R1'},{'D1'},{'D2'},{'R3'},{'R5'},{'R4'},&,1.0,&
{'D3'},{'D4'},{'R2'},{'D5'},{'R1'},{'D2'},{'D1'},{'R3'},{'R5'},{'R4'},&,1.0,&
{'D3'},{'D4'},{'R2'},{'D2'},{'D1'},{'D5'},{'R1'},{'R5'},{'R3'},{'R4'},&,1.0,&
{'D3'},{'D4'},{'R2'},{'D2'},{'R1'},{'D1'},{'D5'},{'R4'},{'R5'},{'R3'},&,1.0,&
{'D3'},{'D4'},{'R2'},{'D2'},{'R1'},{'D5'},{'D1'},{'R3'},{'R5'},{'R4'},&,1.0,&
{'D3'},{'D4'},{'R2'},{'D2'},{'D5'},{'D1'},{'R1'},{'R5'},{'R3'},{'R4'},&,2.0,&
{'D3'},{'D4'},{'R2'},{'D2'},{'D5'},{'D1'},{'R1'},{'R5'},{'R4'},{'R3'},&,1.0,&
{'D3'},{'D4'},{'R2'},{'D2'},{'D5'},{'D1'},{'R3'},{'R1'},{'R5'},{'R4'},&,2.0,&
{'D3'},{'D4'},{'R2'},{'D2'},{'D5'},{'R1'},{'D1'},{'R5'},{'R3'},{'R4'},&,2.0,&
{'D3'},{'D4'},{'R2'},{'D2'},{'R5'},{'D5'},{'D1'},{'R4'},{'R1'},{'R3'},&,1.0,&
{'D3'},{'D4'},{'R2'},{'D1'},{'D5'},{'D2'},{'R1'},{'R5'},{'R3'},{'R4'},&,2.0,&
{'D3'},{'D4'},{'R2'},{'D1'},{'D5'},{'D2'},{'R1'},{'R3'},{'R5'},{'R4'},&,1.0,&
{'D3'},{'D4'},{'R2'},{'R5'},{'D5'},{'R1'},{'D2'},{'R3'},{'D1'},{'R4'},&,1.0,&
{'D3'},{'D4'},{'R2'},{'R5'},{'D5'},{'D2'},{'R1'},{'D1'},{'R3'},{'R4'},&,1.0,&
{'D3'},{'D4'},{'R2'},{'R1'},{'D1'},{'D5'},{'D2'},{'R5'},{'R3'},{'R4'},&,1.0,&
{'D3'},{'D4'},{'R2'},{'R1'},{'D5'},{'D1'},{'D2'},{'R5'},{'R3'},{'R4'},&,2.0,&
{'D3'},{'D4'},{'R2'},{'R1'},{'D5'},{'D2'},{'D1'},{'R3'},{'R5'},{'R4'},&,1.0,&
{'D3'},{'D4'},{'R2'},{'R1'},{'D5'},{'D2'},{'R4'},{'D1'},{'R5'},{'R3'},&,1.0,&
{'D3'},{'D4'},{'R2'},{'R1'},{'R3'},{'D2'},{'R4'},{'D5'},{'D1'},{'R5'},&,1.0,&
{'D3'},{'D4'},{'R1'},{'D5'},{'D2'},{'D1'},{'R2'},{'R5'},{'R3'},{'R4'},&,3.0,&
{'D3'},{'D4'},{'R1'},{'D5'},{'D2'},{'D1'},{'R2'},{'R4'},{'R5'},{'R3'},&,1.0,&
{'D3'},{'D4'},{'R1'},{'D5'},{'D2'},{'D1'},{'R2'},{'R3'},{'R5'},{'R4'},&,2.0,&
{'D3'},{'D4'},{'R1'},{'D5'},{'D2'},{'D1'},{'R5'},{'R2'},{'R3'},{'R4'},&,2.0,&
{'D3'},{'D4'},{'R1'},{'D5'},{'D2'},{'R2'},{'D1'},{'R5'},{'R3'},{'R4'},&,1.0,&
{'D3'},{'D4'},{'R1'},{'D5'},{'D2'},{'R5'},{'D1'},{'R2'},{'R3'},{'R4'},&,1.0,&
{'D3'},{'D4'},{'R1'},{'D5'},{'D1'},{'R2'},{'D2'},{'R5'},{'R3'},{'R4'},&,2.0,&
{'D3'},{'D4'},{'R1'},{'D5'},{'D1'},{'D2'},{'R2'},{'R5'},{'R3'},{'R4'},&,1.0,&
{'D3'},{'D4'},{'R1'},{'D5'},{'D1'},{'D2'},{'R2'},{'R5'},{'R4'},{'R3'},&,1.0,&
{'D3'},{'D4'},{'R1'},{'D5'},{'D1'},{'D2'},{'R2'},{'R4'},{'R5'},{'R3'},&,2.0,&
{'D3'},{'D4'},{'R1'},{'D5'},{'D1'},{'D2'},{'R3'},{'R5'},{'R2'},{'R4'},&,1.0,&
{'D3'},{'D4'},{'R1'},{'D5'},{'R2'},{'D2'},{'D1'},{'R5'},{'R3'},{'R4'},&,2.0,&
{'D3'},{'D4'},{'R1'},{'D5'},{'R2'},{'D2'},{'D1'},{'R4'},{'R5'},{'R3'},&,2.0,&
{'D3'},{'D4'},{'R1'},{'D2'},{'D5'},{'D1'},{'R2'},{'R5'},{'R3'},{'R4'},&,1.0,&
{'D3'},{'D4'},{'R1'},{'D2'},{'D5'},{'D1'},{'R2'},{'R3'},{'R5'},{'R4'},&,1.0,&
{'D3'},{'D4'},{'R1'},{'D2'},{'R2'},{'D5'},{'D1'},{'R4'},{'R5'},{'R3'},&,1.0,&
{'D3'},{'D4'},{'R1'},{'D1'},{'D2'},{'D5'},{'R2'},{'R3'},{'R5'},{'R4'},&,1.0,&
{'D3'},{'D4'},{'R1'},{'D1'},{'D5'},{'R3'},{'D2'},{'R2'},{'R4'},{'R5'},&,1.0,&
{'D3'},{'D4'},{'R1'},{'D1'},{'D5'},{'D2'},{'R2'},{'R3'},{'R5'},{'R4'},&,1.0,&
{'D3'},{'D4'},{'R1'},{'D1'},{'R3'},{'D5'},{'D2'},{'R2'},{'R5'},{'R4'},&,1.0,&
{'D3'},{'D4'},{'R1'},{'R2'},{'D2'},{'D5'},{'D1'},{'R5'},{'R3'},{'R4'},&,1.0,&
{'D3'},{'D4'},{'R1'},{'R2'},{'D2'},{'D5'},{'D1'},{'R4'},{'R3'},{'R5'},&,1.0,&
{'D3'},{'D4'},{'R1'},{'R2'},{'D5'},{'D1'},{'R5'},{'D2'},{'R3'},{'R4'},&,1.0,&
{'D3'},{'D4'},{'R1'},{'R2'},{'D5'},{'D2'},{'D1'},{'R5'},{'R3'},{'R4'},&,3.0,&
{'D3'},{'D4'},{'R1'},{'R2'},{'R4'},{'R5'},{'R3'},{'D5'},{'D1'},{'D2'},&,1.0,&
{'D3'},{'D4'},{'R1'},{'R3'},{'D5'},{'R2'},{'D2'},{'D1'},{'R5'},{'R4'},&,1.0,&
{'D3'},{'D4'},{'R5'},{'D5'},{'D2'},{'D1'},{'R2'},{'R1'},{'R3'},{'R4'},&,1.0,&
{'D3'},{'D4'},{'R5'},{'D5'},{'D2'},{'D1'},{'R2'},{'R1'},{'R4'},{'R3'},&,1.0,&
{'D3'},{'D4'},{'R5'},{'D5'},{'D2'},{'D1'},{'R3'},{'R2'},{'R1'},{'R4'},&,1.0,&
{'D3'},{'D4'},{'R5'},{'D5'},{'D1'},{'D2'},{'R2'},{'R1'},{'R3'},{'R4'},&,1.0,&
{'D3'},{'D4'},{'R5'},{'R2'},{'D2'},{'D5'},{'D1'},{'R1'},{'R3'},{'R4'},&,1.0,&
{'D3'},{'D4'},{'R3'},{'D5'},{'D2'},{'D1'},{'R1'},{'R2'},{'R5'},{'R4'},&,1.0,&
{'D3'},{'D4'},{'R4'},{'D5'},{'D1'},{'D2'},{'R2'},{'R1'},{'R5'},{'R3'},&,1.0,&
{'D3'},{'D4'},{'R4'},{'D1'},{'D5'},{'D2'},{'R5'},{'R2'},{'R1'},{'R3'},&,1.0,&
{'D3'},{'R1'},{'D1'},{'D5'},{'D4'},{'D2'},{'R2'},{'R5'},{'R3'},{'R4'},&,1.0,&
{'D3'},{'R1'},{'D1'},{'D4'},{'D5'},{'R2'},{'D2'},{'R3'},{'R5'},{'R4'},&,1.0,&
{'D3'},{'R1'},{'D1'},{'D4'},{'D5'},{'D2'},{'R2'},{'R5'},{'R4'},{'R3'},&,1.0,&
{'D3'},{'R1'},{'D1'},{'R2'},{'D4'},{'D5'},{'D2'},{'R3'},{'R5'},{'R4'},&,1.0,&
{'D3'},{'R1'},{'D1'},{'R2'},{'R3'},{'R4'},{'R5'},{'D5'},{'D4'},{'D2'},&,1.0,&
{'D3'},{'R1'},{'D5'},{'D4'},{'D2'},{'D1'},{'R2'},{'R5'},{'R4'},{'R3'},&,3.0,&
{'D3'},{'R1'},{'D5'},{'D4'},{'D2'},{'D1'},{'R2'},{'R3'},{'R5'},{'R4'},&,3.0,&
{'D3'},{'R1'},{'D5'},{'D4'},{'D2'},{'D1'},{'R5'},{'R2'},{'R3'},{'R4'},&,1.0,&
{'D3'},{'R1'},{'D5'},{'D4'},{'D2'},{'D1'},{'R5'},{'R2'},{'R4'},{'R3'},&,1.0,&
{'D3'},{'R1'},{'D5'},{'D4'},{'D2'},{'R2'},{'D1'},{'R5'},{'R4'},{'R3'},&,1.0,&
{'D3'},{'R1'},{'D5'},{'D4'},{'D1'},{'R2'},{'D2'},{'R5'},{'R3'},{'R4'},&,1.0,&
{'D3'},{'R1'},{'D5'},{'D4'},{'D1'},{'D2'},{'R2'},{'R5'},{'R3'},{'R4'},&,3.0,&
{'D3'},{'R1'},{'D5'},{'D4'},{'R2'},{'D1'},{'D2'},{'R3'},{'R5'},{'R4'},&,1.0,&
{'D3'},{'R1'},{'D5'},{'D4'},{'R2'},{'R5'},{'D1'},{'D2'},{'R3'},{'R4'},&,1.0,&
{'D3'},{'R1'},{'D5'},{'D4'},{'R2'},{'D2'},{'D1'},{'R3'},{'R5'},{'R4'},&,1.0,&
{'D3'},{'R1'},{'D5'},{'D4'},{'R3'},{'D1'},{'D2'},{'R2'},{'R5'},{'R4'},&,1.0,&
{'D3'},{'R1'},{'D5'},{'D2'},{'D1'},{'D4'},{'R2'},{'R3'},{'R5'},{'R4'},&,1.0,&
{'D3'},{'R1'},{'D5'},{'D2'},{'D4'},{'D1'},{'R2'},{'R5'},{'R3'},{'R4'},&,1.0,&
{'D3'},{'R1'},{'D5'},{'D2'},{'D4'},{'D1'},{'R2'},{'R3'},{'R4'},{'R5'},&,1.0,&
{'D3'},{'R1'},{'D5'},{'D2'},{'D4'},{'D1'},{'R5'},{'R2'},{'R3'},{'R4'},&,1.0,&
{'D3'},{'R1'},{'D5'},{'D2'},{'D4'},{'R2'},{'D1'},{'R5'},{'R4'},{'R3'},&,1.0,&
{'D3'},{'R1'},{'D5'},{'R2'},{'D4'},{'D2'},{'D1'},{'R5'},{'R3'},{'R4'},&,1.0,&
{'D3'},{'R1'},{'D5'},{'R2'},{'D4'},{'D2'},{'D1'},{'R3'},{'R5'},{'R4'},&,1.0,&
{'D3'},{'R1'},{'D5'},{'R2'},{'R5'},{'D1'},{'D2'},{'D4'},{'R3'},{'R4'},&,1.0,&
{'D3'},{'R1'},{'D5'},{'R2'},{'R5'},{'D4'},{'D2'},{'D1'},{'R3'},{'R4'},&,1.0,&
{'D3'},{'R1'},{'D5'},{'R5'},{'R2'},{'R3'},{'D1'},{'R4'},{'D2'},{'D4'},&,1.0,&
{'D3'},{'R1'},{'D5'},{'R4'},{'D4'},{'D1'},{'D2'},{'R2'},{'R3'},{'R5'},&,1.0,&
{'D3'},{'R1'},{'D5'},{'R4'},{'R2'},{'R5'},{'R3'},{'D1'},{'D4'},{'D2'},&,1.0,&
{'D3'},{'R1'},{'D2'},{'D4'},{'D5'},{'D1'},{'R2'},{'R5'},{'R3'},{'R4'},&,1.0,&
{'D3'},{'R1'},{'D2'},{'D4'},{'D5'},{'D1'},{'R5'},{'R2'},{'R4'},{'R3'},&,1.0,&
{'D3'},{'R1'},{'D2'},{'D4'},{'R2'},{'D5'},{'D1'},{'R5'},{'R3'},{'R4'},&,2.0,&
{'D3'},{'R1'},{'D2'},{'D4'},{'R2'},{'R5'},{'D5'},{'D1'},{'R3'},{'R4'},&,1.0,&
{'D3'},{'R1'},{'D2'},{'R2'},{'R5'},{'D5'},{'R3'},{'R4'},{'D4'},{'D1'},&,1.0,&
{'D3'},{'R1'},{'D4'},{'D5'},{'D2'},{'D1'},{'R2'},{'R5'},{'R3'},{'R4'},&,5.0,&
{'D3'},{'R1'},{'D4'},{'D5'},{'D2'},{'D1'},{'R2'},{'R5'},{'R4'},{'R3'},&,1.0,&
{'D3'},{'R1'},{'D4'},{'D5'},{'D2'},{'D1'},{'R2'},{'R3'},{'R4'},{'R5'},&,1.0,&
{'D3'},{'R1'},{'D4'},{'D5'},{'D2'},{'D1'},{'R2'},{'R3'},{'R5'},{'R4'},&,1.0,&
{'D3'},{'R1'},{'D4'},{'D5'},{'D2'},{'D1'},{'R5'},{'R2'},{'R3'},{'R4'},&,1.0,&
{'D3'},{'R1'},{'D4'},{'D5'},{'D2'},{'D1'},{'R5'},{'R2'},{'R4'},{'R3'},&,1.0,&
{'D3'},{'R1'},{'D4'},{'D5'},{'D2'},{'R2'},{'D1'},{'R5'},{'R3'},{'R4'},&,1.0,&
{'D3'},{'R1'},{'D4'},{'D5'},{'D1'},{'R2'},{'D2'},{'R4'},{'R3'},{'R5'},&,1.0,&
{'D3'},{'R1'},{'D4'},{'D5'},{'D1'},{'D2'},{'R2'},{'R5'},{'R3'},{'R4'},&,2.0,&
{'D3'},{'R1'},{'D4'},{'D5'},{'D1'},{'D2'},{'R2'},{'R3'},{'R5'},{'R4'},&,1.0,&
{'D3'},{'R1'},{'D4'},{'D5'},{'D1'},{'D2'},{'R5'},{'R2'},{'R3'},{'R4'},&,1.0,&
{'D3'},{'R1'},{'D4'},{'D5'},{'R2'},{'D1'},{'D2'},{'R5'},{'R3'},{'R4'},&,1.0,&
{'D3'},{'R1'},{'D4'},{'D5'},{'R2'},{'D1'},{'D2'},{'R3'},{'R5'},{'R4'},&,1.0,&
{'D3'},{'R1'},{'D4'},{'D2'},{'D1'},{'D5'},{'R2'},{'R3'},{'R5'},{'R4'},&,1.0,&
{'D3'},{'R1'},{'D4'},{'D2'},{'D5'},{'D1'},{'R2'},{'R5'},{'R3'},{'R4'},&,1.0,&
{'D3'},{'R1'},{'D4'},{'D2'},{'D5'},{'D1'},{'R2'},{'R3'},{'R5'},{'R4'},&,1.0,&
{'D3'},{'R1'},{'D4'},{'D2'},{'D5'},{'D1'},{'R3'},{'R2'},{'R4'},{'R5'},&,1.0,&
{'D3'},{'R1'},{'D4'},{'D2'},{'D5'},{'D1'},{'R3'},{'R2'},{'R5'},{'R4'},&,1.0,&
{'D3'},{'R1'},{'D4'},{'D1'},{'D5'},{'R3'},{'D2'},{'R5'},{'R2'},{'R4'},&,1.0,&
{'D3'},{'R1'},{'D4'},{'D1'},{'D5'},{'D2'},{'R2'},{'R5'},{'R3'},{'R4'},&,1.0,&
{'D3'},{'R1'},{'D4'},{'D1'},{'D5'},{'D2'},{'R5'},{'R2'},{'R3'},{'R4'},&,1.0,&
{'D3'},{'R1'},{'D4'},{'R2'},{'R5'},{'D5'},{'R3'},{'D2'},{'D1'},{'R4'},&,1.0,&
{'D3'},{'R1'},{'D4'},{'R2'},{'R5'},{'R4'},{'R3'},{'D1'},{'D5'},{'D2'},&,1.0,&
{'D3'},{'R1'},{'R2'},{'D5'},{'D1'},{'R5'},{'R4'},{'R3'},{'D4'},{'D2'},&,1.0,&
{'D3'},{'R1'},{'R2'},{'D5'},{'D4'},{'D1'},{'D2'},{'R5'},{'R4'},{'R3'},&,1.0,&
{'D3'},{'R1'},{'R2'},{'D5'},{'D4'},{'R5'},{'D2'},{'R4'},{'D1'},{'R3'},&,1.0,&
{'D3'},{'R1'},{'R2'},{'D5'},{'D4'},{'D2'},{'R5'},{'D1'},{'R4'},{'R3'},&,1.0,&
{'D3'},{'R1'},{'R2'},{'D5'},{'D4'},{'D2'},{'D1'},{'R5'},{'R3'},{'R4'},&,1.0,&
{'D3'},{'R1'},{'R2'},{'D5'},{'D4'},{'D2'},{'D1'},{'R3'},{'R5'},{'R4'},&,1.0,&
{'D3'},{'R1'},{'R2'},{'D4'},{'D5'},{'D1'},{'R5'},{'D2'},{'R3'},{'R4'},&,1.0,&
{'D3'},{'R1'},{'R2'},{'D4'},{'D5'},{'D2'},{'D1'},{'R4'},{'R5'},{'R3'},&,1.0,&
{'D3'},{'R1'},{'R2'},{'D2'},{'D4'},{'D5'},{'R4'},{'D1'},{'R5'},{'R3'},&,1.0,&
{'D3'},{'R1'},{'R2'},{'D2'},{'R4'},{'D5'},{'R5'},{'R3'},{'D1'},{'D4'},&,1.0,&
{'D3'},{'R1'},{'R2'},{'D2'},{'R4'},{'D4'},{'D5'},{'D1'},{'R3'},{'R5'},&,1.0,&
{'D3'},{'R1'},{'R2'},{'D1'},{'D2'},{'D5'},{'D4'},{'R3'},{'R4'},{'R5'},&,1.0,&
{'D3'},{'R1'},{'R2'},{'D1'},{'D4'},{'D5'},{'D2'},{'R3'},{'R5'},{'R4'},&,1.0,&
{'D3'},{'R1'},{'R2'},{'D1'},{'R5'},{'R3'},{'R4'},{'D4'},{'D2'},{'D5'},&,1.0,&
{'D3'},{'R1'},{'R2'},{'D1'},{'R3'},{'R5'},{'R4'},{'D5'},{'D2'},{'D4'},&,1.0,&
{'D3'},{'R1'},{'R2'},{'R5'},{'D1'},{'D5'},{'D4'},{'D2'},{'R3'},{'R4'},&,2.0,&
{'D3'},{'R1'},{'R2'},{'R5'},{'D1'},{'R4'},{'R3'},{'D4'},{'D5'},{'D2'},&,1.0,&
{'D3'},{'R1'},{'R2'},{'R5'},{'D4'},{'D1'},{'D5'},{'D2'},{'R3'},{'R4'},&,1.0,&
{'D3'},{'R1'},{'R2'},{'R5'},{'D4'},{'D5'},{'D2'},{'D1'},{'R4'},{'R3'},&,1.0,&
{'D3'},{'R1'},{'R2'},{'R5'},{'R3'},{'R4'},{'D5'},{'D1'},{'D2'},{'D4'},&,1.0,&
{'D3'},{'R1'},{'R2'},{'R5'},{'R4'},{'R3'},{'D2'},{'D5'},{'D1'},{'D4'},&,1.0,&
{'D3'},{'R1'},{'R2'},{'R5'},{'R4'},{'R3'},{'D1'},{'D5'},{'D2'},{'D4'},&,1.0,&
{'D3'},{'R1'},{'R2'},{'R5'},{'R4'},{'R3'},{'D1'},{'D4'},{'D5'},{'D2'},&,1.0,&
{'D3'},{'R1'},{'R2'},{'R5'},{'R4'},{'R3'},{'D4'},{'D5'},{'D1'},{'D2'},&,1.0,&
{'D3'},{'R1'},{'R2'},{'R5'},{'R4'},{'R3'},{'D5'},{'D1'},{'D4'},{'D2'},&,1.0,&
{'D3'},{'R1'},{'R2'},{'R5'},{'R4'},{'D2'},{'R3'},{'D1'},{'D5'},{'D4'},&,1.0,&
{'D3'},{'R1'},{'R2'},{'R3'},{'R5'},{'R4'},{'D1'},{'D5'},{'D2'},{'D4'},&,1.0,&
{'D3'},{'R1'},{'R2'},{'R3'},{'R4'},{'R5'},{'D1'},{'D5'},{'D2'},{'D4'},&,1.0,&
{'D3'},{'R1'},{'R2'},{'R3'},{'R4'},{'R5'},{'D1'},{'D5'},{'D4'},{'D2'},&,1.0,&
{'D3'},{'R1'},{'R2'},{'R3'},{'R4'},{'R5'},{'D5'},{'D1'},{'D2'},{'D4'},&,1.0,&
{'D3'},{'R1'},{'R2'},{'R3'},{'R4'},{'R5'},{'D5'},{'D4'},{'D2'},{'D1'},&,1.0,&
{'D3'},{'R1'},{'R2'},{'R4'},{'R5'},{'D5'},{'D2'},{'D4'},{'D1'},{'R3'},&,1.0,&
{'D3'},{'R1'},{'R2'},{'R4'},{'R3'},{'R5'},{'D1'},{'D5'},{'D4'},{'D2'},&,1.0,&
{'D3'},{'R1'},{'R5'},{'D5'},{'R2'},{'R4'},{'R3'},{'D1'},{'D4'},{'D2'},&,1.0,&
{'D3'},{'R1'},{'R5'},{'D5'},{'R2'},{'R4'},{'D4'},{'R3'},{'D1'},{'D2'},&,1.0,&
{'D3'},{'R1'},{'R5'},{'D1'},{'D5'},{'D4'},{'D2'},{'R2'},{'R3'},{'R4'},&,1.0,&
{'D3'},{'R1'},{'R5'},{'D1'},{'R2'},{'R4'},{'R3'},{'D5'},{'D4'},{'D2'},&,1.0,&
{'D3'},{'R1'},{'R5'},{'R2'},{'D1'},{'D5'},{'R4'},{'R3'},{'D2'},{'D4'},&,1.0,&
{'D3'},{'R1'},{'R5'},{'R2'},{'D5'},{'R4'},{'R3'},{'D1'},{'D2'},{'D4'},&,1.0,&
{'D3'},{'R1'},{'R5'},{'R2'},{'R3'},{'R4'},{'D1'},{'D5'},{'D4'},{'D2'},&,1.0,&
{'D3'},{'R1'},{'R5'},{'R2'},{'R3'},{'R4'},{'D1'},{'D4'},{'D5'},{'D2'},&,1.0,&
{'D3'},{'R1'},{'R5'},{'R2'},{'R4'},{'R3'},{'D2'},{'D1'},{'D5'},{'D4'},&,1.0,&
{'D3'},{'R1'},{'R5'},{'R2'},{'R4'},{'R3'},{'D1'},{'D2'},{'D5'},{'D4'},&,1.0,&
{'D3'},{'R1'},{'R5'},{'R2'},{'R4'},{'R3'},{'D1'},{'D5'},{'D2'},{'D4'},&,1.0,&
{'D3'},{'R1'},{'R5'},{'R2'},{'R4'},{'R3'},{'D1'},{'D5'},{'D4'},{'D2'},&,1.0,&
{'D3'},{'R1'},{'R3'},{'D2'},{'R4'},{'R2'},{'R5'},{'D5'},{'D1'},{'D4'},&,1.0,&
{'D3'},{'R1'},{'R3'},{'R2'},{'D1'},{'D5'},{'R4'},{'R5'},{'D2'},{'D4'},&,1.0,&
{'D3'},{'R1'},{'R4'},{'D5'},{'R3'},{'R2'},{'R5'},{'D1'},{'D4'},{'D2'},&,1.0,&
{'D3'},{'R1'},{'R4'},{'R2'},{'R5'},{'R3'},{'D1'},{'D2'},{'D5'},{'D4'},&,1.0,&
{'D3'},{'R1'},{'R4'},{'R2'},{'R5'},{'R3'},{'D1'},{'D5'},{'D4'},{'D2'},&,2.0,&
{'D3'},{'R2'},{'D1'},{'D5'},{'R1'},{'D4'},{'D2'},{'R5'},{'R3'},{'R4'},&,1.0,&
{'D3'},{'R2'},{'D1'},{'D5'},{'R1'},{'D4'},{'D2'},{'R5'},{'R4'},{'R3'},&,1.0,&
{'D3'},{'R2'},{'D1'},{'D5'},{'D4'},{'D2'},{'R5'},{'R1'},{'R3'},{'R4'},&,1.0,&
{'D3'},{'R2'},{'D1'},{'D5'},{'D4'},{'D2'},{'R1'},{'R5'},{'R4'},{'R3'},&,1.0,&
{'D3'},{'R2'},{'D1'},{'D4'},{'D5'},{'D2'},{'R1'},{'R5'},{'R3'},{'R4'},&,1.0,&
{'D3'},{'R2'},{'D1'},{'D2'},{'D4'},{'D5'},{'R1'},{'R5'},{'R3'},{'R4'},&,1.0,&
{'D3'},{'R2'},{'D1'},{'D2'},{'D5'},{'D4'},{'R1'},{'R5'},{'R4'},{'R3'},&,1.0,&
{'D3'},{'R2'},{'D1'},{'R1'},{'D4'},{'D5'},{'D2'},{'R5'},{'R3'},{'R4'},&,1.0,&
{'D3'},{'R2'},{'D1'},{'R1'},{'R5'},{'D5'},{'R4'},{'R3'},{'D2'},{'D4'},&,1.0,&
{'D3'},{'R2'},{'D1'},{'R1'},{'R4'},{'D5'},{'R5'},{'D2'},{'D4'},{'R3'},&,1.0,&
{'D3'},{'R2'},{'D5'},{'D4'},{'D2'},{'D1'},{'R5'},{'R1'},{'R3'},{'R4'},&,3.0,&
{'D3'},{'R2'},{'D5'},{'D4'},{'D2'},{'D1'},{'R1'},{'R5'},{'R3'},{'R4'},&,2.0,&
{'D3'},{'R2'},{'D5'},{'D4'},{'D2'},{'D1'},{'R1'},{'R5'},{'R4'},{'R3'},&,1.0,&
{'D3'},{'R2'},{'D5'},{'D4'},{'D2'},{'D1'},{'R1'},{'R4'},{'R3'},{'R5'},&,1.0,&
{'D3'},{'R2'},{'D5'},{'D4'},{'D2'},{'D1'},{'R1'},{'R3'},{'R4'},{'R5'},&,1.0,&
{'D3'},{'R2'},{'D5'},{'D4'},{'D2'},{'D1'},{'R1'},{'R3'},{'R5'},{'R4'},&,2.0,&
{'D3'},{'R2'},{'D5'},{'D4'},{'D2'},{'D1'},{'R3'},{'R1'},{'R4'},{'R5'},&,1.0,&
{'D3'},{'R2'},{'D5'},{'D4'},{'D2'},{'R1'},{'D1'},{'R5'},{'R3'},{'R4'},&,2.0,&
{'D3'},{'R2'},{'D5'},{'D4'},{'D2'},{'R1'},{'D1'},{'R5'},{'R4'},{'R3'},&,1.0,&
{'D3'},{'R2'},{'D5'},{'D4'},{'D1'},{'R1'},{'D2'},{'R3'},{'R5'},{'R4'},&,1.0,&
{'D3'},{'R2'},{'D5'},{'D4'},{'D1'},{'D2'},{'R1'},{'R5'},{'R3'},{'R4'},&,3.0,&
{'D3'},{'R2'},{'D5'},{'D4'},{'D1'},{'D2'},{'R1'},{'R5'},{'R4'},{'R3'},&,1.0,&
{'D3'},{'R2'},{'D5'},{'D4'},{'D1'},{'D2'},{'R1'},{'R3'},{'R5'},{'R4'},&,2.0,&
{'D3'},{'R2'},{'D5'},{'D4'},{'D1'},{'D2'},{'R3'},{'R1'},{'R5'},{'R4'},&,2.0,&
{'D3'},{'R2'},{'D5'},{'D4'},{'R1'},{'D1'},{'D2'},{'R4'},{'R5'},{'R3'},&,1.0,&
{'D3'},{'R2'},{'D5'},{'D4'},{'R1'},{'D2'},{'D1'},{'R5'},{'R3'},{'R4'},&,1.0,&
{'D3'},{'R2'},{'D5'},{'D4'},{'R1'},{'D2'},{'D1'},{'R5'},{'R4'},{'R3'},&,1.0,&
{'D3'},{'R2'},{'D5'},{'D4'},{'R5'},{'D2'},{'D1'},{'R3'},{'R1'},{'R4'},&,1.0,&
{'D3'},{'R2'},{'D5'},{'D4'},{'R3'},{'D2'},{'D1'},{'R5'},{'R1'},{'R4'},&,1.0,&
{'D3'},{'R2'},{'D5'},{'D4'},{'R4'},{'D1'},{'D2'},{'R1'},{'R5'},{'R3'},&,1.0,&
{'D3'},{'R2'},{'D5'},{'D2'},{'D1'},{'R5'},{'D4'},{'R1'},{'R3'},{'R4'},&,1.0,&
{'D3'},{'R2'},{'D5'},{'D2'},{'D1'},{'R4'},{'D4'},{'R1'},{'R5'},{'R3'},&,1.0,&
{'D3'},{'R2'},{'D5'},{'D2'},{'D1'},{'D4'},{'R1'},{'R5'},{'R3'},{'R4'},&,1.0,&
{'D3'},{'R2'},{'D5'},{'D2'},{'D1'},{'D4'},{'R1'},{'R3'},{'R4'},{'R5'},&,1.0,&
{'D3'},{'R2'},{'D5'},{'D2'},{'D1'},{'D4'},{'R1'},{'R3'},{'R5'},{'R4'},&,1.0,&
{'D3'},{'R2'},{'D5'},{'D2'},{'R1'},{'D4'},{'D1'},{'R3'},{'R5'},{'R4'},&,1.0,&
{'D3'},{'R2'},{'D5'},{'D2'},{'D4'},{'R1'},{'D1'},{'R5'},{'R3'},{'R4'},&,1.0,&
{'D3'},{'R2'},{'D5'},{'D2'},{'D4'},{'R1'},{'D1'},{'R3'},{'R5'},{'R4'},&,1.0,&
{'D3'},{'R2'},{'D5'},{'D1'},{'D2'},{'D4'},{'R5'},{'R1'},{'R4'},{'R3'},&,1.0,&
{'D3'},{'R2'},{'D5'},{'D1'},{'R1'},{'D2'},{'R5'},{'D4'},{'R3'},{'R4'},&,1.0,&
{'D3'},{'R2'},{'D5'},{'D1'},{'D4'},{'D2'},{'R5'},{'R1'},{'R3'},{'R4'},&,1.0,&
{'D3'},{'R2'},{'D5'},{'D1'},{'D4'},{'D2'},{'R1'},{'R5'},{'R3'},{'R4'},&,1.0,&
{'D3'},{'R2'},{'D5'},{'R5'},{'D2'},{'D1'},{'R1'},{'R4'},{'D4'},{'R3'},&,1.0,&
{'D3'},{'R2'},{'D5'},{'R1'},{'D1'},{'D4'},{'D2'},{'R5'},{'R3'},{'R4'},&,1.0,&
{'D3'},{'R2'},{'D5'},{'R1'},{'D4'},{'D1'},{'D2'},{'R3'},{'R4'},{'R5'},&,1.0,&
{'D3'},{'R2'},{'D5'},{'R1'},{'D4'},{'D2'},{'D1'},{'R5'},{'R3'},{'R4'},&,1.0,&
{'D3'},{'R2'},{'D2'},{'D5'},{'D1'},{'R1'},{'R5'},{'R3'},{'D4'},{'R4'},&,1.0,&
{'D3'},{'R2'},{'D2'},{'D5'},{'D1'},{'D4'},{'R1'},{'R5'},{'R3'},{'R4'},&,1.0,&
{'D3'},{'R2'},{'D2'},{'D5'},{'D1'},{'D4'},{'R1'},{'R5'},{'R4'},{'R3'},&,1.0,&
{'D3'},{'R2'},{'D2'},{'D5'},{'D1'},{'D4'},{'R3'},{'R1'},{'R5'},{'R4'},&,1.0,&
{'D3'},{'R2'},{'D2'},{'D5'},{'R1'},{'D4'},{'D1'},{'R3'},{'R5'},{'R4'},&,1.0,&
{'D3'},{'R2'},{'D2'},{'D5'},{'D4'},{'D1'},{'R5'},{'R1'},{'R3'},{'R4'},&,1.0,&
{'D3'},{'R2'},{'D2'},{'D5'},{'D4'},{'D1'},{'R1'},{'R5'},{'R3'},{'R4'},&,2.0,&
{'D3'},{'R2'},{'D2'},{'D4'},{'R1'},{'D5'},{'D1'},{'R3'},{'R5'},{'R4'},&,1.0,&
{'D3'},{'R2'},{'D2'},{'D4'},{'D5'},{'D1'},{'R5'},{'R1'},{'R3'},{'R4'},&,1.0,&
{'D3'},{'R2'},{'D2'},{'D4'},{'D5'},{'D1'},{'R1'},{'R5'},{'R3'},{'R4'},&,3.0,&
{'D3'},{'R2'},{'D2'},{'D4'},{'D5'},{'D1'},{'R1'},{'R3'},{'R5'},{'R4'},&,1.0,&
{'D3'},{'R2'},{'D2'},{'D4'},{'D5'},{'D1'},{'R3'},{'R1'},{'R5'},{'R4'},&,1.0,&
{'D3'},{'R2'},{'D2'},{'D4'},{'D5'},{'R1'},{'D1'},{'R5'},{'R4'},{'R3'},&,1.0,&
{'D3'},{'R2'},{'D2'},{'D1'},{'D5'},{'D4'},{'R1'},{'R4'},{'R5'},{'R3'},&,1.0,&
{'D3'},{'R2'},{'D2'},{'R1'},{'R4'},{'R5'},{'D1'},{'R3'},{'D5'},{'D4'},&,1.0,&
{'D3'},{'R2'},{'D4'},{'D5'},{'D2'},{'D1'},{'R5'},{'R1'},{'R4'},{'R3'},&,1.0,&
{'D3'},{'R2'},{'D4'},{'D5'},{'D2'},{'D1'},{'R1'},{'R5'},{'R3'},{'R4'},&,6.0,&
{'D3'},{'R2'},{'D4'},{'D5'},{'D2'},{'D1'},{'R1'},{'R5'},{'R4'},{'R3'},&,2.0,&
{'D3'},{'R2'},{'D4'},{'D5'},{'D2'},{'D1'},{'R1'},{'R4'},{'R5'},{'R3'},&,1.0,&
{'D3'},{'R2'},{'D4'},{'D5'},{'D2'},{'D1'},{'R1'},{'R3'},{'R4'},{'R5'},&,1.0,&
{'D3'},{'R2'},{'D4'},{'D5'},{'D2'},{'D1'},{'R1'},{'R3'},{'R5'},{'R4'},&,4.0,&
{'D3'},{'R2'},{'D4'},{'D5'},{'D2'},{'D1'},{'R3'},{'R1'},{'R5'},{'R4'},&,1.0,&
{'D3'},{'R2'},{'D4'},{'D5'},{'D2'},{'D1'},{'R4'},{'R1'},{'R5'},{'R3'},&,1.0,&
{'D3'},{'R2'},{'D4'},{'D5'},{'D2'},{'R1'},{'D1'},{'R5'},{'R3'},{'R4'},&,2.0,&
{'D3'},{'R2'},{'D4'},{'D5'},{'D2'},{'R5'},{'D1'},{'R1'},{'R3'},{'R4'},&,1.0,&
{'D3'},{'R2'},{'D4'},{'D5'},{'D1'},{'R1'},{'R5'},{'D2'},{'R3'},{'R4'},&,1.0,&
{'D3'},{'R2'},{'D4'},{'D5'},{'D1'},{'R1'},{'D2'},{'R5'},{'R4'},{'R3'},&,1.0,&
{'D3'},{'R2'},{'D4'},{'D5'},{'D1'},{'D2'},{'R5'},{'R1'},{'R4'},{'R3'},&,1.0,&
{'D3'},{'R2'},{'D4'},{'D5'},{'D1'},{'D2'},{'R1'},{'R5'},{'R3'},{'R4'},&,4.0,&
{'D3'},{'R2'},{'D4'},{'D5'},{'D1'},{'D2'},{'R1'},{'R3'},{'R5'},{'R4'},&,3.0,&
{'D3'},{'R2'},{'D4'},{'D5'},{'D1'},{'D2'},{'R3'},{'R1'},{'R4'},{'R5'},&,1.0,&
{'D3'},{'R2'},{'D4'},{'D5'},{'D1'},{'D2'},{'R4'},{'R1'},{'R5'},{'R3'},&,1.0,&
{'D3'},{'R2'},{'D4'},{'D5'},{'R1'},{'R5'},{'D2'},{'D1'},{'R3'},{'R4'},&,1.0,&
{'D3'},{'R2'},{'D4'},{'D5'},{'R1'},{'R5'},{'D2'},{'D1'},{'R4'},{'R3'},&,1.0,&
{'D3'},{'R2'},{'D4'},{'D5'},{'R1'},{'D2'},{'D1'},{'R4'},{'R5'},{'R3'},&,1.0,&
{'D3'},{'R2'},{'D4'},{'D2'},{'D5'},{'D1'},{'R5'},{'R1'},{'R3'},{'R4'},&,2.0,&
{'D3'},{'R2'},{'D4'},{'D2'},{'D5'},{'D1'},{'R5'},{'R1'},{'R4'},{'R3'},&,1.0,&
{'D3'},{'R2'},{'D4'},{'D2'},{'D5'},{'D1'},{'R1'},{'R5'},{'R3'},{'R4'},&,2.0,&
{'D3'},{'R2'},{'D4'},{'D2'},{'D5'},{'D1'},{'R1'},{'R3'},{'R5'},{'R4'},&,1.0,&
{'D3'},{'R2'},{'D4'},{'D2'},{'D5'},{'R1'},{'D1'},{'R5'},{'R4'},{'R3'},&,1.0,&
{'D3'},{'R2'},{'D4'},{'D1'},{'D2'},{'R1'},{'D5'},{'R5'},{'R3'},{'R4'},&,1.0,&
{'D3'},{'R2'},{'D4'},{'D1'},{'D2'},{'D5'},{'R1'},{'R3'},{'R5'},{'R4'},&,1.0,&
{'D3'},{'R2'},{'D4'},{'D1'},{'D5'},{'R1'},{'D2'},{'R5'},{'R4'},{'R3'},&,1.0,&
{'D3'},{'R2'},{'D4'},{'D1'},{'D5'},{'D2'},{'R1'},{'R5'},{'R3'},{'R4'},&,2.0,&
{'D3'},{'R2'},{'D4'},{'D1'},{'D5'},{'D2'},{'R1'},{'R5'},{'R4'},{'R3'},&,1.0,&
{'D3'},{'R2'},{'D4'},{'R5'},{'D5'},{'D2'},{'R1'},{'D1'},{'R4'},{'R3'},&,1.0,&
{'D3'},{'R2'},{'D4'},{'R5'},{'R4'},{'R3'},{'R1'},{'D1'},{'D5'},{'D2'},&,1.0,&
{'D3'},{'R2'},{'D4'},{'R1'},{'D5'},{'D1'},{'R5'},{'D2'},{'R4'},{'R3'},&,1.0,&
{'D3'},{'R2'},{'D4'},{'R1'},{'D5'},{'D1'},{'D2'},{'R5'},{'R3'},{'R4'},&,2.0,&
{'D3'},{'R2'},{'D4'},{'R1'},{'D5'},{'D1'},{'D2'},{'R3'},{'R4'},{'R5'},&,1.0,&
{'D3'},{'R2'},{'D4'},{'R1'},{'D5'},{'D1'},{'R3'},{'D2'},{'R5'},{'R4'},&,1.0,&
{'D3'},{'R2'},{'D4'},{'R1'},{'D5'},{'D2'},{'D1'},{'R5'},{'R3'},{'R4'},&,2.0,&
{'D3'},{'R2'},{'D4'},{'R1'},{'D5'},{'D2'},{'D1'},{'R4'},{'R5'},{'R3'},&,1.0,&
{'D3'},{'R2'},{'D4'},{'R1'},{'D5'},{'D2'},{'D1'},{'R3'},{'R5'},{'R4'},&,1.0,&
{'D3'},{'R2'},{'D4'},{'R1'},{'R5'},{'D5'},{'R3'},{'D2'},{'R4'},{'D1'},&,1.0,&
{'D3'},{'R2'},{'R1'},{'D5'},{'D2'},{'D4'},{'D1'},{'R5'},{'R3'},{'R4'},&,1.0,&
{'D3'},{'R2'},{'R1'},{'D5'},{'D1'},{'D2'},{'D4'},{'R5'},{'R3'},{'R4'},&,1.0,&
{'D3'},{'R2'},{'R1'},{'D5'},{'D4'},{'D1'},{'D2'},{'R5'},{'R3'},{'R4'},&,1.0,&
{'D3'},{'R2'},{'R1'},{'D5'},{'D4'},{'D2'},{'D1'},{'R5'},{'R3'},{'R4'},&,1.0,&
{'D3'},{'R2'},{'R1'},{'D5'},{'D4'},{'D2'},{'D1'},{'R3'},{'R4'},{'R5'},&,1.0,&
{'D3'},{'R2'},{'R1'},{'D5'},{'D4'},{'D2'},{'D1'},{'R3'},{'R5'},{'R4'},&,2.0,&
{'D3'},{'R2'},{'R1'},{'D5'},{'R5'},{'D4'},{'D2'},{'D1'},{'R3'},{'R4'},&,1.0,&
{'D3'},{'R2'},{'R1'},{'D5'},{'R4'},{'R3'},{'R5'},{'D4'},{'D1'},{'D2'},&,1.0,&
{'D3'},{'R2'},{'R1'},{'D4'},{'D2'},{'D1'},{'R5'},{'D5'},{'R3'},{'R4'},&,1.0,&
{'D3'},{'R2'},{'R1'},{'D4'},{'D2'},{'D5'},{'D1'},{'R5'},{'R3'},{'R4'},&,1.0,&
{'D3'},{'R2'},{'R1'},{'D4'},{'D5'},{'R5'},{'D2'},{'D1'},{'R3'},{'R4'},&,1.0,&
{'D3'},{'R2'},{'R1'},{'D4'},{'D5'},{'R5'},{'D2'},{'D1'},{'R4'},{'R3'},&,1.0,&
{'D3'},{'R2'},{'R1'},{'D4'},{'D5'},{'D2'},{'R5'},{'D1'},{'R4'},{'R3'},&,1.0,&
{'D3'},{'R2'},{'R1'},{'D4'},{'D5'},{'D2'},{'D1'},{'R5'},{'R4'},{'R3'},&,1.0,&
{'D3'},{'R2'},{'R1'},{'D4'},{'D5'},{'D2'},{'D1'},{'R4'},{'R3'},{'R5'},&,1.0,&
{'D3'},{'R2'},{'R1'},{'D4'},{'D5'},{'D2'},{'D1'},{'R3'},{'R4'},{'R5'},&,1.0,&
{'D3'},{'R2'},{'R1'},{'D2'},{'D4'},{'D5'},{'D1'},{'R5'},{'R4'},{'R3'},&,1.0,&
{'D3'},{'R2'},{'R1'},{'D2'},{'D5'},{'R3'},{'D4'},{'D1'},{'R5'},{'R4'},&,1.0,&
{'D3'},{'R2'},{'R1'},{'D1'},{'D4'},{'D5'},{'D2'},{'R5'},{'R3'},{'R4'},&,1.0,&
{'D3'},{'R2'},{'R1'},{'D1'},{'R5'},{'D5'},{'R3'},{'D2'},{'R4'},{'D4'},&,1.0,&
{'D3'},{'R2'},{'R1'},{'D1'},{'R5'},{'R4'},{'R3'},{'D5'},{'D2'},{'D4'},&,1.0,&
{'D3'},{'R2'},{'R1'},{'D1'},{'R5'},{'R4'},{'R3'},{'D5'},{'D4'},{'D2'},&,1.0,&
{'D3'},{'R2'},{'R1'},{'D1'},{'R4'},{'R3'},{'R5'},{'D4'},{'D5'},{'D2'},&,1.0,&
{'D3'},{'R2'},{'R1'},{'R5'},{'D2'},{'D4'},{'D5'},{'R3'},{'D1'},{'R4'},&,1.0,&
{'D3'},{'R2'},{'R1'},{'R5'},{'R3'},{'D1'},{'R4'},{'D5'},{'D4'},{'D2'},&,1.0,&
{'D3'},{'R2'},{'R1'},{'R5'},{'R3'},{'D1'},{'D5'},{'R4'},{'D4'},{'D2'},&,1.0,&
{'D3'},{'R2'},{'R1'},{'R5'},{'R4'},{'R3'},{'D4'},{'D1'},{'D5'},{'D2'},&,1.0,&
{'D3'},{'R2'},{'R1'},{'R3'},{'D5'},{'R5'},{'D2'},{'R4'},{'D4'},{'D1'},&,1.0,&
{'D3'},{'R2'},{'R1'},{'R3'},{'R5'},{'D5'},{'D4'},{'D2'},{'D1'},{'R4'},&,1.0,&
{'D3'},{'R2'},{'R1'},{'R4'},{'D1'},{'D4'},{'R5'},{'R3'},{'D5'},{'D2'},&,1.0,&
{'D3'},{'R2'},{'R1'},{'R4'},{'D5'},{'D2'},{'R5'},{'D1'},{'R3'},{'D4'},&,1.0,&
{'D3'},{'R2'},{'R1'},{'R4'},{'D5'},{'D4'},{'R3'},{'D2'},{'D1'},{'R5'},&,1.0,&
{'D3'},{'R2'},{'R1'},{'R4'},{'R5'},{'D1'},{'R3'},{'D5'},{'D2'},{'D4'},&,1.0,&
{'D3'},{'R2'},{'R1'},{'R4'},{'R5'},{'D1'},{'R3'},{'D5'},{'D4'},{'D2'},&,1.0,&
{'D3'},{'R2'},{'R1'},{'R4'},{'R3'},{'R5'},{'D1'},{'D2'},{'D5'},{'D4'},&,1.0,&
{'D3'},{'R2'},{'R1'},{'R4'},{'R3'},{'D2'},{'R5'},{'D1'},{'D5'},{'D4'},&,1.0,&
{'D3'},{'R2'},{'R5'},{'D2'},{'D4'},{'D1'},{'D5'},{'R1'},{'R3'},{'R4'},&,1.0,&
{'D3'},{'R2'},{'R5'},{'D2'},{'D5'},{'D1'},{'D4'},{'R1'},{'R4'},{'R3'},&,1.0,&
{'D3'},{'R2'},{'R5'},{'D1'},{'D4'},{'D2'},{'D5'},{'R3'},{'R1'},{'R4'},&,1.0,&
{'D3'},{'R2'},{'R5'},{'R1'},{'D1'},{'D5'},{'D4'},{'D2'},{'R4'},{'R3'},&,1.0,&
{'D3'},{'R2'},{'R5'},{'R1'},{'D1'},{'R3'},{'D4'},{'R4'},{'D2'},{'D5'},&,1.0,&
{'D3'},{'R2'},{'R5'},{'R1'},{'D5'},{'D2'},{'R3'},{'D4'},{'D1'},{'R4'},&,1.0,&
{'D3'},{'R2'},{'R5'},{'R1'},{'R4'},{'R3'},{'D1'},{'D4'},{'D2'},{'D5'},&,1.0,&
{'D3'},{'R2'},{'R5'},{'R3'},{'R1'},{'R4'},{'D1'},{'D4'},{'D5'},{'D2'},&,1.0,&
{'D3'},{'R2'},{'R3'},{'D5'},{'R5'},{'R1'},{'R4'},{'D1'},{'D4'},{'D2'},&,1.0,&
{'D3'},{'R2'},{'R3'},{'D4'},{'D5'},{'D2'},{'D1'},{'R1'},{'R5'},{'R4'},&,1.0,&
{'D3'},{'R2'},{'R3'},{'R1'},{'D1'},{'D2'},{'R4'},{'R5'},{'D4'},{'D5'},&,1.0,&
{'D3'},{'R2'},{'R3'},{'R1'},{'R5'},{'R4'},{'D1'},{'D2'},{'D5'},{'D4'},&,1.0,&
{'D3'},{'R2'},{'R3'},{'R1'},{'R4'},{'R5'},{'D5'},{'D1'},{'D2'},{'D4'},&,1.0,&
{'D3'},{'R2'},{'R4'},{'R5'},{'R1'},{'D2'},{'R3'},{'D1'},{'D5'},{'D4'},&,1.0,&
{'D3'},{'R2'},{'R4'},{'R1'},{'R5'},{'R3'},{'D1'},{'D2'},{'D5'},{'D4'},&,1.0,&
{'D3'},{'R2'},{'R4'},{'R1'},{'R5'},{'R3'},{'D1'},{'D5'},{'D4'},{'D2'},&,1.0,&
{'D3'},{'R2'},{'R4'},{'R1'},{'R5'},{'R3'},{'D5'},{'D2'},{'D1'},{'D4'},&,1.0,&
{'D3'},{'D1'},{'D5'},{'D4'},{'D2'},{'R1'},{'R2'},{'R5'},{'R3'},{'R4'},&,7.0,&
{'D3'},{'D1'},{'D5'},{'D4'},{'D2'},{'R1'},{'R2'},{'R5'},{'R4'},{'R3'},&,2.0,&
{'D3'},{'D1'},{'D5'},{'D4'},{'D2'},{'R1'},{'R2'},{'R4'},{'R5'},{'R3'},&,2.0,&
{'D3'},{'D1'},{'D5'},{'D4'},{'D2'},{'R1'},{'R2'},{'R3'},{'R5'},{'R4'},&,1.0,&
{'D3'},{'D1'},{'D5'},{'D4'},{'D2'},{'R1'},{'R3'},{'R2'},{'R5'},{'R4'},&,1.0,&
{'D3'},{'D1'},{'D5'},{'D4'},{'D2'},{'R2'},{'R1'},{'R5'},{'R3'},{'R4'},&,2.0,&
{'D3'},{'D1'},{'D5'},{'D4'},{'D2'},{'R2'},{'R1'},{'R5'},{'R4'},{'R3'},&,1.0,&
{'D3'},{'D1'},{'D5'},{'D4'},{'D2'},{'R2'},{'R1'},{'R4'},{'R5'},{'R3'},&,1.0,&
{'D3'},{'D1'},{'D5'},{'D4'},{'D2'},{'R2'},{'R1'},{'R3'},{'R5'},{'R4'},&,3.0,&
{'D3'},{'D1'},{'D5'},{'D4'},{'D2'},{'R2'},{'R3'},{'R1'},{'R5'},{'R4'},&,1.0,&
{'D3'},{'D1'},{'D5'},{'D4'},{'D2'},{'R5'},{'R2'},{'R1'},{'R3'},{'R4'},&,1.0,&
{'D3'},{'D1'},{'D5'},{'D4'},{'R1'},{'D2'},{'R2'},{'R5'},{'R4'},{'R3'},&,1.0,&
{'D3'},{'D1'},{'D5'},{'D4'},{'R2'},{'D2'},{'R1'},{'R4'},{'R5'},{'R3'},&,1.0,&
{'D3'},{'D1'},{'D5'},{'D2'},{'D4'},{'R1'},{'R2'},{'R3'},{'R5'},{'R4'},&,2.0,&
{'D3'},{'D1'},{'D5'},{'D2'},{'D4'},{'R2'},{'R5'},{'R1'},{'R3'},{'R4'},&,1.0,&
{'D3'},{'D1'},{'D5'},{'D2'},{'D4'},{'R2'},{'R1'},{'R5'},{'R3'},{'R4'},&,1.0,&
{'D3'},{'D1'},{'D5'},{'D2'},{'D4'},{'R2'},{'R1'},{'R5'},{'R4'},{'R3'},&,2.0,&
{'D3'},{'D1'},{'D5'},{'D2'},{'D4'},{'R2'},{'R1'},{'R4'},{'R5'},{'R3'},&,1.0,&
{'D3'},{'D1'},{'D5'},{'D2'},{'D4'},{'R2'},{'R3'},{'R5'},{'R1'},{'R4'},&,1.0,&
{'D3'},{'D1'},{'D5'},{'D2'},{'R5'},{'R2'},{'D4'},{'R1'},{'R3'},{'R4'},&,1.0,&
{'D3'},{'D1'},{'D5'},{'D2'},{'R2'},{'D4'},{'R1'},{'R5'},{'R3'},{'R4'},&,1.0,&
{'D3'},{'D1'},{'D5'},{'R2'},{'D4'},{'D2'},{'R1'},{'R5'},{'R3'},{'R4'},&,2.0,&
{'D3'},{'D1'},{'D5'},{'R2'},{'D4'},{'D2'},{'R1'},{'R3'},{'R5'},{'R4'},&,1.0,&
{'D3'},{'D1'},{'D5'},{'R2'},{'D4'},{'D2'},{'R4'},{'R1'},{'R3'},{'R5'},&,1.0,&
{'D3'},{'D1'},{'D5'},{'R1'},{'D4'},{'D2'},{'R2'},{'R4'},{'R5'},{'R3'},&,1.0,&
{'D3'},{'D1'},{'D2'},{'D5'},{'D4'},{'R1'},{'R2'},{'R3'},{'R5'},{'R4'},&,1.0,&
{'D3'},{'D1'},{'D2'},{'D5'},{'D4'},{'R2'},{'R1'},{'R3'},{'R5'},{'R4'},&,3.0,&
{'D3'},{'D1'},{'D2'},{'D5'},{'D4'},{'R2'},{'R4'},{'R3'},{'R1'},{'R5'},&,1.0,&
{'D3'},{'D1'},{'D2'},{'D4'},{'D5'},{'R1'},{'R2'},{'R5'},{'R4'},{'R3'},&,1.0,&
{'D3'},{'D1'},{'D2'},{'D4'},{'D5'},{'R1'},{'R2'},{'R3'},{'R5'},{'R4'},&,1.0,&
{'D3'},{'D1'},{'D2'},{'D4'},{'D5'},{'R2'},{'R1'},{'R3'},{'R5'},{'R4'},&,1.0,&
{'D3'},{'D1'},{'D2'},{'D4'},{'R2'},{'D5'},{'R5'},{'R1'},{'R4'},{'R3'},&,1.0,&
{'D3'},{'D1'},{'D2'},{'D4'},{'R2'},{'D5'},{'R1'},{'R5'},{'R3'},{'R4'},&,1.0,&
{'D3'},{'D1'},{'D2'},{'D4'},{'R2'},{'R5'},{'D5'},{'R4'},{'R1'},{'R3'},&,1.0,&
{'D3'},{'D1'},{'D4'},{'D5'},{'D2'},{'R1'},{'R2'},{'R5'},{'R3'},{'R4'},&,1.0,&
{'D3'},{'D1'},{'D4'},{'D5'},{'D2'},{'R1'},{'R2'},{'R5'},{'R4'},{'R3'},&,1.0,&
{'D3'},{'D1'},{'D4'},{'D5'},{'D2'},{'R1'},{'R2'},{'R4'},{'R5'},{'R3'},&,1.0,&
{'D3'},{'D1'},{'D4'},{'D5'},{'D2'},{'R1'},{'R5'},{'R2'},{'R3'},{'R4'},&,1.0,&
{'D3'},{'D1'},{'D4'},{'D5'},{'D2'},{'R1'},{'R4'},{'R2'},{'R5'},{'R3'},&,1.0,&
{'D3'},{'D1'},{'D4'},{'D5'},{'D2'},{'R2'},{'R5'},{'R1'},{'R3'},{'R4'},&,1.0,&
{'D3'},{'D1'},{'D4'},{'D5'},{'D2'},{'R2'},{'R1'},{'R5'},{'R3'},{'R4'},&,3.0,&
{'D3'},{'D1'},{'D4'},{'D5'},{'D2'},{'R2'},{'R1'},{'R3'},{'R5'},{'R4'},&,1.0,&
{'D3'},{'D1'},{'D4'},{'D5'},{'R2'},{'D2'},{'R1'},{'R5'},{'R3'},{'R4'},&,1.0,&
{'D3'},{'D1'},{'D4'},{'D5'},{'R2'},{'D2'},{'R1'},{'R3'},{'R5'},{'R4'},&,2.0,&
{'D3'},{'D1'},{'D4'},{'D2'},{'D5'},{'R1'},{'R2'},{'R5'},{'R4'},{'R3'},&,1.0,&
{'D3'},{'D1'},{'D4'},{'D2'},{'D5'},{'R2'},{'R5'},{'R1'},{'R4'},{'R3'},&,1.0,&
{'D3'},{'D1'},{'D4'},{'D2'},{'D5'},{'R2'},{'R1'},{'R5'},{'R4'},{'R3'},&,1.0,&
{'D3'},{'D1'},{'D4'},{'D2'},{'D5'},{'R5'},{'R2'},{'R3'},{'R1'},{'R4'},&,1.0,&
{'D3'},{'D1'},{'D4'},{'D2'},{'R2'},{'D5'},{'R1'},{'R3'},{'R5'},{'R4'},&,1.0,&
{'D3'},{'D1'},{'D4'},{'R2'},{'D5'},{'D2'},{'R1'},{'R5'},{'R3'},{'R4'},&,1.0,&
{'D3'},{'D1'},{'D4'},{'R2'},{'D5'},{'D2'},{'R1'},{'R5'},{'R4'},{'R3'},&,1.0,&
{'D3'},{'D1'},{'D4'},{'R2'},{'D5'},{'D2'},{'R1'},{'R3'},{'R5'},{'R4'},&,2.0,&
{'D3'},{'D1'},{'D4'},{'R1'},{'D5'},{'R2'},{'R3'},{'R5'},{'D2'},{'R4'},&,1.0,&
{'D3'},{'D1'},{'D4'},{'R1'},{'D5'},{'D2'},{'R2'},{'R5'},{'R4'},{'R3'},&,1.0,&
{'D3'},{'D1'},{'R2'},{'D5'},{'D4'},{'D2'},{'R1'},{'R5'},{'R3'},{'R4'},&,1.0,&
{'D3'},{'D1'},{'R2'},{'D5'},{'D4'},{'D2'},{'R3'},{'R1'},{'R5'},{'R4'},&,1.0,&
{'D3'},{'D1'},{'R2'},{'D5'},{'D4'},{'D2'},{'R3'},{'R5'},{'R1'},{'R4'},&,1.0,&
{'D3'},{'D1'},{'R2'},{'D2'},{'D5'},{'D4'},{'R1'},{'R5'},{'R3'},{'R4'},&,1.0,&
{'D3'},{'D1'},{'R2'},{'R1'},{'D4'},{'D5'},{'D2'},{'R5'},{'R4'},{'R3'},&,1.0,&
{'D3'},{'D1'},{'R2'},{'R1'},{'R5'},{'R4'},{'R3'},{'D5'},{'D4'},{'D2'},&,1.0,&
{'D3'},{'D1'},{'R2'},{'R1'},{'R5'},{'R4'},{'D5'},{'D2'},{'R3'},{'D4'},&,1.0,&
{'D3'},{'D1'},{'R2'},{'R1'},{'R4'},{'R5'},{'R3'},{'D4'},{'D5'},{'D2'},&,1.0,&
{'D3'},{'D1'},{'R1'},{'D5'},{'D4'},{'D2'},{'R2'},{'R5'},{'R3'},{'R4'},&,1.0,&
{'D3'},{'D1'},{'R1'},{'D4'},{'D2'},{'R2'},{'D5'},{'R5'},{'R3'},{'R4'},&,1.0,&
{'D3'},{'D1'},{'R1'},{'D4'},{'D2'},{'R2'},{'D5'},{'R5'},{'R4'},{'R3'},&,1.0,&
{'D3'},{'D1'},{'R1'},{'D4'},{'D5'},{'D2'},{'R2'},{'R5'},{'R3'},{'R4'},&,1.0,&
{'D3'},{'D1'},{'R1'},{'D4'},{'D5'},{'D2'},{'R5'},{'R2'},{'R3'},{'R4'},&,1.0,&
{'D3'},{'D1'},{'R1'},{'D4'},{'R5'},{'R2'},{'R4'},{'D5'},{'R3'},{'D2'},&,1.0,&
{'D3'},{'D1'},{'R1'},{'D2'},{'D5'},{'R2'},{'D4'},{'R5'},{'R3'},{'R4'},&,1.0,&
{'D3'},{'D1'},{'R1'},{'D2'},{'D5'},{'D4'},{'R2'},{'R5'},{'R3'},{'R4'},&,2.0,&
{'D3'},{'D1'},{'R1'},{'R2'},{'D4'},{'D5'},{'R5'},{'D2'},{'R3'},{'R4'},&,1.0,&
{'D3'},{'D1'},{'R1'},{'R2'},{'D5'},{'R5'},{'D4'},{'D2'},{'R4'},{'R3'},&,1.0,&
{'D3'},{'D1'},{'R1'},{'R5'},{'R2'},{'R4'},{'R3'},{'D5'},{'D4'},{'D2'},&,1.0,&
{'D3'},{'D1'},{'R1'},{'R4'},{'D5'},{'R2'},{'R3'},{'R5'},{'D2'},{'D4'},&,1.0,&
{'D3'},{'D1'},{'R3'},{'D5'},{'R2'},{'D4'},{'D2'},{'R1'},{'R5'},{'R4'},&,1.0,&
{'D3'},{'D1'},{'R3'},{'D2'},{'D5'},{'D4'},{'R1'},{'R2'},{'R5'},{'R4'},&,1.0,&
{'D3'},{'D1'},{'R3'},{'R2'},{'R1'},{'R5'},{'R4'},{'D2'},{'D5'},{'D4'},&,1.0,&
{'D3'},{'D1'},{'R3'},{'R2'},{'D4'},{'R1'},{'R5'},{'R4'},{'D2'},{'D5'},&,1.0,&
{'D3'},{'D1'},{'R4'},{'R2'},{'R1'},{'R5'},{'D4'},{'R3'},{'D2'},{'D5'},&,1.0,&
{'D3'},{'D1'},{'R4'},{'R2'},{'R3'},{'R1'},{'R5'},{'D5'},{'D2'},{'D4'},&,1.0,&
{'D3'},{'D1'},{'R4'},{'R1'},{'R5'},{'R2'},{'R3'},{'D5'},{'D4'},{'D2'},&,1.0,&
{'D3'},{'R4'},{'D1'},{'R2'},{'D5'},{'R1'},{'R3'},{'R5'},{'D4'},{'D2'},&,1.0,&
{'D3'},{'R4'},{'D5'},{'D4'},{'D1'},{'R2'},{'D2'},{'R5'},{'R1'},{'R3'},&,1.0,&
{'D3'},{'R4'},{'D5'},{'R1'},{'D4'},{'R2'},{'R5'},{'D1'},{'R3'},{'D2'},&,1.0,&
{'D3'},{'R4'},{'D2'},{'R2'},{'R1'},{'R3'},{'R5'},{'D5'},{'D4'},{'D1'},&,1.0,&
{'D3'},{'R4'},{'D4'},{'D5'},{'D1'},{'R5'},{'D2'},{'R3'},{'R2'},{'R1'},&,1.0,&
{'D3'},{'R4'},{'R2'},{'D1'},{'R1'},{'R5'},{'R3'},{'D5'},{'D4'},{'D2'},&,1.0,&
{'D3'},{'R4'},{'R2'},{'R5'},{'R1'},{'R3'},{'D4'},{'D1'},{'D5'},{'D2'},&,1.0,&
{'D3'},{'R4'},{'R2'},{'R5'},{'R3'},{'R1'},{'D5'},{'D1'},{'D4'},{'D2'},&,1.0,&
{'D3'},{'R4'},{'R2'},{'R1'},{'R5'},{'D1'},{'R3'},{'D5'},{'D4'},{'D2'},&,1.0,&
{'D3'},{'R4'},{'R2'},{'R1'},{'R5'},{'R3'},{'D1'},{'D5'},{'D2'},{'D4'},&,1.0,&
{'D3'},{'R4'},{'R2'},{'R1'},{'R5'},{'R3'},{'D1'},{'D5'},{'D4'},{'D2'},&,1.0,&
{'D3'},{'R4'},{'R2'},{'R1'},{'R5'},{'R3'},{'D4'},{'D5'},{'D1'},{'D2'},&,1.0,&
{'D3'},{'R4'},{'R2'},{'R1'},{'R5'},{'R3'},{'D5'},{'D1'},{'D4'},{'D2'},&,1.0,&
{'D3'},{'R4'},{'R1'},{'D2'},{'D4'},{'R2'},{'D5'},{'D1'},{'R5'},{'R3'},&,1.0,&
{'D3'},{'R4'},{'R1'},{'D1'},{'R2'},{'R3'},{'R5'},{'D4'},{'D5'},{'D2'},&,1.0,&
{'D3'},{'R4'},{'R1'},{'R2'},{'D1'},{'R5'},{'R3'},{'D5'},{'D4'},{'D2'},&,1.0,&
{'D3'},{'R4'},{'R1'},{'R2'},{'R5'},{'R3'},{'D1'},{'D5'},{'D4'},{'D2'},&,1.0,&
{'D3'},{'R4'},{'R1'},{'R2'},{'R5'},{'R3'},{'D5'},{'D1'},{'D4'},{'D2'},&,1.0,&
{'D3'},{'R4'},{'R1'},{'R2'},{'R3'},{'R5'},{'D5'},{'D1'},{'D2'},{'D4'},&,1.0,&
{'D3'},{'R4'},{'R1'},{'R5'},{'R2'},{'R3'},{'D5'},{'D1'},{'D2'},{'D4'},&,1.0,&
{'D3'},{'R4'},{'R5'},{'R1'},{'D1'},{'R3'},{'R2'},{'D4'},{'D2'},{'D5'},&,1.0,&
{'D3'},{'R4'},{'R5'},{'R1'},{'R2'},{'D1'},{'R3'},{'D4'},{'D5'},{'D2'},&,1.0,&
{'D3'},{'R3'},{'D1'},{'R1'},{'R2'},{'R4'},{'R5'},{'D5'},{'D4'},{'D2'},&,1.0,&
{'D3'},{'R3'},{'D5'},{'R2'},{'R1'},{'R5'},{'D1'},{'R4'},{'D2'},{'D4'},&,1.0,&
{'D3'},{'R3'},{'D5'},{'R2'},{'R5'},{'R1'},{'R4'},{'D1'},{'D4'},{'D2'},&,1.0,&
{'D3'},{'R3'},{'D2'},{'D5'},{'D4'},{'D1'},{'R1'},{'R5'},{'R2'},{'R4'},&,1.0,&
{'D3'},{'R3'},{'D4'},{'R2'},{'D5'},{'D1'},{'D2'},{'R5'},{'R1'},{'R4'},&,1.0,&
{'D3'},{'R3'},{'R2'},{'D5'},{'R1'},{'R4'},{'R5'},{'D1'},{'D2'},{'D4'},&,1.0,&
{'D3'},{'R3'},{'R2'},{'D5'},{'D4'},{'R1'},{'R5'},{'R4'},{'D1'},{'D2'},&,1.0,&
{'D3'},{'R3'},{'R2'},{'D5'},{'R4'},{'D1'},{'R5'},{'R1'},{'D2'},{'D4'},&,1.0,&
{'D3'},{'R3'},{'R2'},{'D4'},{'R5'},{'D5'},{'D2'},{'D1'},{'R1'},{'R4'},&,1.0,&
{'D3'},{'R3'},{'R2'},{'R1'},{'D5'},{'D1'},{'D4'},{'D2'},{'R5'},{'R4'},&,1.0,&
{'D3'},{'R3'},{'R2'},{'R1'},{'R5'},{'R4'},{'D1'},{'D2'},{'D5'},{'D4'},&,1.0,&
{'D3'},{'R3'},{'R2'},{'R4'},{'R5'},{'R1'},{'D5'},{'D1'},{'D4'},{'D2'},&,1.0,&
{'D3'},{'R3'},{'R1'},{'R2'},{'R5'},{'R4'},{'D1'},{'D5'},{'D4'},{'D2'},&,1.0,&
{'R1'},{'R5'},{'D3'},{'D5'},{'R2'},{'R4'},{'R3'},{'D1'},{'D4'},{'D2'},&,2.0,&
{'R1'},{'R5'},{'D3'},{'R2'},{'R4'},{'R3'},{'D1'},{'D5'},{'D4'},{'D2'},&,2.0,&
{'R1'},{'R5'},{'D3'},{'R2'},{'R4'},{'R3'},{'D4'},{'D1'},{'D5'},{'D2'},&,1.0,&
{'R1'},{'R5'},{'D3'},{'R2'},{'R4'},{'R3'},{'D5'},{'D1'},{'D2'},{'D4'},&,1.0,&
{'R1'},{'R5'},{'D3'},{'R4'},{'R2'},{'R3'},{'D4'},{'D1'},{'D2'},{'D5'},&,1.0,&
{'R1'},{'R5'},{'D3'},{'R4'},{'R2'},{'R3'},{'D5'},{'D1'},{'D4'},{'D2'},&,1.0,&
{'R1'},{'R5'},{'D1'},{'R2'},{'R3'},{'R4'},{'D4'},{'D3'},{'D5'},{'D2'},&,1.0,&
{'R1'},{'R5'},{'D1'},{'R2'},{'R4'},{'R3'},{'D3'},{'D2'},{'D5'},{'D4'},&,1.0,&
{'R1'},{'R5'},{'D1'},{'R2'},{'R4'},{'R3'},{'D5'},{'D3'},{'D2'},{'D4'},&,1.0,&
{'R1'},{'R5'},{'D5'},{'R2'},{'R4'},{'R3'},{'D1'},{'D3'},{'D2'},{'D4'},&,1.0,&
{'R1'},{'R5'},{'D5'},{'R3'},{'R2'},{'R4'},{'D1'},{'D3'},{'D4'},{'D2'},&,1.0,&
{'R1'},{'R5'},{'D2'},{'D3'},{'D4'},{'R2'},{'D5'},{'R3'},{'D1'},{'R4'},&,1.0,&
{'R1'},{'R5'},{'D2'},{'R2'},{'D4'},{'R3'},{'D3'},{'R4'},{'D5'},{'D1'},&,1.0,&
{'R1'},{'R5'},{'D4'},{'D5'},{'D3'},{'D2'},{'D1'},{'R2'},{'R3'},{'R4'},&,1.0,&
{'R1'},{'R5'},{'R2'},{'D5'},{'R3'},{'R4'},{'D4'},{'D3'},{'D1'},{'D2'},&,1.0,&
{'R1'},{'R5'},{'R2'},{'D5'},{'R4'},{'R3'},{'D3'},{'D1'},{'D2'},{'D4'},&,1.0,&
{'R1'},{'R5'},{'R2'},{'D5'},{'R4'},{'R3'},{'D1'},{'D3'},{'D4'},{'D2'},&,1.0,&
{'R1'},{'R5'},{'R2'},{'D4'},{'R4'},{'R3'},{'D5'},{'D3'},{'D1'},{'D2'},&,1.0,&
{'R1'},{'R5'},{'R2'},{'D3'},{'R3'},{'R4'},{'D2'},{'D1'},{'D5'},{'D4'},&,1.0,&
{'R1'},{'R5'},{'R2'},{'D3'},{'R3'},{'R4'},{'D1'},{'D5'},{'D2'},{'D4'},&,1.0,&
{'R1'},{'R5'},{'R2'},{'D3'},{'R4'},{'R3'},{'D1'},{'D5'},{'D2'},{'D4'},&,1.0,&
{'R1'},{'R5'},{'R2'},{'D3'},{'R4'},{'D2'},{'R3'},{'D1'},{'D5'},{'D4'},&,1.0,&
{'R1'},{'R5'},{'R2'},{'D2'},{'R4'},{'R3'},{'D3'},{'D5'},{'D1'},{'D4'},&,1.0,&
{'R1'},{'R5'},{'R2'},{'D1'},{'R4'},{'R3'},{'D3'},{'D5'},{'D4'},{'D2'},&,1.0,&
{'R1'},{'R5'},{'R2'},{'D1'},{'R4'},{'R3'},{'D5'},{'D3'},{'D4'},{'D2'},&,1.0,&
{'R1'},{'R5'},{'R2'},{'R3'},{'D1'},{'R4'},{'D4'},{'D5'},{'D3'},{'D2'},&,1.0,&
{'R1'},{'R5'},{'R2'},{'R3'},{'D3'},{'R4'},{'D5'},{'D1'},{'D2'},{'D4'},&,1.0,&
{'R1'},{'R5'},{'R2'},{'R3'},{'R4'},{'D1'},{'D3'},{'D2'},{'D5'},{'D4'},&,2.0,&
{'R1'},{'R5'},{'R2'},{'R3'},{'R4'},{'D1'},{'D3'},{'D4'},{'D5'},{'D2'},&,1.0,&
{'R1'},{'R5'},{'R2'},{'R3'},{'R4'},{'D5'},{'D3'},{'D1'},{'D2'},{'D4'},&,1.0,&
{'R1'},{'R5'},{'R2'},{'R3'},{'R4'},{'D3'},{'D2'},{'D1'},{'D5'},{'D4'},&,1.0,&
{'R1'},{'R5'},{'R2'},{'R3'},{'R4'},{'D3'},{'D1'},{'D5'},{'D4'},{'D2'},&,4.0,&
{'R1'},{'R5'},{'R2'},{'R3'},{'R4'},{'D3'},{'D1'},{'D4'},{'D2'},{'D5'},&,1.0,&
{'R1'},{'R5'},{'R2'},{'R4'},{'D1'},{'D3'},{'R3'},{'D5'},{'D2'},{'D4'},&,1.0,&
{'R1'},{'R5'},{'R2'},{'R4'},{'D1'},{'R3'},{'D3'},{'D2'},{'D5'},{'D4'},&,1.0,&
{'R1'},{'R5'},{'R2'},{'R4'},{'D1'},{'R3'},{'D3'},{'D5'},{'D4'},{'D2'},&,1.0,&
{'R1'},{'R5'},{'R2'},{'R4'},{'D1'},{'R3'},{'D5'},{'D4'},{'D2'},{'D3'},&,1.0,&
{'R1'},{'R5'},{'R2'},{'R4'},{'D5'},{'R3'},{'D1'},{'D3'},{'D2'},{'D4'},&,1.0,&
{'R1'},{'R5'},{'R2'},{'R4'},{'D3'},{'R3'},{'D2'},{'D5'},{'D1'},{'D4'},&,1.0,&
{'R1'},{'R5'},{'R2'},{'R4'},{'D3'},{'R3'},{'D1'},{'D5'},{'D2'},{'D4'},&,1.0,&
{'R1'},{'R5'},{'R2'},{'R4'},{'R3'},{'D1'},{'D2'},{'D3'},{'D4'},{'D5'},&,1.0,&
{'R1'},{'R5'},{'R2'},{'R4'},{'R3'},{'D1'},{'D3'},{'D2'},{'D5'},{'D4'},&,1.0,&
{'R1'},{'R5'},{'R2'},{'R4'},{'R3'},{'D1'},{'D3'},{'D2'},{'D4'},{'D5'},&,1.0,&
{'R1'},{'R5'},{'R2'},{'R4'},{'R3'},{'D1'},{'D3'},{'D5'},{'D4'},{'D2'},&,6.0,&
{'R1'},{'R5'},{'R2'},{'R4'},{'R3'},{'D1'},{'D4'},{'D3'},{'D5'},{'D2'},&,2.0,&
{'R1'},{'R5'},{'R2'},{'R4'},{'R3'},{'D1'},{'D5'},{'D3'},{'D2'},{'D4'},&,1.0,&
{'R1'},{'R5'},{'R2'},{'R4'},{'R3'},{'D1'},{'D5'},{'D3'},{'D4'},{'D2'},&,1.0,&
{'R1'},{'R5'},{'R2'},{'R4'},{'R3'},{'D1'},{'D5'},{'D4'},{'D3'},{'D2'},&,1.0,&
{'R1'},{'R5'},{'R2'},{'R4'},{'R3'},{'D5'},{'D3'},{'D1'},{'D2'},{'D4'},&,1.0,&
{'R1'},{'R5'},{'R2'},{'R4'},{'R3'},{'D5'},{'D3'},{'D1'},{'D4'},{'D2'},&,1.0,&
{'R1'},{'R5'},{'R2'},{'R4'},{'R3'},{'D5'},{'D1'},{'D2'},{'D3'},{'D4'},&,1.0,&
{'R1'},{'R5'},{'R2'},{'R4'},{'R3'},{'D5'},{'D1'},{'D3'},{'D4'},{'D2'},&,1.0,&
{'R1'},{'R5'},{'R2'},{'R4'},{'R3'},{'D3'},{'D2'},{'D1'},{'D5'},{'D4'},&,1.0,&
{'R1'},{'R5'},{'R2'},{'R4'},{'R3'},{'D3'},{'D2'},{'D4'},{'D1'},{'D5'},&,1.0,&
{'R1'},{'R5'},{'R2'},{'R4'},{'R3'},{'D3'},{'D1'},{'D2'},{'D5'},{'D4'},&,2.0,&
{'R1'},{'R5'},{'R2'},{'R4'},{'R3'},{'D3'},{'D1'},{'D5'},{'D2'},{'D4'},&,5.0,&
{'R1'},{'R5'},{'R2'},{'R4'},{'R3'},{'D3'},{'D1'},{'D5'},{'D4'},{'D2'},&,3.0,&
{'R1'},{'R5'},{'R2'},{'R4'},{'R3'},{'D3'},{'D4'},{'D1'},{'D5'},{'D2'},&,1.0,&
{'R1'},{'R5'},{'R2'},{'R4'},{'R3'},{'D3'},{'D5'},{'D2'},{'D1'},{'D4'},&,1.0,&
{'R1'},{'R5'},{'R2'},{'R4'},{'R3'},{'D3'},{'D5'},{'D1'},{'D2'},{'D4'},&,2.0,&
{'R1'},{'R5'},{'R2'},{'R4'},{'R3'},{'D2'},{'D1'},{'D3'},{'D5'},{'D4'},&,1.0,&
{'R1'},{'R5'},{'R2'},{'R4'},{'R3'},{'D2'},{'D1'},{'D3'},{'D4'},{'D5'},&,1.0,&
{'R1'},{'R5'},{'R2'},{'R4'},{'R3'},{'D4'},{'D1'},{'D3'},{'D5'},{'D2'},&,1.0,&
{'R1'},{'R5'},{'R3'},{'D5'},{'R2'},{'D3'},{'D4'},{'R4'},{'D1'},{'D2'},&,1.0,&
{'R1'},{'R5'},{'R3'},{'R2'},{'D1'},{'R4'},{'D5'},{'D2'},{'D3'},{'D4'},&,1.0,&
{'R1'},{'R5'},{'R3'},{'R2'},{'D4'},{'R4'},{'D3'},{'D1'},{'D5'},{'D2'},&,1.0,&
{'R1'},{'R5'},{'R3'},{'R2'},{'D5'},{'R4'},{'D1'},{'D3'},{'D4'},{'D2'},&,1.0,&
{'R1'},{'R5'},{'R3'},{'R2'},{'R4'},{'D5'},{'D2'},{'D3'},{'D1'},{'D4'},&,1.0,&
{'R1'},{'R5'},{'R3'},{'R2'},{'R4'},{'D3'},{'D1'},{'D2'},{'D5'},{'D4'},&,1.0,&
{'R1'},{'R5'},{'R4'},{'D3'},{'R2'},{'R3'},{'D5'},{'D1'},{'D4'},{'D2'},&,1.0,&
{'R1'},{'R5'},{'R4'},{'R2'},{'D1'},{'R3'},{'D3'},{'D5'},{'D4'},{'D2'},&,1.0,&
{'R1'},{'R5'},{'R4'},{'R2'},{'D3'},{'D1'},{'R3'},{'D5'},{'D4'},{'D2'},&,1.0,&
{'R1'},{'R5'},{'R4'},{'R2'},{'D3'},{'R3'},{'D1'},{'D5'},{'D4'},{'D2'},&,1.0,&
{'R1'},{'R5'},{'R4'},{'R2'},{'R3'},{'D1'},{'D3'},{'D5'},{'D2'},{'D4'},&,1.0,&
{'R1'},{'R5'},{'R4'},{'R2'},{'R3'},{'D5'},{'D3'},{'D1'},{'D4'},{'D2'},&,1.0,&
{'R1'},{'R5'},{'R4'},{'R2'},{'R3'},{'D3'},{'D2'},{'D5'},{'D1'},{'D4'},&,1.0,&
{'R1'},{'R5'},{'R4'},{'R2'},{'R3'},{'D3'},{'D1'},{'D5'},{'D4'},{'D2'},&,3.0,&
{'R1'},{'R5'},{'R4'},{'R2'},{'R3'},{'D3'},{'D1'},{'D4'},{'D5'},{'D2'},&,1.0,&
{'R1'},{'R5'},{'R4'},{'R2'},{'R3'},{'D3'},{'D4'},{'D1'},{'D5'},{'D2'},&,1.0,&
{'R1'},{'R5'},{'R4'},{'R2'},{'R3'},{'D3'},{'D5'},{'D1'},{'D2'},{'D4'},&,1.0,&
{'R1'},{'R5'},{'R4'},{'R2'},{'R3'},{'D3'},{'D5'},{'D1'},{'D4'},{'D2'},&,1.0,&
{'R1'},{'R5'},{'R4'},{'R2'},{'R3'},{'D2'},{'D1'},{'D3'},{'D5'},{'D4'},&,1.0,&
{'R1'},{'D3'},{'D1'},{'D5'},{'D4'},{'D2'},{'R2'},{'R5'},{'R3'},{'R4'},&,1.0,&
{'R1'},{'D3'},{'D1'},{'D5'},{'D4'},{'D2'},{'R5'},{'R2'},{'R3'},{'R4'},&,1.0,&
{'R1'},{'D3'},{'D1'},{'D4'},{'D5'},{'R3'},{'D2'},{'R2'},{'R5'},{'R4'},&,1.0,&
{'R1'},{'D3'},{'D1'},{'D4'},{'D5'},{'D2'},{'R2'},{'R5'},{'R4'},{'R3'},&,2.0,&
{'R1'},{'D3'},{'D1'},{'D2'},{'R2'},{'D5'},{'D4'},{'R4'},{'R5'},{'R3'},&,1.0,&
{'R1'},{'D3'},{'D1'},{'R2'},{'D4'},{'D5'},{'D2'},{'R5'},{'R4'},{'R3'},&,1.0,&
{'R1'},{'D3'},{'D1'},{'R2'},{'R5'},{'R4'},{'R3'},{'D5'},{'D4'},{'D2'},&,1.0,&
{'R1'},{'D3'},{'D1'},{'R2'},{'R5'},{'R4'},{'R3'},{'D4'},{'D2'},{'D5'},&,1.0,&
{'R1'},{'D3'},{'D1'},{'R2'},{'R4'},{'R5'},{'R3'},{'D5'},{'D2'},{'D4'},&,1.0,&
{'R1'},{'D3'},{'D1'},{'R4'},{'R2'},{'R3'},{'R5'},{'D2'},{'D5'},{'D4'},&,1.0,&
{'R1'},{'D3'},{'D1'},{'R4'},{'R3'},{'R2'},{'R5'},{'D5'},{'D2'},{'D4'},&,1.0,&
{'R1'},{'D3'},{'D5'},{'D4'},{'D2'},{'D1'},{'R2'},{'R5'},{'R4'},{'R3'},&,1.0,&
{'R1'},{'D3'},{'D5'},{'D4'},{'D2'},{'D1'},{'R2'},{'R3'},{'R4'},{'R5'},&,1.0,&
{'R1'},{'D3'},{'D5'},{'D4'},{'D2'},{'D1'},{'R2'},{'R3'},{'R5'},{'R4'},&,4.0,&
{'R1'},{'D3'},{'D5'},{'D4'},{'D2'},{'D1'},{'R3'},{'R2'},{'R5'},{'R4'},&,1.0,&
{'R1'},{'D3'},{'D5'},{'D4'},{'D1'},{'R2'},{'D2'},{'R5'},{'R4'},{'R3'},&,1.0,&
{'R1'},{'D3'},{'D5'},{'D4'},{'D1'},{'R2'},{'D2'},{'R3'},{'R4'},{'R5'},&,1.0,&
{'R1'},{'D3'},{'D5'},{'D4'},{'D1'},{'D2'},{'R2'},{'R5'},{'R3'},{'R4'},&,4.0,&
{'R1'},{'D3'},{'D5'},{'D4'},{'D1'},{'D2'},{'R2'},{'R5'},{'R4'},{'R3'},&,1.0,&
{'R1'},{'D3'},{'D5'},{'D4'},{'D1'},{'D2'},{'R2'},{'R4'},{'R3'},{'R5'},&,2.0,&
{'R1'},{'D3'},{'D5'},{'D4'},{'D1'},{'D2'},{'R2'},{'R3'},{'R5'},{'R4'},&,2.0,&
{'R1'},{'D3'},{'D5'},{'D4'},{'D1'},{'D2'},{'R5'},{'R2'},{'R3'},{'R4'},&,1.0,&
{'R1'},{'D3'},{'D5'},{'D4'},{'R2'},{'D1'},{'D2'},{'R5'},{'R3'},{'R4'},&,1.0,&
{'R1'},{'D3'},{'D5'},{'D4'},{'R2'},{'D2'},{'D1'},{'R5'},{'R3'},{'R4'},&,1.0,&
{'R1'},{'D3'},{'D5'},{'D4'},{'R2'},{'D2'},{'D1'},{'R4'},{'R3'},{'R5'},&,1.0,&
{'R1'},{'D3'},{'D5'},{'D2'},{'D1'},{'D4'},{'R2'},{'R5'},{'R3'},{'R4'},&,1.0,&
{'R1'},{'D3'},{'D5'},{'D2'},{'D4'},{'D1'},{'R2'},{'R5'},{'R3'},{'R4'},&,2.0,&
{'R1'},{'D3'},{'D5'},{'D2'},{'D4'},{'D1'},{'R5'},{'R2'},{'R3'},{'R4'},&,1.0,&
{'R1'},{'D3'},{'D5'},{'D2'},{'D4'},{'R2'},{'D1'},{'R5'},{'R3'},{'R4'},&,1.0,&
{'R1'},{'D3'},{'D5'},{'D2'},{'R2'},{'R5'},{'D1'},{'D4'},{'R4'},{'R3'},&,1.0,&
{'R1'},{'D3'},{'D5'},{'D1'},{'R2'},{'D4'},{'R5'},{'D2'},{'R3'},{'R4'},&,1.0,&
{'R1'},{'D3'},{'D5'},{'R2'},{'D2'},{'D4'},{'D1'},{'R3'},{'R5'},{'R4'},&,1.0,&
{'R1'},{'D3'},{'D5'},{'R2'},{'D1'},{'D4'},{'D2'},{'R5'},{'R3'},{'R4'},&,1.0,&
{'R1'},{'D3'},{'D5'},{'R2'},{'D4'},{'D1'},{'D2'},{'R5'},{'R4'},{'R3'},&,1.0,&
{'R1'},{'D3'},{'D5'},{'R2'},{'D4'},{'D2'},{'D1'},{'R5'},{'R3'},{'R4'},&,1.0,&
{'R1'},{'D3'},{'D5'},{'R2'},{'D4'},{'D2'},{'D1'},{'R3'},{'R5'},{'R4'},&,1.0,&
{'R1'},{'D3'},{'D5'},{'R2'},{'R5'},{'R4'},{'R3'},{'D1'},{'D2'},{'D4'},&,2.0,&
{'R1'},{'D3'},{'D5'},{'R3'},{'R2'},{'D1'},{'D2'},{'R4'},{'R5'},{'D4'},&,1.0,&
{'R1'},{'D3'},{'D2'},{'D5'},{'D4'},{'D1'},{'R2'},{'R5'},{'R4'},{'R3'},&,1.0,&
{'R1'},{'D3'},{'D2'},{'D5'},{'D4'},{'D1'},{'R2'},{'R3'},{'R5'},{'R4'},&,1.0,&
{'R1'},{'D3'},{'D2'},{'D5'},{'D4'},{'D1'},{'R5'},{'R2'},{'R3'},{'R4'},&,1.0,&
{'R1'},{'D3'},{'D2'},{'D5'},{'D4'},{'D1'},{'R3'},{'R2'},{'R5'},{'R4'},&,1.0,&
{'R1'},{'D3'},{'D2'},{'D5'},{'R2'},{'R5'},{'D4'},{'D1'},{'R3'},{'R4'},&,1.0,&
{'R1'},{'D3'},{'D2'},{'D4'},{'D5'},{'D1'},{'R2'},{'R5'},{'R4'},{'R3'},&,1.0,&
{'R1'},{'D3'},{'D4'},{'D5'},{'D2'},{'D1'},{'R2'},{'R4'},{'R3'},{'R5'},&,1.0,&
{'R1'},{'D3'},{'D4'},{'D5'},{'D2'},{'D1'},{'R2'},{'R4'},{'R5'},{'R3'},&,1.0,&
{'R1'},{'D3'},{'D4'},{'D5'},{'D2'},{'D1'},{'R2'},{'R3'},{'R5'},{'R4'},&,1.0,&
{'R1'},{'D3'},{'D4'},{'D5'},{'D2'},{'R2'},{'R3'},{'D1'},{'R5'},{'R4'},&,1.0,&
{'R1'},{'D3'},{'D4'},{'D5'},{'D1'},{'D2'},{'R2'},{'R5'},{'R3'},{'R4'},&,3.0,&
{'R1'},{'D3'},{'D4'},{'D5'},{'D1'},{'D2'},{'R2'},{'R4'},{'R5'},{'R3'},&,2.0,&
{'R1'},{'D3'},{'D4'},{'D5'},{'D1'},{'D2'},{'R5'},{'R2'},{'R3'},{'R4'},&,1.0,&
{'R1'},{'D3'},{'D4'},{'D5'},{'R2'},{'D1'},{'D2'},{'R3'},{'R4'},{'R5'},&,1.0,&
{'R1'},{'D3'},{'D4'},{'D5'},{'R2'},{'R5'},{'D2'},{'D1'},{'R4'},{'R3'},&,1.0,&
{'R1'},{'D3'},{'D4'},{'D5'},{'R2'},{'D2'},{'R5'},{'D1'},{'R3'},{'R4'},&,1.0,&
{'R1'},{'D3'},{'D4'},{'D2'},{'D5'},{'D1'},{'R2'},{'R5'},{'R3'},{'R4'},&,1.0,&
{'R1'},{'D3'},{'D4'},{'D2'},{'D5'},{'R3'},{'D1'},{'R2'},{'R5'},{'R4'},&,1.0,&
{'R1'},{'D3'},{'D4'},{'D1'},{'D5'},{'D2'},{'R2'},{'R5'},{'R3'},{'R4'},&,1.0,&
{'R1'},{'D3'},{'D4'},{'R2'},{'D5'},{'D1'},{'D2'},{'R4'},{'R3'},{'R5'},&,1.0,&
{'R1'},{'D3'},{'D4'},{'R2'},{'D5'},{'D2'},{'D1'},{'R5'},{'R3'},{'R4'},&,1.0,&
{'R1'},{'D3'},{'D4'},{'R3'},{'D2'},{'D5'},{'D1'},{'R2'},{'R5'},{'R4'},&,1.0,&
{'R1'},{'D3'},{'R2'},{'D5'},{'D2'},{'D1'},{'D4'},{'R5'},{'R3'},{'R4'},&,1.0,&
{'R1'},{'D3'},{'R2'},{'D5'},{'D2'},{'D1'},{'D4'},{'R3'},{'R5'},{'R4'},&,1.0,&
{'R1'},{'D3'},{'R2'},{'D5'},{'D4'},{'D1'},{'D2'},{'R3'},{'R5'},{'R4'},&,1.0,&
{'R1'},{'D3'},{'R2'},{'D5'},{'D4'},{'D2'},{'D1'},{'R5'},{'R3'},{'R4'},&,1.0,&
{'R1'},{'D3'},{'R2'},{'D5'},{'R5'},{'R4'},{'R3'},{'D1'},{'D4'},{'D2'},&,2.0,&
{'R1'},{'D3'},{'R2'},{'D4'},{'D2'},{'D5'},{'D1'},{'R4'},{'R3'},{'R5'},&,1.0,&
{'R1'},{'D3'},{'R2'},{'D4'},{'D5'},{'D2'},{'D1'},{'R5'},{'R3'},{'R4'},&,1.0,&
{'R1'},{'D3'},{'R2'},{'D4'},{'D5'},{'D2'},{'D1'},{'R5'},{'R4'},{'R3'},&,2.0,&
{'R1'},{'D3'},{'R2'},{'D1'},{'R4'},{'R5'},{'R3'},{'D2'},{'D5'},{'D4'},&,1.0,&
{'R1'},{'D3'},{'R2'},{'R5'},{'D2'},{'D5'},{'D4'},{'D1'},{'R4'},{'R3'},&,1.0,&
{'R1'},{'D3'},{'R2'},{'R5'},{'D4'},{'D2'},{'R3'},{'D1'},{'D5'},{'R4'},&,1.0,&
{'R1'},{'D3'},{'R2'},{'R5'},{'D5'},{'R3'},{'D4'},{'D2'},{'R4'},{'D1'},&,1.0,&
{'R1'},{'D3'},{'R2'},{'R5'},{'R4'},{'D1'},{'R3'},{'D5'},{'D2'},{'D4'},&,1.0,&
{'R1'},{'D3'},{'R2'},{'R5'},{'R4'},{'R3'},{'D1'},{'D5'},{'D2'},{'D4'},&,2.0,&
{'R1'},{'D3'},{'R2'},{'R5'},{'R4'},{'R3'},{'D4'},{'D1'},{'D5'},{'D2'},&,1.0,&
{'R1'},{'D3'},{'R2'},{'R3'},{'R5'},{'D4'},{'R4'},{'D5'},{'D1'},{'D2'},&,1.0,&
{'R1'},{'D3'},{'R2'},{'R3'},{'R4'},{'D1'},{'R5'},{'D5'},{'D2'},{'D4'},&,1.0,&
{'R1'},{'D3'},{'R2'},{'R3'},{'R4'},{'D1'},{'R5'},{'D5'},{'D4'},{'D2'},&,1.0,&
{'R1'},{'D3'},{'R2'},{'R4'},{'R5'},{'D1'},{'D4'},{'R3'},{'D5'},{'D2'},&,1.0,&
{'R1'},{'D3'},{'R2'},{'R4'},{'R5'},{'R3'},{'D2'},{'D1'},{'D5'},{'D4'},&,2.0,&
{'R1'},{'D3'},{'R2'},{'R4'},{'R5'},{'R3'},{'D2'},{'D5'},{'D1'},{'D4'},&,1.0,&
{'R1'},{'D3'},{'R2'},{'R4'},{'R5'},{'R3'},{'D1'},{'D2'},{'D4'},{'D5'},&,1.0,&
{'R1'},{'D3'},{'R2'},{'R4'},{'R5'},{'R3'},{'D1'},{'D5'},{'D2'},{'D4'},&,1.0,&
{'R1'},{'D3'},{'R2'},{'R4'},{'R5'},{'R3'},{'D1'},{'D4'},{'D5'},{'D2'},&,3.0,&
{'R1'},{'D3'},{'R2'},{'R4'},{'R3'},{'R5'},{'D1'},{'D2'},{'D5'},{'D4'},&,1.0,&
{'R1'},{'D3'},{'R2'},{'R4'},{'R3'},{'R5'},{'D1'},{'D4'},{'D5'},{'D2'},&,1.0,&
{'R1'},{'D3'},{'R2'},{'R4'},{'R3'},{'R5'},{'D5'},{'D2'},{'D1'},{'D4'},&,1.0,&
{'R1'},{'D3'},{'R5'},{'D5'},{'D4'},{'D2'},{'R2'},{'D1'},{'R3'},{'R4'},&,1.0,&
{'R1'},{'D3'},{'R5'},{'R2'},{'D1'},{'R4'},{'D4'},{'D5'},{'R3'},{'D2'},&,1.0,&
{'R1'},{'D3'},{'R5'},{'R2'},{'R3'},{'R4'},{'D1'},{'D5'},{'D4'},{'D2'},&,1.0,&
{'R1'},{'D3'},{'R5'},{'R2'},{'R4'},{'R3'},{'D5'},{'D2'},{'D1'},{'D4'},&,1.0,&
{'R1'},{'D3'},{'R5'},{'R4'},{'R3'},{'D5'},{'R2'},{'D2'},{'D1'},{'D4'},&,1.0,&
{'R1'},{'D3'},{'R3'},{'R2'},{'R4'},{'R5'},{'D1'},{'D5'},{'D4'},{'D2'},&,1.0,&
{'R1'},{'D3'},{'R3'},{'R2'},{'R4'},{'R5'},{'D4'},{'D5'},{'D1'},{'D2'},&,1.0,&
{'R1'},{'D3'},{'R4'},{'D5'},{'R2'},{'R5'},{'R3'},{'D1'},{'D2'},{'D4'},&,1.0,&
{'R1'},{'D3'},{'R4'},{'D4'},{'R3'},{'D1'},{'R2'},{'R5'},{'D2'},{'D5'},&,1.0,&
{'R1'},{'D3'},{'R4'},{'D1'},{'R2'},{'R5'},{'R3'},{'D5'},{'D2'},{'D4'},&,1.0,&
{'R1'},{'D3'},{'R4'},{'R2'},{'R5'},{'R3'},{'D1'},{'D2'},{'D5'},{'D4'},&,1.0,&
{'R1'},{'D3'},{'R4'},{'R2'},{'R5'},{'R3'},{'D1'},{'D5'},{'D4'},{'D2'},&,1.0,&
{'R1'},{'D3'},{'R4'},{'R2'},{'R5'},{'R3'},{'D1'},{'D4'},{'D5'},{'D2'},&,1.0,&
{'R1'},{'D3'},{'R4'},{'R2'},{'R5'},{'R3'},{'D4'},{'D5'},{'D1'},{'D2'},&,1.0,&
{'R1'},{'D3'},{'R4'},{'R2'},{'R3'},{'R5'},{'D1'},{'D5'},{'D2'},{'D4'},&,1.0,&
{'R1'},{'D3'},{'R4'},{'R5'},{'R2'},{'R3'},{'D5'},{'D1'},{'D4'},{'D2'},&,1.0,&
{'R1'},{'D2'},{'D3'},{'D5'},{'D1'},{'D4'},{'R2'},{'R5'},{'R3'},{'R4'},&,1.0,&
{'R1'},{'D2'},{'D3'},{'D5'},{'D4'},{'D1'},{'R2'},{'R5'},{'R3'},{'R4'},&,1.0,&
{'R1'},{'D2'},{'D3'},{'D5'},{'D4'},{'D1'},{'R2'},{'R3'},{'R5'},{'R4'},&,1.0,&
{'R1'},{'D2'},{'D3'},{'D5'},{'D4'},{'D1'},{'R5'},{'R2'},{'R4'},{'R3'},&,1.0,&
{'R1'},{'D2'},{'D3'},{'D5'},{'D4'},{'R2'},{'R5'},{'D1'},{'R3'},{'R4'},&,1.0,&
{'R1'},{'D2'},{'D3'},{'D5'},{'D4'},{'R2'},{'D1'},{'R4'},{'R3'},{'R5'},&,1.0,&
{'R1'},{'D2'},{'D3'},{'D5'},{'D4'},{'R2'},{'D1'},{'R3'},{'R5'},{'R4'},&,1.0,&
{'R1'},{'D2'},{'D3'},{'D5'},{'R2'},{'D4'},{'D1'},{'R5'},{'R3'},{'R4'},&,1.0,&
{'R1'},{'D2'},{'D3'},{'D4'},{'D1'},{'R2'},{'D5'},{'R3'},{'R5'},{'R4'},&,1.0,&
{'R1'},{'D2'},{'D3'},{'D4'},{'R4'},{'R2'},{'D1'},{'R5'},{'R3'},{'D5'},&,1.0,&
{'R1'},{'D2'},{'D3'},{'D1'},{'D5'},{'D4'},{'R2'},{'R3'},{'R5'},{'R4'},&,1.0,&
{'R1'},{'D2'},{'D3'},{'R2'},{'D1'},{'D4'},{'D5'},{'R5'},{'R3'},{'R4'},&,1.0,&
{'R1'},{'D2'},{'D3'},{'R2'},{'D4'},{'R5'},{'D5'},{'D1'},{'R4'},{'R3'},&,1.0,&
{'R1'},{'D2'},{'D3'},{'R2'},{'D5'},{'D4'},{'R5'},{'D1'},{'R3'},{'R4'},&,1.0,&
{'R1'},{'D2'},{'D3'},{'R5'},{'D4'},{'D5'},{'D1'},{'R2'},{'R4'},{'R3'},&,1.0,&
{'R1'},{'D2'},{'D1'},{'D4'},{'D5'},{'D3'},{'R3'},{'R2'},{'R5'},{'R4'},&,1.0,&
{'R1'},{'D2'},{'D1'},{'D4'},{'D3'},{'D5'},{'R5'},{'R2'},{'R3'},{'R4'},&,1.0,&
{'R1'},{'D2'},{'D1'},{'R2'},{'D3'},{'D5'},{'D4'},{'R5'},{'R4'},{'R3'},&,1.0,&
{'R1'},{'D2'},{'D5'},{'D4'},{'D1'},{'D3'},{'R2'},{'R5'},{'R3'},{'R4'},&,1.0,&
{'R1'},{'D2'},{'D5'},{'D4'},{'D1'},{'D3'},{'R2'},{'R4'},{'R5'},{'R3'},&,1.0,&
{'R1'},{'D2'},{'D5'},{'D4'},{'D3'},{'D1'},{'R2'},{'R5'},{'R3'},{'R4'},&,4.0,&
{'R1'},{'D2'},{'D5'},{'D4'},{'D3'},{'D1'},{'R2'},{'R3'},{'R5'},{'R4'},&,1.0,&
{'R1'},{'D2'},{'D5'},{'D3'},{'D4'},{'D1'},{'R2'},{'R3'},{'R4'},{'R5'},&,1.0,&
{'R1'},{'D2'},{'D5'},{'D1'},{'R2'},{'D4'},{'D3'},{'R3'},{'R5'},{'R4'},&,1.0,&
{'R1'},{'D2'},{'D5'},{'R2'},{'D3'},{'D4'},{'R5'},{'D1'},{'R3'},{'R4'},&,1.0,&
{'R1'},{'D2'},{'D4'},{'D5'},{'D3'},{'D1'},{'R2'},{'R5'},{'R4'},{'R3'},&,1.0,&
{'R1'},{'D2'},{'D4'},{'D3'},{'D1'},{'D5'},{'R2'},{'R5'},{'R4'},{'R3'},&,1.0,&
{'R1'},{'D2'},{'D4'},{'D3'},{'D5'},{'D1'},{'R2'},{'R5'},{'R4'},{'R3'},&,1.0,&
{'R1'},{'D2'},{'D4'},{'D3'},{'D5'},{'D1'},{'R4'},{'R2'},{'R5'},{'R3'},&,1.0,&
{'R1'},{'D2'},{'R2'},{'D5'},{'D4'},{'D1'},{'D3'},{'R3'},{'R5'},{'R4'},&,1.0,&
{'R1'},{'D2'},{'R2'},{'D4'},{'R3'},{'D3'},{'D5'},{'D1'},{'R5'},{'R4'},&,1.0,&
{'R1'},{'D2'},{'R2'},{'R5'},{'D5'},{'D3'},{'D4'},{'D1'},{'R3'},{'R4'},&,1.0,&
{'R1'},{'D2'},{'R2'},{'R5'},{'R3'},{'R4'},{'D5'},{'D3'},{'D1'},{'D4'},&,1.0,&
{'R1'},{'D2'},{'R2'},{'R5'},{'R3'},{'R4'},{'D5'},{'D4'},{'D3'},{'D1'},&,1.0,&
{'R1'},{'D2'},{'R2'},{'R5'},{'R4'},{'R3'},{'D1'},{'D3'},{'D5'},{'D4'},&,2.0,&
{'R1'},{'D2'},{'R2'},{'R4'},{'D5'},{'R5'},{'R3'},{'D1'},{'D4'},{'D3'},&,1.0,&
{'R1'},{'D2'},{'R5'},{'R3'},{'R2'},{'D1'},{'R4'},{'D3'},{'D5'},{'D4'},&,1.0,&
{'R1'},{'D2'},{'R3'},{'R2'},{'D1'},{'R5'},{'D4'},{'D5'},{'D3'},{'R4'},&,1.0,&
{'R1'},{'D5'},{'D3'},{'D4'},{'D2'},{'D1'},{'R2'},{'R5'},{'R3'},{'R4'},&,2.0,&
{'R1'},{'D5'},{'D3'},{'D4'},{'D2'},{'D1'},{'R2'},{'R3'},{'R4'},{'R5'},&,1.0,&
{'R1'},{'D5'},{'D3'},{'D4'},{'D2'},{'D1'},{'R2'},{'R3'},{'R5'},{'R4'},&,3.0,&
{'R1'},{'D5'},{'D3'},{'D4'},{'D2'},{'D1'},{'R5'},{'R2'},{'R3'},{'R4'},&,1.0,&
{'R1'},{'D5'},{'D3'},{'D4'},{'D2'},{'D1'},{'R3'},{'R2'},{'R5'},{'R4'},&,1.0,&
{'R1'},{'D5'},{'D3'},{'D4'},{'D2'},{'R2'},{'D1'},{'R3'},{'R5'},{'R4'},&,1.0,&
{'R1'},{'D5'},{'D3'},{'D4'},{'D2'},{'R2'},{'R3'},{'D1'},{'R5'},{'R4'},&,1.0,&
{'R1'},{'D5'},{'D3'},{'D4'},{'D2'},{'R3'},{'D1'},{'R2'},{'R5'},{'R4'},&,1.0,&
{'R1'},{'D5'},{'D3'},{'D4'},{'D1'},{'R2'},{'D2'},{'R5'},{'R4'},{'R3'},&,1.0,&
{'R1'},{'D5'},{'D3'},{'D4'},{'D1'},{'D2'},{'R2'},{'R5'},{'R3'},{'R4'},&,4.0,&
{'R1'},{'D5'},{'D3'},{'D4'},{'D1'},{'D2'},{'R2'},{'R5'},{'R4'},{'R3'},&,1.0,&
{'R1'},{'D5'},{'D3'},{'D4'},{'D1'},{'D2'},{'R2'},{'R4'},{'R5'},{'R3'},&,1.0,&
{'R1'},{'D5'},{'D3'},{'D4'},{'D1'},{'D2'},{'R5'},{'R2'},{'R3'},{'R4'},&,1.0,&
{'R1'},{'D5'},{'D3'},{'D4'},{'D1'},{'D2'},{'R3'},{'R2'},{'R5'},{'R4'},&,2.0,&
{'R1'},{'D5'},{'D3'},{'D4'},{'R2'},{'R4'},{'D1'},{'D2'},{'R5'},{'R3'},&,1.0,&
{'R1'},{'D5'},{'D3'},{'D4'},{'R2'},{'D2'},{'D1'},{'R5'},{'R3'},{'R4'},&,1.0,&
{'R1'},{'D5'},{'D3'},{'D4'},{'R2'},{'D2'},{'D1'},{'R3'},{'R5'},{'R4'},&,1.0,&
{'R1'},{'D5'},{'D3'},{'D2'},{'D4'},{'D1'},{'R2'},{'R5'},{'R3'},{'R4'},&,1.0,&
{'R1'},{'D5'},{'D3'},{'D2'},{'D4'},{'D1'},{'R2'},{'R5'},{'R4'},{'R3'},&,1.0,&
{'R1'},{'D5'},{'D3'},{'D2'},{'D4'},{'D1'},{'R2'},{'R3'},{'R5'},{'R4'},&,1.0,&
{'R1'},{'D5'},{'D3'},{'D2'},{'D4'},{'D1'},{'R5'},{'R2'},{'R3'},{'R4'},&,1.0,&
{'R1'},{'D5'},{'D3'},{'D2'},{'D4'},{'R2'},{'D1'},{'R3'},{'R5'},{'R4'},&,1.0,&
{'R1'},{'D5'},{'D3'},{'D2'},{'R2'},{'D4'},{'D1'},{'R3'},{'R5'},{'R4'},&,1.0,&
{'R1'},{'D5'},{'D3'},{'D1'},{'D4'},{'D2'},{'R2'},{'R5'},{'R3'},{'R4'},&,1.0,&
{'R1'},{'D5'},{'D3'},{'D1'},{'D4'},{'D2'},{'R2'},{'R3'},{'R5'},{'R4'},&,1.0,&
{'R1'},{'D5'},{'D3'},{'R2'},{'D4'},{'R5'},{'D2'},{'D1'},{'R3'},{'R4'},&,1.0,&
{'R1'},{'D5'},{'D3'},{'R2'},{'D4'},{'D2'},{'D1'},{'R5'},{'R3'},{'R4'},&,1.0,&
{'R1'},{'D5'},{'D3'},{'R2'},{'R5'},{'R4'},{'R3'},{'D1'},{'D2'},{'D4'},&,1.0,&
{'R1'},{'D5'},{'D3'},{'R2'},{'R5'},{'R3'},{'R4'},{'D4'},{'D1'},{'D2'},&,1.0,&
{'R1'},{'D5'},{'D1'},{'D4'},{'D3'},{'D2'},{'R2'},{'R5'},{'R3'},{'R4'},&,1.0,&
{'R1'},{'D5'},{'D1'},{'D4'},{'D3'},{'D2'},{'R2'},{'R5'},{'R4'},{'R3'},&,2.0,&
{'R1'},{'D5'},{'D1'},{'D4'},{'D3'},{'D2'},{'R3'},{'R5'},{'R2'},{'R4'},&,1.0,&
{'R1'},{'D5'},{'D1'},{'D3'},{'D4'},{'D2'},{'R2'},{'R5'},{'R4'},{'R3'},&,1.0,&
{'R1'},{'D5'},{'D1'},{'D3'},{'D4'},{'D2'},{'R2'},{'R3'},{'R5'},{'R4'},&,1.0,&
{'R1'},{'D5'},{'D1'},{'D2'},{'D4'},{'D3'},{'R2'},{'R5'},{'R4'},{'R3'},&,1.0,&
{'R1'},{'D5'},{'D1'},{'R2'},{'D4'},{'D2'},{'D3'},{'R5'},{'R3'},{'R4'},&,1.0,&
{'R1'},{'D5'},{'D2'},{'D4'},{'D1'},{'R5'},{'D3'},{'R2'},{'R4'},{'R3'},&,1.0,&
{'R1'},{'D5'},{'D2'},{'D4'},{'D3'},{'D1'},{'R5'},{'R2'},{'R3'},{'R4'},&,1.0,&
{'R1'},{'D5'},{'D2'},{'D4'},{'R2'},{'D3'},{'D1'},{'R5'},{'R3'},{'R4'},&,1.0,&
{'R1'},{'D5'},{'D2'},{'D4'},{'R2'},{'D3'},{'D1'},{'R5'},{'R4'},{'R3'},&,1.0,&
{'R1'},{'D5'},{'D2'},{'D4'},{'R2'},{'D3'},{'D1'},{'R3'},{'R5'},{'R4'},&,1.0,&
{'R1'},{'D5'},{'D2'},{'D4'},{'R3'},{'R5'},{'D3'},{'D1'},{'R2'},{'R4'},&,1.0,&
{'R1'},{'D5'},{'D2'},{'D3'},{'D1'},{'D4'},{'R2'},{'R4'},{'R5'},{'R3'},&,1.0,&
{'R1'},{'D5'},{'D2'},{'D3'},{'D4'},{'D1'},{'R2'},{'R5'},{'R3'},{'R4'},&,2.0,&
{'R1'},{'D5'},{'D2'},{'D3'},{'D4'},{'D1'},{'R2'},{'R5'},{'R4'},{'R3'},&,1.0,&
{'R1'},{'D5'},{'D2'},{'D3'},{'R2'},{'D4'},{'D1'},{'R5'},{'R3'},{'R4'},&,1.0,&
{'R1'},{'D5'},{'D2'},{'R2'},{'D4'},{'D1'},{'D3'},{'R5'},{'R3'},{'R4'},&,1.0,&
{'R1'},{'D5'},{'D2'},{'R2'},{'D3'},{'D4'},{'R5'},{'D1'},{'R3'},{'R4'},&,1.0,&
{'R1'},{'D5'},{'D2'},{'R2'},{'D3'},{'D4'},{'D1'},{'R3'},{'R5'},{'R4'},&,1.0,&
{'R1'},{'D5'},{'D2'},{'R5'},{'D4'},{'D3'},{'D1'},{'R2'},{'R3'},{'R4'},&,1.0,&
{'R1'},{'D5'},{'D4'},{'D3'},{'D2'},{'D1'},{'R2'},{'R5'},{'R3'},{'R4'},&,4.0,&
{'R1'},{'D5'},{'D4'},{'D3'},{'D2'},{'D1'},{'R4'},{'R2'},{'R5'},{'R3'},&,1.0,&
{'R1'},{'D5'},{'D4'},{'D3'},{'D1'},{'R2'},{'D2'},{'R5'},{'R3'},{'R4'},&,1.0,&
{'R1'},{'D5'},{'D4'},{'D3'},{'D1'},{'R2'},{'D2'},{'R3'},{'R5'},{'R4'},&,1.0,&
{'R1'},{'D5'},{'D4'},{'D3'},{'D1'},{'D2'},{'R2'},{'R5'},{'R3'},{'R4'},&,2.0,&
{'R1'},{'D5'},{'D4'},{'D3'},{'D1'},{'D2'},{'R2'},{'R4'},{'R3'},{'R5'},&,1.0,&
{'R1'},{'D5'},{'D4'},{'D3'},{'D1'},{'D2'},{'R2'},{'R4'},{'R5'},{'R3'},&,2.0,&
{'R1'},{'D5'},{'D4'},{'D3'},{'D1'},{'D2'},{'R2'},{'R3'},{'R5'},{'R4'},&,2.0,&
{'R1'},{'D5'},{'D4'},{'D3'},{'D1'},{'D2'},{'R5'},{'R3'},{'R2'},{'R4'},&,1.0,&
{'R1'},{'D5'},{'D4'},{'D3'},{'D1'},{'D2'},{'R4'},{'R2'},{'R3'},{'R5'},&,1.0,&
{'R1'},{'D5'},{'D4'},{'D3'},{'R2'},{'D1'},{'D2'},{'R5'},{'R4'},{'R3'},&,1.0,&
{'R1'},{'D5'},{'D4'},{'D3'},{'R2'},{'D2'},{'D1'},{'R5'},{'R3'},{'R4'},&,1.0,&
{'R1'},{'D5'},{'D4'},{'D2'},{'D1'},{'R4'},{'R2'},{'D3'},{'R3'},{'R5'},&,1.0,&
{'R1'},{'D5'},{'D4'},{'D2'},{'D1'},{'D3'},{'R2'},{'R5'},{'R4'},{'R3'},&,1.0,&
{'R1'},{'D5'},{'D4'},{'D2'},{'D3'},{'D1'},{'R2'},{'R5'},{'R3'},{'R4'},&,1.0,&
{'R1'},{'D5'},{'D4'},{'D2'},{'D3'},{'D1'},{'R2'},{'R3'},{'R5'},{'R4'},&,2.0,&
{'R1'},{'D5'},{'D4'},{'D1'},{'D2'},{'D3'},{'R2'},{'R5'},{'R3'},{'R4'},&,1.0,&
{'R1'},{'D5'},{'D4'},{'D1'},{'D2'},{'D3'},{'R2'},{'R3'},{'R5'},{'R4'},&,1.0,&
{'R1'},{'D5'},{'D4'},{'D1'},{'D3'},{'R2'},{'D2'},{'R5'},{'R3'},{'R4'},&,1.0,&
{'R1'},{'D5'},{'D4'},{'D1'},{'D3'},{'D2'},{'R2'},{'R5'},{'R4'},{'R3'},&,1.0,&
{'R1'},{'D5'},{'D4'},{'R2'},{'D2'},{'D3'},{'D1'},{'R5'},{'R3'},{'R4'},&,1.0,&
{'R1'},{'D5'},{'D4'},{'R2'},{'D2'},{'D3'},{'R4'},{'R3'},{'R5'},{'D1'},&,1.0,&
{'R1'},{'D5'},{'D4'},{'R2'},{'D3'},{'D1'},{'R4'},{'D2'},{'R5'},{'R3'},&,1.0,&
{'R1'},{'D5'},{'R2'},{'D4'},{'D2'},{'D3'},{'D1'},{'R5'},{'R3'},{'R4'},&,2.0,&
{'R1'},{'D5'},{'R2'},{'D3'},{'D2'},{'D4'},{'D1'},{'R4'},{'R5'},{'R3'},&,1.0,&
{'R1'},{'D5'},{'R2'},{'D3'},{'D1'},{'D4'},{'D2'},{'R3'},{'R5'},{'R4'},&,1.0,&
{'R1'},{'D5'},{'R2'},{'D3'},{'D4'},{'D1'},{'D2'},{'R5'},{'R3'},{'R4'},&,1.0,&
{'R1'},{'D5'},{'R2'},{'D3'},{'D4'},{'R5'},{'R3'},{'D1'},{'D2'},{'R4'},&,1.0,&
{'R1'},{'D5'},{'R2'},{'D3'},{'D4'},{'D2'},{'D1'},{'R5'},{'R4'},{'R3'},&,1.0,&
{'R1'},{'D5'},{'R2'},{'D3'},{'D4'},{'D2'},{'R4'},{'D1'},{'R3'},{'R5'},&,1.0,&
{'R1'},{'D5'},{'R2'},{'D3'},{'R5'},{'D2'},{'D4'},{'D1'},{'R4'},{'R3'},&,1.0,&
{'R1'},{'D5'},{'R2'},{'D3'},{'R4'},{'R5'},{'D1'},{'R3'},{'D2'},{'D4'},&,1.0,&
{'R1'},{'D5'},{'R2'},{'D2'},{'D1'},{'D4'},{'D3'},{'R5'},{'R4'},{'R3'},&,1.0,&
{'R1'},{'D5'},{'R2'},{'D2'},{'D3'},{'D4'},{'D1'},{'R3'},{'R5'},{'R4'},&,1.0,&
{'R1'},{'D5'},{'R2'},{'R5'},{'D1'},{'D4'},{'D3'},{'D2'},{'R3'},{'R4'},&,1.0,&
{'R1'},{'D5'},{'R2'},{'R5'},{'D3'},{'D4'},{'D2'},{'D1'},{'R4'},{'R3'},&,1.0,&
{'R1'},{'D5'},{'R5'},{'D3'},{'R3'},{'R4'},{'D1'},{'R2'},{'D2'},{'D4'},&,1.0,&
{'R1'},{'D5'},{'R5'},{'D1'},{'R3'},{'D3'},{'D4'},{'R4'},{'D2'},{'R2'},&,1.0,&
{'R1'},{'D5'},{'R5'},{'R2'},{'R4'},{'R3'},{'D2'},{'D1'},{'D3'},{'D4'},&,1.0,&
{'R1'},{'D5'},{'R3'},{'D4'},{'D3'},{'D1'},{'D2'},{'R2'},{'R4'},{'R5'},&,1.0,&
{'R1'},{'D5'},{'R3'},{'D2'},{'R5'},{'R2'},{'D4'},{'D3'},{'D1'},{'R4'},&,1.0,&
{'R1'},{'D5'},{'R3'},{'R5'},{'D1'},{'R2'},{'R4'},{'D3'},{'D2'},{'D4'},&,1.0,&
{'R1'},{'D5'},{'R3'},{'R5'},{'R2'},{'R4'},{'D3'},{'D1'},{'D2'},{'D4'},&,1.0,&
{'R1'},{'D5'},{'R4'},{'R5'},{'R2'},{'R3'},{'D3'},{'D1'},{'D4'},{'D2'},&,1.0,&
{'R1'},{'D4'},{'D3'},{'D5'},{'D2'},{'D1'},{'R2'},{'R5'},{'R3'},{'R4'},&,1.0,&
{'R1'},{'D4'},{'D3'},{'D5'},{'D2'},{'D1'},{'R2'},{'R4'},{'R5'},{'R3'},&,1.0,&
{'R1'},{'D4'},{'D3'},{'D5'},{'D2'},{'D1'},{'R2'},{'R3'},{'R5'},{'R4'},&,1.0,&
{'R1'},{'D4'},{'D3'},{'D5'},{'D2'},{'D1'},{'R5'},{'R2'},{'R3'},{'R4'},&,1.0,&
{'R1'},{'D4'},{'D3'},{'D5'},{'D2'},{'D1'},{'R3'},{'R2'},{'R5'},{'R4'},&,1.0,&
{'R1'},{'D4'},{'D3'},{'D5'},{'D2'},{'R2'},{'D1'},{'R5'},{'R3'},{'R4'},&,1.0,&
{'R1'},{'D4'},{'D3'},{'D5'},{'D1'},{'R2'},{'D2'},{'R3'},{'R4'},{'R5'},&,1.0,&
{'R1'},{'D4'},{'D3'},{'D5'},{'D1'},{'D2'},{'R2'},{'R5'},{'R3'},{'R4'},&,1.0,&
{'R1'},{'D4'},{'D3'},{'D5'},{'D1'},{'D2'},{'R5'},{'R2'},{'R3'},{'R4'},&,1.0,&
{'R1'},{'D4'},{'D3'},{'D5'},{'R2'},{'D2'},{'D1'},{'R5'},{'R3'},{'R4'},&,1.0,&
{'R1'},{'D4'},{'D3'},{'D5'},{'R3'},{'D2'},{'D1'},{'R2'},{'R4'},{'R5'},&,1.0,&
{'R1'},{'D4'},{'D3'},{'D2'},{'D5'},{'R2'},{'D1'},{'R5'},{'R4'},{'R3'},&,1.0,&
{'R1'},{'D4'},{'D3'},{'D1'},{'D5'},{'D2'},{'R2'},{'R3'},{'R5'},{'R4'},&,1.0,&
{'R1'},{'D4'},{'D3'},{'R2'},{'D5'},{'D2'},{'D1'},{'R5'},{'R3'},{'R4'},&,2.0,&
{'R1'},{'D4'},{'D3'},{'R2'},{'R5'},{'D5'},{'D1'},{'R3'},{'D2'},{'R4'},&,1.0,&
{'R1'},{'D4'},{'D1'},{'D5'},{'D3'},{'R2'},{'D2'},{'R3'},{'R5'},{'R4'},&,1.0,&
{'R1'},{'D4'},{'D1'},{'D5'},{'D3'},{'D2'},{'R2'},{'R5'},{'R3'},{'R4'},&,1.0,&
{'R1'},{'D4'},{'D1'},{'D5'},{'R5'},{'R4'},{'D3'},{'R2'},{'R3'},{'D2'},&,1.0,&
{'R1'},{'D4'},{'D1'},{'D3'},{'D5'},{'D2'},{'R2'},{'R5'},{'R3'},{'R4'},&,1.0,&
{'R1'},{'D4'},{'D1'},{'D3'},{'D5'},{'D2'},{'R2'},{'R3'},{'R5'},{'R4'},&,1.0,&
{'R1'},{'D4'},{'D1'},{'D3'},{'D5'},{'D2'},{'R5'},{'R2'},{'R4'},{'R3'},&,1.0,&
{'R1'},{'D4'},{'D1'},{'D3'},{'R5'},{'D5'},{'D2'},{'R2'},{'R4'},{'R3'},&,1.0,&
{'R1'},{'D4'},{'D1'},{'D2'},{'D5'},{'D3'},{'R2'},{'R5'},{'R3'},{'R4'},&,1.0,&
{'R1'},{'D4'},{'D1'},{'R2'},{'D5'},{'R5'},{'D3'},{'D2'},{'R3'},{'R4'},&,1.0,&
{'R1'},{'D4'},{'D5'},{'D3'},{'D2'},{'D1'},{'R2'},{'R5'},{'R3'},{'R4'},&,4.0,&
{'R1'},{'D4'},{'D5'},{'D3'},{'D2'},{'D1'},{'R2'},{'R5'},{'R4'},{'R3'},&,1.0,&
{'R1'},{'D4'},{'D5'},{'D3'},{'D2'},{'D1'},{'R2'},{'R3'},{'R5'},{'R4'},&,2.0,&
{'R1'},{'D4'},{'D5'},{'D3'},{'D2'},{'R2'},{'R5'},{'D1'},{'R3'},{'R4'},&,1.0,&
{'R1'},{'D4'},{'D5'},{'D3'},{'D2'},{'R2'},{'D1'},{'R3'},{'R5'},{'R4'},&,1.0,&
{'R1'},{'D4'},{'D5'},{'D3'},{'D2'},{'R5'},{'D1'},{'R2'},{'R3'},{'R4'},&,1.0,&
{'R1'},{'D4'},{'D5'},{'D3'},{'D1'},{'R2'},{'R5'},{'D2'},{'R3'},{'R4'},&,1.0,&
{'R1'},{'D4'},{'D5'},{'D3'},{'D1'},{'D2'},{'R2'},{'R5'},{'R3'},{'R4'},&,2.0,&
{'R1'},{'D4'},{'D5'},{'D3'},{'D1'},{'D2'},{'R2'},{'R3'},{'R5'},{'R4'},&,1.0,&
{'R1'},{'D4'},{'D5'},{'D2'},{'D1'},{'D3'},{'R2'},{'R5'},{'R4'},{'R3'},&,1.0,&
{'R1'},{'D4'},{'D5'},{'D2'},{'D3'},{'D1'},{'R2'},{'R5'},{'R3'},{'R4'},&,2.0,&
{'R1'},{'D4'},{'D5'},{'D2'},{'D3'},{'D1'},{'R2'},{'R5'},{'R4'},{'R3'},&,2.0,&
{'R1'},{'D4'},{'D5'},{'D2'},{'D3'},{'D1'},{'R2'},{'R3'},{'R4'},{'R5'},&,1.0,&
{'R1'},{'D4'},{'D5'},{'D2'},{'D3'},{'D1'},{'R2'},{'R3'},{'R5'},{'R4'},&,3.0,&
{'R1'},{'D4'},{'D5'},{'D2'},{'D3'},{'D1'},{'R5'},{'R2'},{'R3'},{'R4'},&,1.0,&
{'R1'},{'D4'},{'D5'},{'D1'},{'D3'},{'R2'},{'D2'},{'R5'},{'R4'},{'R3'},&,1.0,&
{'R1'},{'D4'},{'D5'},{'D1'},{'R2'},{'D3'},{'R5'},{'D2'},{'R4'},{'R3'},&,1.0,&
{'R1'},{'D4'},{'D5'},{'R2'},{'D3'},{'D1'},{'D2'},{'R3'},{'R5'},{'R4'},&,1.0,&
{'R1'},{'D4'},{'D5'},{'R2'},{'D3'},{'R5'},{'D2'},{'D1'},{'R3'},{'R4'},&,1.0,&
{'R1'},{'D4'},{'D5'},{'R2'},{'R5'},{'R3'},{'D3'},{'D1'},{'D2'},{'R4'},&,1.0,&
{'R1'},{'D4'},{'D2'},{'D5'},{'D1'},{'D3'},{'R2'},{'R5'},{'R3'},{'R4'},&,1.0,&
{'R1'},{'D4'},{'D2'},{'D5'},{'D3'},{'D1'},{'R2'},{'R5'},{'R3'},{'R4'},&,1.0,&
{'R1'},{'D4'},{'D2'},{'D5'},{'D3'},{'D1'},{'R2'},{'R3'},{'R5'},{'R4'},&,1.0,&
{'R1'},{'D4'},{'D2'},{'D3'},{'D5'},{'D1'},{'R2'},{'R5'},{'R3'},{'R4'},&,1.0,&
{'R1'},{'D4'},{'D2'},{'D3'},{'D5'},{'D1'},{'R2'},{'R4'},{'R5'},{'R3'},&,1.0,&
{'R1'},{'D4'},{'D2'},{'D3'},{'D5'},{'D1'},{'R2'},{'R3'},{'R5'},{'R4'},&,1.0,&
{'R1'},{'D4'},{'D2'},{'D1'},{'D3'},{'D5'},{'R4'},{'R2'},{'R5'},{'R3'},&,1.0,&
{'R1'},{'D4'},{'D2'},{'R2'},{'D3'},{'D5'},{'D1'},{'R5'},{'R3'},{'R4'},&,1.0,&
{'R1'},{'D4'},{'D2'},{'R2'},{'D3'},{'D5'},{'D1'},{'R3'},{'R5'},{'R4'},&,1.0,&
{'R1'},{'D4'},{'R2'},{'D5'},{'D3'},{'D1'},{'D2'},{'R4'},{'R5'},{'R3'},&,1.0,&
{'R1'},{'D4'},{'R2'},{'D5'},{'R5'},{'D3'},{'D2'},{'D1'},{'R4'},{'R3'},&,1.0,&
{'R1'},{'D4'},{'R2'},{'D3'},{'D5'},{'D1'},{'D2'},{'R5'},{'R3'},{'R4'},&,1.0,&
{'R1'},{'D4'},{'R2'},{'D3'},{'D5'},{'D1'},{'D2'},{'R3'},{'R5'},{'R4'},&,1.0,&
{'R1'},{'D4'},{'R2'},{'D2'},{'D1'},{'D5'},{'D3'},{'R5'},{'R3'},{'R4'},&,1.0,&
{'R1'},{'D4'},{'R2'},{'D2'},{'D1'},{'R3'},{'D3'},{'D5'},{'R5'},{'R4'},&,1.0,&
{'R1'},{'D4'},{'R2'},{'D2'},{'D3'},{'D5'},{'D1'},{'R3'},{'R5'},{'R4'},&,1.0,&
{'R1'},{'D4'},{'R2'},{'D1'},{'D5'},{'D3'},{'D2'},{'R3'},{'R4'},{'R5'},&,1.0,&
{'R1'},{'D4'},{'R2'},{'D1'},{'D3'},{'R4'},{'R5'},{'R3'},{'D5'},{'D2'},&,1.0,&
{'R1'},{'D4'},{'R2'},{'R5'},{'D1'},{'D5'},{'D3'},{'D2'},{'R4'},{'R3'},&,1.0,&
{'R1'},{'D4'},{'R2'},{'R5'},{'D3'},{'D5'},{'D1'},{'D2'},{'R3'},{'R4'},&,1.0,&
{'R1'},{'D4'},{'R2'},{'R5'},{'D3'},{'D5'},{'R3'},{'D1'},{'R4'},{'D2'},&,1.0,&
{'R1'},{'D4'},{'R2'},{'R5'},{'R4'},{'R3'},{'D5'},{'D1'},{'D3'},{'D2'},&,1.0,&
{'R1'},{'D4'},{'R2'},{'R3'},{'D2'},{'D5'},{'D1'},{'D3'},{'R5'},{'R4'},&,1.0,&
{'R1'},{'D4'},{'R5'},{'D3'},{'D1'},{'R2'},{'D5'},{'D2'},{'R4'},{'R3'},&,1.0,&
{'R1'},{'D4'},{'R3'},{'D3'},{'D5'},{'D2'},{'D1'},{'R2'},{'R5'},{'R4'},&,1.0,&
{'R1'},{'R2'},{'D3'},{'D5'},{'D2'},{'R3'},{'D4'},{'D1'},{'R5'},{'R4'},&,1.0,&
{'R1'},{'R2'},{'D3'},{'D5'},{'D1'},{'R5'},{'D2'},{'D4'},{'R4'},{'R3'},&,1.0,&
{'R1'},{'R2'},{'D3'},{'D5'},{'D4'},{'D1'},{'D2'},{'R5'},{'R4'},{'R3'},&,2.0,&
{'R1'},{'R2'},{'D3'},{'D5'},{'R3'},{'D4'},{'D1'},{'D2'},{'R5'},{'R4'},&,1.0,&
{'R1'},{'R2'},{'D3'},{'D4'},{'D2'},{'D5'},{'D1'},{'R3'},{'R5'},{'R4'},&,1.0,&
{'R1'},{'R2'},{'D3'},{'D4'},{'D2'},{'R5'},{'R3'},{'D5'},{'D1'},{'R4'},&,1.0,&
{'R1'},{'R2'},{'D3'},{'D4'},{'D5'},{'D2'},{'D1'},{'R5'},{'R3'},{'R4'},&,1.0,&
{'R1'},{'R2'},{'D3'},{'D4'},{'D5'},{'D2'},{'D1'},{'R4'},{'R3'},{'R5'},&,1.0,&
{'R1'},{'R2'},{'D3'},{'D4'},{'D5'},{'D2'},{'D1'},{'R3'},{'R4'},{'R5'},&,1.0,&
{'R1'},{'R2'},{'D3'},{'D2'},{'D4'},{'D1'},{'D5'},{'R3'},{'R4'},{'R5'},&,1.0,&
{'R1'},{'R2'},{'D3'},{'D1'},{'R5'},{'R4'},{'R3'},{'D5'},{'D2'},{'D4'},&,1.0,&
{'R1'},{'R2'},{'D3'},{'R5'},{'R4'},{'R3'},{'D1'},{'D5'},{'D2'},{'D4'},&,2.0,&
{'R1'},{'R2'},{'D3'},{'R5'},{'R4'},{'R3'},{'D1'},{'D5'},{'D4'},{'D2'},&,2.0,&
{'R1'},{'R2'},{'D3'},{'R5'},{'R4'},{'R3'},{'D5'},{'D1'},{'D2'},{'D4'},&,1.0,&
{'R1'},{'R2'},{'D3'},{'R5'},{'R4'},{'D2'},{'R3'},{'D1'},{'D5'},{'D4'},&,1.0,&
{'R1'},{'R2'},{'D3'},{'R3'},{'R5'},{'R4'},{'D1'},{'D5'},{'D4'},{'D2'},&,1.0,&
{'R1'},{'R2'},{'D3'},{'R3'},{'R4'},{'R5'},{'D1'},{'D4'},{'D5'},{'D2'},&,1.0,&
{'R1'},{'R2'},{'D3'},{'R4'},{'D4'},{'R5'},{'R3'},{'D2'},{'D1'},{'D5'},&,1.0,&
{'R1'},{'R2'},{'D3'},{'R4'},{'D5'},{'D1'},{'R5'},{'R3'},{'D4'},{'D2'},&,1.0,&
{'R1'},{'R2'},{'D3'},{'R4'},{'R5'},{'D5'},{'R3'},{'D1'},{'D4'},{'D2'},&,1.0,&
{'R1'},{'R2'},{'D3'},{'R4'},{'R5'},{'R3'},{'D1'},{'D5'},{'D4'},{'D2'},&,1.0,&
{'R1'},{'R2'},{'D3'},{'R4'},{'R5'},{'R3'},{'D5'},{'D1'},{'D4'},{'D2'},&,2.0,&
{'R1'},{'R2'},{'D1'},{'D5'},{'D3'},{'D4'},{'D2'},{'R5'},{'R3'},{'R4'},&,1.0,&
{'R1'},{'R2'},{'D1'},{'D4'},{'D3'},{'D5'},{'R5'},{'R3'},{'D2'},{'R4'},&,1.0,&
{'R1'},{'R2'},{'D1'},{'D3'},{'D4'},{'D2'},{'D5'},{'R5'},{'R4'},{'R3'},&,1.0,&
{'R1'},{'R2'},{'D1'},{'D3'},{'R5'},{'R4'},{'R3'},{'D5'},{'D2'},{'D4'},&,1.0,&
{'R1'},{'R2'},{'D1'},{'D3'},{'R3'},{'D5'},{'R5'},{'R4'},{'D2'},{'D4'},&,1.0,&
{'R1'},{'R2'},{'D1'},{'R5'},{'R4'},{'R3'},{'D2'},{'D3'},{'D5'},{'D4'},&,1.0,&
{'R1'},{'R2'},{'D1'},{'R5'},{'R4'},{'R3'},{'D3'},{'D2'},{'D4'},{'D5'},&,1.0,&
{'R1'},{'R2'},{'D1'},{'R5'},{'R4'},{'R3'},{'D3'},{'D4'},{'D2'},{'D5'},&,1.0,&
{'R1'},{'R2'},{'D1'},{'R5'},{'R4'},{'R3'},{'D5'},{'D4'},{'D3'},{'D2'},&,1.0,&
{'R1'},{'R2'},{'D1'},{'R3'},{'R4'},{'D4'},{'D3'},{'R5'},{'D5'},{'D2'},&,1.0,&
{'R1'},{'R2'},{'D1'},{'R4'},{'D3'},{'R5'},{'R3'},{'D4'},{'D5'},{'D2'},&,1.0,&
{'R1'},{'R2'},{'D1'},{'R4'},{'R5'},{'R3'},{'D2'},{'D3'},{'D5'},{'D4'},&,1.0,&
{'R1'},{'R2'},{'D1'},{'R4'},{'R5'},{'R3'},{'D4'},{'D5'},{'D3'},{'D2'},&,1.0,&
{'R1'},{'R2'},{'D1'},{'R4'},{'R5'},{'R3'},{'D5'},{'D3'},{'D2'},{'D4'},&,1.0,&
{'R1'},{'R2'},{'D1'},{'R4'},{'R3'},{'R5'},{'D5'},{'D3'},{'D2'},{'D4'},&,1.0,&
{'R1'},{'R2'},{'D5'},{'D4'},{'D1'},{'D3'},{'D2'},{'R5'},{'R3'},{'R4'},&,1.0,&
{'R1'},{'R2'},{'D5'},{'D4'},{'D3'},{'R3'},{'R5'},{'D2'},{'D1'},{'R4'},&,1.0,&
{'R1'},{'R2'},{'D5'},{'D4'},{'D3'},{'D2'},{'D1'},{'R5'},{'R3'},{'R4'},&,2.0,&
{'R1'},{'R2'},{'D5'},{'D4'},{'D3'},{'D2'},{'D1'},{'R4'},{'R5'},{'R3'},&,1.0,&
{'R1'},{'R2'},{'D5'},{'D4'},{'D3'},{'D2'},{'D1'},{'R3'},{'R5'},{'R4'},&,1.0,&
{'R1'},{'R2'},{'D5'},{'D3'},{'D4'},{'D2'},{'R5'},{'D1'},{'R3'},{'R4'},&,1.0,&
{'R1'},{'R2'},{'D5'},{'D3'},{'D4'},{'D2'},{'D1'},{'R5'},{'R3'},{'R4'},&,1.0,&
{'R1'},{'R2'},{'D5'},{'D3'},{'R4'},{'R5'},{'R3'},{'D1'},{'D2'},{'D4'},&,1.0,&
{'R1'},{'R2'},{'D5'},{'D2'},{'D4'},{'R5'},{'R3'},{'D3'},{'D1'},{'R4'},&,1.0,&
{'R1'},{'R2'},{'D5'},{'D2'},{'R5'},{'D4'},{'D1'},{'D3'},{'R3'},{'R4'},&,1.0,&
{'R1'},{'R2'},{'D5'},{'D1'},{'D4'},{'D3'},{'D2'},{'R5'},{'R4'},{'R3'},&,1.0,&
{'R1'},{'R2'},{'D5'},{'D1'},{'D4'},{'D3'},{'D2'},{'R4'},{'R5'},{'R3'},&,1.0,&
{'R1'},{'R2'},{'D5'},{'D1'},{'D4'},{'D2'},{'R3'},{'D3'},{'R5'},{'R4'},&,1.0,&
{'R1'},{'R2'},{'D5'},{'R5'},{'D1'},{'D4'},{'D3'},{'D2'},{'R3'},{'R4'},&,1.0,&
{'R1'},{'R2'},{'D5'},{'R5'},{'D1'},{'D4'},{'R3'},{'D2'},{'R4'},{'D3'},&,1.0,&
{'R1'},{'R2'},{'D5'},{'R5'},{'D3'},{'R4'},{'R3'},{'D1'},{'D2'},{'D4'},&,1.0,&
{'R1'},{'R2'},{'D5'},{'R5'},{'R4'},{'R3'},{'D3'},{'D1'},{'D4'},{'D2'},&,1.0,&
{'R1'},{'R2'},{'D5'},{'R5'},{'R4'},{'R3'},{'D1'},{'D2'},{'D3'},{'D4'},&,1.0,&
{'R1'},{'R2'},{'D5'},{'R3'},{'R5'},{'D2'},{'D3'},{'R4'},{'D4'},{'D1'},&,1.0,&
{'R1'},{'R2'},{'D5'},{'R4'},{'R5'},{'D1'},{'R3'},{'D4'},{'D3'},{'D2'},&,1.0,&
{'R1'},{'R2'},{'D5'},{'R4'},{'R5'},{'R3'},{'D2'},{'D3'},{'D1'},{'D4'},&,1.0,&
{'R1'},{'R2'},{'D5'},{'R4'},{'R5'},{'R3'},{'D3'},{'D1'},{'D4'},{'D2'},&,1.0,&
{'R1'},{'R2'},{'D5'},{'R4'},{'R3'},{'R5'},{'D3'},{'D1'},{'D4'},{'D2'},&,1.0,&
{'R1'},{'R2'},{'D2'},{'D5'},{'D3'},{'D4'},{'D1'},{'R5'},{'R3'},{'R4'},&,1.0,&
{'R1'},{'R2'},{'D2'},{'D5'},{'D3'},{'D4'},{'D1'},{'R5'},{'R4'},{'R3'},&,1.0,&
{'R1'},{'R2'},{'D2'},{'D5'},{'R3'},{'D4'},{'D3'},{'D1'},{'R5'},{'R4'},&,1.0,&
{'R1'},{'R2'},{'D2'},{'D4'},{'R5'},{'D3'},{'R3'},{'D5'},{'R4'},{'D1'},&,1.0,&
{'R1'},{'R2'},{'D2'},{'R5'},{'R4'},{'R3'},{'D1'},{'D3'},{'D5'},{'D4'},&,1.0,&
{'R1'},{'R2'},{'D4'},{'D5'},{'D1'},{'D3'},{'R5'},{'D2'},{'R4'},{'R3'},&,1.0,&
{'R1'},{'R2'},{'D4'},{'D5'},{'D1'},{'D2'},{'D3'},{'R5'},{'R4'},{'R3'},&,1.0,&
{'R1'},{'R2'},{'D4'},{'D5'},{'D3'},{'D1'},{'D2'},{'R3'},{'R5'},{'R4'},&,1.0,&
{'R1'},{'R2'},{'D4'},{'D5'},{'D3'},{'D2'},{'D1'},{'R5'},{'R3'},{'R4'},&,1.0,&
{'R1'},{'R2'},{'D4'},{'D5'},{'D3'},{'D2'},{'D1'},{'R5'},{'R4'},{'R3'},&,1.0,&
{'R1'},{'R2'},{'D4'},{'D5'},{'R5'},{'D3'},{'R4'},{'D2'},{'D1'},{'R3'},&,1.0,&
{'R1'},{'R2'},{'D4'},{'D3'},{'D5'},{'D1'},{'D2'},{'R3'},{'R5'},{'R4'},&,1.0,&
{'R1'},{'R2'},{'D4'},{'D3'},{'D5'},{'R5'},{'D2'},{'D1'},{'R3'},{'R4'},&,1.0,&
{'R1'},{'R2'},{'D4'},{'D3'},{'D5'},{'R3'},{'R5'},{'D1'},{'D2'},{'R4'},&,1.0,&
{'R1'},{'R2'},{'D4'},{'D3'},{'D5'},{'D2'},{'D1'},{'R3'},{'R4'},{'R5'},&,1.0,&
{'R1'},{'R2'},{'D4'},{'D3'},{'D5'},{'D2'},{'R3'},{'D1'},{'R5'},{'R4'},&,1.0,&
{'R1'},{'R2'},{'D4'},{'D2'},{'D5'},{'D3'},{'D1'},{'R5'},{'R3'},{'R4'},&,1.0,&
{'R1'},{'R2'},{'D4'},{'D1'},{'D2'},{'R3'},{'R5'},{'D3'},{'D5'},{'R4'},&,1.0,&
{'R1'},{'R2'},{'D4'},{'D1'},{'D5'},{'R4'},{'D2'},{'D3'},{'R5'},{'R3'},&,1.0,&
{'R1'},{'R2'},{'D4'},{'D1'},{'D5'},{'D3'},{'R5'},{'D2'},{'R4'},{'R3'},&,1.0,&
{'R1'},{'R2'},{'D4'},{'R5'},{'D5'},{'R4'},{'R3'},{'D3'},{'D1'},{'D2'},&,1.0,&
{'R1'},{'R2'},{'D4'},{'R5'},{'R4'},{'R3'},{'D1'},{'D5'},{'D3'},{'D2'},&,1.0,&
{'R1'},{'R2'},{'D4'},{'R3'},{'R5'},{'R4'},{'D1'},{'D3'},{'D5'},{'D2'},&,1.0,&
{'R1'},{'R2'},{'D4'},{'R4'},{'D3'},{'D5'},{'D2'},{'D1'},{'R3'},{'R5'},&,1.0,&
{'R1'},{'R2'},{'D4'},{'R4'},{'R5'},{'R3'},{'D5'},{'D3'},{'D1'},{'D2'},&,1.0,&
{'R1'},{'R2'},{'R5'},{'D5'},{'D2'},{'D3'},{'D4'},{'D1'},{'R3'},{'R4'},&,1.0,&
{'R1'},{'R2'},{'R5'},{'D5'},{'D3'},{'D4'},{'D1'},{'R4'},{'D2'},{'R3'},&,1.0,&
{'R1'},{'R2'},{'R5'},{'D5'},{'R4'},{'R3'},{'D3'},{'D4'},{'D1'},{'D2'},&,1.0,&
{'R1'},{'R2'},{'R5'},{'D5'},{'R4'},{'R3'},{'D1'},{'D3'},{'D2'},{'D4'},&,2.0,&
{'R1'},{'R2'},{'R5'},{'D5'},{'R4'},{'R3'},{'D1'},{'D3'},{'D4'},{'D2'},&,1.0,&
{'R1'},{'R2'},{'R5'},{'D4'},{'D5'},{'D2'},{'D3'},{'D1'},{'R3'},{'R4'},&,1.0,&
{'R1'},{'R2'},{'R5'},{'D4'},{'R3'},{'R4'},{'D3'},{'D5'},{'D1'},{'D2'},&,1.0,&
{'R1'},{'R2'},{'R5'},{'D3'},{'D4'},{'R4'},{'R3'},{'D1'},{'D5'},{'D2'},&,1.0,&
{'R1'},{'R2'},{'R5'},{'D3'},{'R3'},{'D5'},{'D2'},{'R4'},{'D1'},{'D4'},&,1.0,&
{'R1'},{'R2'},{'R5'},{'D3'},{'R4'},{'R3'},{'D1'},{'D2'},{'D5'},{'D4'},&,1.0,&
{'R1'},{'R2'},{'R5'},{'D3'},{'R4'},{'R3'},{'D1'},{'D5'},{'D2'},{'D4'},&,1.0,&
{'R1'},{'R2'},{'R5'},{'D2'},{'D5'},{'D1'},{'D3'},{'D4'},{'R4'},{'R3'},&,1.0,&
{'R1'},{'R2'},{'R5'},{'D2'},{'R4'},{'R3'},{'D1'},{'D3'},{'D5'},{'D4'},&,1.0,&
{'R1'},{'R2'},{'R5'},{'D1'},{'D5'},{'R4'},{'R3'},{'D3'},{'D2'},{'D4'},&,1.0,&
{'R1'},{'R2'},{'R5'},{'D1'},{'R3'},{'D3'},{'D5'},{'D2'},{'R4'},{'D4'},&,1.0,&
{'R1'},{'R2'},{'R5'},{'D1'},{'R4'},{'R3'},{'D5'},{'D3'},{'D2'},{'D4'},&,1.0,&
{'R1'},{'R2'},{'R5'},{'D1'},{'R4'},{'R3'},{'D5'},{'D3'},{'D4'},{'D2'},&,1.0,&
{'R1'},{'R2'},{'R5'},{'R3'},{'D2'},{'D1'},{'R4'},{'D3'},{'D5'},{'D4'},&,1.0,&
{'R1'},{'R2'},{'R5'},{'R3'},{'D1'},{'R4'},{'D5'},{'D3'},{'D2'},{'D4'},&,1.0,&
{'R1'},{'R2'},{'R5'},{'R3'},{'D1'},{'D2'},{'R4'},{'D5'},{'D4'},{'D3'},&,1.0,&
{'R1'},{'R2'},{'R5'},{'R3'},{'D5'},{'D1'},{'D3'},{'D2'},{'D4'},{'R4'},&,1.0,&
{'R1'},{'R2'},{'R5'},{'R3'},{'D5'},{'R4'},{'D3'},{'D1'},{'D2'},{'D4'},&,1.0,&
{'R1'},{'R2'},{'R5'},{'R3'},{'R4'},{'D1'},{'D3'},{'D5'},{'D2'},{'D4'},&,2.0,&
{'R1'},{'R2'},{'R5'},{'R3'},{'R4'},{'D1'},{'D3'},{'D5'},{'D4'},{'D2'},&,1.0,&
{'R1'},{'R2'},{'R5'},{'R3'},{'R4'},{'D1'},{'D3'},{'D4'},{'D5'},{'D2'},&,1.0,&
{'R1'},{'R2'},{'R5'},{'R3'},{'R4'},{'D1'},{'D5'},{'D3'},{'D2'},{'D4'},&,1.0,&
{'R1'},{'R2'},{'R5'},{'R3'},{'R4'},{'D5'},{'D3'},{'D1'},{'D2'},{'D4'},&,1.0,&
{'R1'},{'R2'},{'R5'},{'R3'},{'R4'},{'D5'},{'D3'},{'D1'},{'D4'},{'D2'},&,1.0,&
{'R1'},{'R2'},{'R5'},{'R3'},{'R4'},{'D5'},{'D1'},{'D3'},{'D4'},{'D2'},&,2.0,&
{'R1'},{'R2'},{'R5'},{'R3'},{'R4'},{'D5'},{'D4'},{'D3'},{'D1'},{'D2'},&,1.0,&
{'R1'},{'R2'},{'R5'},{'R3'},{'R4'},{'D3'},{'D2'},{'D5'},{'D1'},{'D4'},&,1.0,&
{'R1'},{'R2'},{'R5'},{'R3'},{'R4'},{'D3'},{'D1'},{'D5'},{'D2'},{'D4'},&,1.0,&
{'R1'},{'R2'},{'R5'},{'R3'},{'R4'},{'D3'},{'D4'},{'D1'},{'D5'},{'D2'},&,1.0,&
{'R1'},{'R2'},{'R5'},{'R3'},{'R4'},{'D3'},{'D5'},{'D1'},{'D2'},{'D4'},&,1.0,&
{'R1'},{'R2'},{'R5'},{'R3'},{'R4'},{'D4'},{'D3'},{'D1'},{'D5'},{'D2'},&,1.0,&
{'R1'},{'R2'},{'R5'},{'R3'},{'R4'},{'D4'},{'D5'},{'D3'},{'D1'},{'D2'},&,1.0,&
{'R1'},{'R2'},{'R5'},{'R4'},{'D1'},{'R3'},{'D3'},{'D5'},{'D2'},{'D4'},&,1.0,&
{'R1'},{'R2'},{'R5'},{'R4'},{'D1'},{'R3'},{'D3'},{'D4'},{'D2'},{'D5'},&,1.0,&
{'R1'},{'R2'},{'R5'},{'R4'},{'D1'},{'R3'},{'D5'},{'D2'},{'D3'},{'D4'},&,1.0,&
{'R1'},{'R2'},{'R5'},{'R4'},{'D1'},{'R3'},{'D5'},{'D3'},{'D2'},{'D4'},&,3.0,&
{'R1'},{'R2'},{'R5'},{'R4'},{'D1'},{'R3'},{'D5'},{'D3'},{'D4'},{'D2'},&,1.0,&
{'R1'},{'R2'},{'R5'},{'R4'},{'D1'},{'D4'},{'R3'},{'D3'},{'D5'},{'D2'},&,1.0,&
{'R1'},{'R2'},{'R5'},{'R4'},{'D5'},{'R3'},{'D3'},{'D1'},{'D4'},{'D2'},&,3.0,&
{'R1'},{'R2'},{'R5'},{'R4'},{'D3'},{'R3'},{'D1'},{'D5'},{'D2'},{'D4'},&,1.0,&
{'R1'},{'R2'},{'R5'},{'R4'},{'D3'},{'R3'},{'D1'},{'D5'},{'D4'},{'D2'},&,1.0,&
{'R1'},{'R2'},{'R5'},{'R4'},{'D3'},{'R3'},{'D1'},{'D4'},{'D5'},{'D2'},&,1.0,&
{'R1'},{'R2'},{'R5'},{'R4'},{'D3'},{'R3'},{'D5'},{'D1'},{'D4'},{'D2'},&,1.0,&
{'R1'},{'R2'},{'R5'},{'R4'},{'R3'},{'D1'},{'D2'},{'D5'},{'D3'},{'D4'},&,1.0,&
{'R1'},{'R2'},{'R5'},{'R4'},{'R3'},{'D1'},{'D2'},{'D3'},{'D5'},{'D4'},&,3.0,&
{'R1'},{'R2'},{'R5'},{'R4'},{'R3'},{'D1'},{'D3'},{'D2'},{'D5'},{'D4'},&,1.0,&
{'R1'},{'R2'},{'R5'},{'R4'},{'R3'},{'D1'},{'D3'},{'D2'},{'D4'},{'D5'},&,2.0,&
{'R1'},{'R2'},{'R5'},{'R4'},{'R3'},{'D1'},{'D3'},{'D5'},{'D2'},{'D4'},&,5.0,&
{'R1'},{'R2'},{'R5'},{'R4'},{'R3'},{'D1'},{'D3'},{'D5'},{'D4'},{'D2'},&,3.0,&
{'R1'},{'R2'},{'R5'},{'R4'},{'R3'},{'D1'},{'D3'},{'D4'},{'D5'},{'D2'},&,3.0,&
{'R1'},{'R2'},{'R5'},{'R4'},{'R3'},{'D1'},{'D4'},{'D3'},{'D5'},{'D2'},&,1.0,&
{'R1'},{'R2'},{'R5'},{'R4'},{'R3'},{'D1'},{'D5'},{'D2'},{'D3'},{'D4'},&,2.0,&
{'R1'},{'R2'},{'R5'},{'R4'},{'R3'},{'D1'},{'D5'},{'D3'},{'D2'},{'D4'},&,3.0,&
{'R1'},{'R2'},{'R5'},{'R4'},{'R3'},{'D1'},{'D5'},{'D3'},{'D4'},{'D2'},&,1.0,&
{'R1'},{'R2'},{'R5'},{'R4'},{'R3'},{'D5'},{'D2'},{'D1'},{'D3'},{'D4'},&,1.0,&
{'R1'},{'R2'},{'R5'},{'R4'},{'R3'},{'D5'},{'D3'},{'D2'},{'D1'},{'D4'},&,1.0,&
{'R1'},{'R2'},{'R5'},{'R4'},{'R3'},{'D5'},{'D3'},{'D1'},{'D2'},{'D4'},&,1.0,&
{'R1'},{'R2'},{'R5'},{'R4'},{'R3'},{'D5'},{'D3'},{'D1'},{'D4'},{'D2'},&,1.0,&
{'R1'},{'R2'},{'R5'},{'R4'},{'R3'},{'D5'},{'D3'},{'D4'},{'D1'},{'D2'},&,1.0,&
{'R1'},{'R2'},{'R5'},{'R4'},{'R3'},{'D5'},{'D1'},{'D3'},{'D4'},{'D2'},&,3.0,&
{'R1'},{'R2'},{'R5'},{'R4'},{'R3'},{'D5'},{'D1'},{'D4'},{'D3'},{'D2'},&,1.0,&
{'R1'},{'R2'},{'R5'},{'R4'},{'R3'},{'D5'},{'D1'},{'D4'},{'D2'},{'D3'},&,1.0,&
{'R1'},{'R2'},{'R5'},{'R4'},{'R3'},{'D3'},{'D2'},{'D1'},{'D5'},{'D4'},&,3.0,&
{'R1'},{'R2'},{'R5'},{'R4'},{'R3'},{'D3'},{'D1'},{'D2'},{'D5'},{'D4'},&,3.0,&
{'R1'},{'R2'},{'R5'},{'R4'},{'R3'},{'D3'},{'D1'},{'D2'},{'D4'},{'D5'},&,1.0,&
{'R1'},{'R2'},{'R5'},{'R4'},{'R3'},{'D3'},{'D1'},{'D5'},{'D2'},{'D4'},&,1.0,&
{'R1'},{'R2'},{'R5'},{'R4'},{'R3'},{'D3'},{'D1'},{'D5'},{'D4'},{'D2'},&,3.0,&
{'R1'},{'R2'},{'R5'},{'R4'},{'R3'},{'D3'},{'D1'},{'D4'},{'D5'},{'D2'},&,1.0,&
{'R1'},{'R2'},{'R5'},{'R4'},{'R3'},{'D3'},{'D1'},{'D4'},{'D2'},{'D5'},&,1.0,&
{'R1'},{'R2'},{'R5'},{'R4'},{'R3'},{'D3'},{'D4'},{'D1'},{'D5'},{'D2'},&,1.0,&
{'R1'},{'R2'},{'R5'},{'R4'},{'R3'},{'D3'},{'D4'},{'D5'},{'D1'},{'D2'},&,1.0,&
{'R1'},{'R2'},{'R5'},{'R4'},{'R3'},{'D3'},{'D5'},{'D1'},{'D2'},{'D4'},&,7.0,&
{'R1'},{'R2'},{'R5'},{'R4'},{'R3'},{'D3'},{'D5'},{'D1'},{'D4'},{'D2'},&,2.0,&
{'R1'},{'R2'},{'R5'},{'R4'},{'R3'},{'D2'},{'D3'},{'D1'},{'D5'},{'D4'},&,1.0,&
{'R1'},{'R2'},{'R5'},{'R4'},{'R3'},{'D2'},{'D1'},{'D3'},{'D5'},{'D4'},&,2.0,&
{'R1'},{'R2'},{'R5'},{'R4'},{'R3'},{'D2'},{'D5'},{'D1'},{'D3'},{'D4'},&,1.0,&
{'R1'},{'R2'},{'R5'},{'R4'},{'R3'},{'D4'},{'D3'},{'D1'},{'D5'},{'D2'},&,1.0,&
{'R1'},{'R2'},{'R5'},{'R4'},{'R3'},{'D4'},{'D3'},{'D5'},{'D2'},{'D1'},&,1.0,&
{'R1'},{'R2'},{'R5'},{'R4'},{'R3'},{'D4'},{'D1'},{'D3'},{'D5'},{'D2'},&,1.0,&
{'R1'},{'R2'},{'R5'},{'R4'},{'R3'},{'D4'},{'D1'},{'D3'},{'D2'},{'D5'},&,1.0,&
{'R1'},{'R2'},{'R3'},{'D5'},{'R5'},{'D4'},{'D3'},{'D2'},{'R4'},{'D1'},&,1.0,&
{'R1'},{'R2'},{'R3'},{'D5'},{'R4'},{'D3'},{'D1'},{'R5'},{'D4'},{'D2'},&,1.0,&
{'R1'},{'R2'},{'R3'},{'D3'},{'R5'},{'R4'},{'D1'},{'D5'},{'D2'},{'D4'},&,2.0,&
{'R1'},{'R2'},{'R3'},{'D2'},{'D1'},{'R5'},{'R4'},{'D3'},{'D4'},{'D5'},&,1.0,&
{'R1'},{'R2'},{'R3'},{'D1'},{'D4'},{'R5'},{'D3'},{'D2'},{'D5'},{'R4'},&,1.0,&
{'R1'},{'R2'},{'R3'},{'D1'},{'D3'},{'R4'},{'R5'},{'D5'},{'D2'},{'D4'},&,1.0,&
{'R1'},{'R2'},{'R3'},{'D1'},{'R4'},{'R5'},{'D5'},{'D4'},{'D3'},{'D2'},&,2.0,&
{'R1'},{'R2'},{'R3'},{'R5'},{'D1'},{'R4'},{'D3'},{'D5'},{'D2'},{'D4'},&,1.0,&
{'R1'},{'R2'},{'R3'},{'R5'},{'D3'},{'R4'},{'D1'},{'D5'},{'D4'},{'D2'},&,1.0,&
{'R1'},{'R2'},{'R3'},{'R5'},{'D3'},{'R4'},{'D1'},{'D4'},{'D5'},{'D2'},&,1.0,&
{'R1'},{'R2'},{'R3'},{'R5'},{'D3'},{'R4'},{'D4'},{'D2'},{'D1'},{'D5'},&,1.0,&
{'R1'},{'R2'},{'R3'},{'R5'},{'R4'},{'D1'},{'D3'},{'D5'},{'D4'},{'D2'},&,2.0,&
{'R1'},{'R2'},{'R3'},{'R5'},{'R4'},{'D1'},{'D3'},{'D4'},{'D5'},{'D2'},&,1.0,&
{'R1'},{'R2'},{'R3'},{'R5'},{'R4'},{'D1'},{'D3'},{'D4'},{'D2'},{'D5'},&,1.0,&
{'R1'},{'R2'},{'R3'},{'R5'},{'R4'},{'D1'},{'D5'},{'D3'},{'D2'},{'D4'},&,1.0,&
{'R1'},{'R2'},{'R3'},{'R5'},{'R4'},{'D1'},{'D5'},{'D3'},{'D4'},{'D2'},&,2.0,&
{'R1'},{'R2'},{'R3'},{'R5'},{'R4'},{'D5'},{'D1'},{'D3'},{'D2'},{'D4'},&,1.0,&
{'R1'},{'R2'},{'R3'},{'R5'},{'R4'},{'D3'},{'D1'},{'D2'},{'D5'},{'D4'},&,1.0,&
{'R1'},{'R2'},{'R3'},{'R5'},{'R4'},{'D3'},{'D1'},{'D4'},{'D5'},{'D2'},&,2.0,&
{'R1'},{'R2'},{'R3'},{'R5'},{'R4'},{'D3'},{'D5'},{'D2'},{'D1'},{'D4'},&,1.0,&
{'R1'},{'R2'},{'R3'},{'R5'},{'R4'},{'D3'},{'D5'},{'D1'},{'D2'},{'D4'},&,1.0,&
{'R1'},{'R2'},{'R3'},{'R4'},{'D1'},{'D4'},{'D3'},{'R5'},{'D2'},{'D5'},&,1.0,&
{'R1'},{'R2'},{'R3'},{'R4'},{'D4'},{'D1'},{'D3'},{'R5'},{'D5'},{'D2'},&,1.0,&
{'R1'},{'R2'},{'R3'},{'R4'},{'D5'},{'R5'},{'D1'},{'D3'},{'D2'},{'D4'},&,1.0,&
{'R1'},{'R2'},{'R3'},{'R4'},{'R5'},{'D1'},{'D3'},{'D2'},{'D4'},{'D5'},&,1.0,&
{'R1'},{'R2'},{'R3'},{'R4'},{'R5'},{'D1'},{'D3'},{'D5'},{'D2'},{'D4'},&,1.0,&
{'R1'},{'R2'},{'R3'},{'R4'},{'R5'},{'D1'},{'D5'},{'D3'},{'D4'},{'D2'},&,1.0,&
{'R1'},{'R2'},{'R3'},{'R4'},{'R5'},{'D5'},{'D3'},{'D1'},{'D2'},{'D4'},&,1.0,&
{'R1'},{'R2'},{'R3'},{'R4'},{'R5'},{'D3'},{'D1'},{'D2'},{'D5'},{'D4'},&,1.0,&
{'R1'},{'R2'},{'R3'},{'R4'},{'R5'},{'D3'},{'D1'},{'D5'},{'D4'},{'D2'},&,1.0,&
{'R1'},{'R2'},{'R3'},{'R4'},{'R5'},{'D3'},{'D4'},{'D1'},{'D2'},{'D5'},&,1.0,&
{'R1'},{'R2'},{'R3'},{'R4'},{'R5'},{'D3'},{'D4'},{'D5'},{'D1'},{'D2'},&,1.0,&
{'R1'},{'R2'},{'R3'},{'R4'},{'R5'},{'D3'},{'D5'},{'D1'},{'D4'},{'D2'},&,1.0,&
{'R1'},{'R2'},{'R3'},{'R4'},{'R5'},{'D2'},{'D3'},{'D1'},{'D5'},{'D4'},&,1.0,&
{'R1'},{'R2'},{'R3'},{'R4'},{'R5'},{'D4'},{'D1'},{'D3'},{'D2'},{'D5'},&,1.0,&
{'R1'},{'R2'},{'R4'},{'D3'},{'D1'},{'R5'},{'R3'},{'D5'},{'D2'},{'D4'},&,1.0,&
{'R1'},{'R2'},{'R4'},{'D3'},{'R5'},{'D1'},{'R3'},{'D5'},{'D4'},{'D2'},&,1.0,&
{'R1'},{'R2'},{'R4'},{'D3'},{'R5'},{'D1'},{'R3'},{'D4'},{'D5'},{'D2'},&,1.0,&
{'R1'},{'R2'},{'R4'},{'D3'},{'R5'},{'R3'},{'D2'},{'D4'},{'D1'},{'D5'},&,1.0,&
{'R1'},{'R2'},{'R4'},{'D3'},{'R5'},{'R3'},{'D1'},{'D5'},{'D4'},{'D2'},&,1.0,&
{'R1'},{'R2'},{'R4'},{'D3'},{'R5'},{'R3'},{'D4'},{'D1'},{'D5'},{'D2'},&,1.0,&
{'R1'},{'R2'},{'R4'},{'D3'},{'R5'},{'R3'},{'D5'},{'D1'},{'D2'},{'D4'},&,1.0,&
{'R1'},{'R2'},{'R4'},{'D3'},{'R3'},{'R5'},{'D1'},{'D5'},{'D4'},{'D2'},&,1.0,&
{'R1'},{'R2'},{'R4'},{'D1'},{'D5'},{'R5'},{'R3'},{'D3'},{'D4'},{'D2'},&,1.0,&
{'R1'},{'R2'},{'R4'},{'D1'},{'D3'},{'R5'},{'R3'},{'D4'},{'D2'},{'D5'},&,1.0,&
{'R1'},{'R2'},{'R4'},{'D1'},{'R5'},{'D5'},{'R3'},{'D2'},{'D3'},{'D4'},&,1.0,&
{'R1'},{'R2'},{'R4'},{'D1'},{'R5'},{'R3'},{'D3'},{'D2'},{'D5'},{'D4'},&,1.0,&
{'R1'},{'R2'},{'R4'},{'D1'},{'R5'},{'R3'},{'D4'},{'D5'},{'D3'},{'D2'},&,1.0,&
{'R1'},{'R2'},{'R4'},{'D1'},{'R5'},{'R3'},{'D5'},{'D3'},{'D4'},{'D2'},&,1.0,&
{'R1'},{'R2'},{'R4'},{'D1'},{'R3'},{'R5'},{'D4'},{'D3'},{'D5'},{'D2'},&,1.0,&
{'R1'},{'R2'},{'R4'},{'R5'},{'D1'},{'D3'},{'R3'},{'D2'},{'D5'},{'D4'},&,1.0,&
{'R1'},{'R2'},{'R4'},{'R5'},{'D1'},{'D3'},{'R3'},{'D5'},{'D2'},{'D4'},&,1.0,&
{'R1'},{'R2'},{'R4'},{'R5'},{'D1'},{'R3'},{'D2'},{'D3'},{'D5'},{'D4'},&,1.0,&
{'R1'},{'R2'},{'R4'},{'R5'},{'D1'},{'R3'},{'D3'},{'D2'},{'D5'},{'D4'},&,1.0,&
{'R1'},{'R2'},{'R4'},{'R5'},{'D1'},{'R3'},{'D3'},{'D5'},{'D2'},{'D4'},&,1.0,&
{'R1'},{'R2'},{'R4'},{'R5'},{'D1'},{'R3'},{'D3'},{'D5'},{'D4'},{'D2'},&,1.0,&
{'R1'},{'R2'},{'R4'},{'R5'},{'D5'},{'R3'},{'D3'},{'D1'},{'D4'},{'D2'},&,1.0,&
{'R1'},{'R2'},{'R4'},{'R5'},{'D5'},{'R3'},{'D1'},{'D2'},{'D3'},{'D4'},&,1.0,&
{'R1'},{'R2'},{'R4'},{'R5'},{'D5'},{'R3'},{'D1'},{'D3'},{'D2'},{'D4'},&,2.0,&
{'R1'},{'R2'},{'R4'},{'R5'},{'D3'},{'R3'},{'D2'},{'D5'},{'D1'},{'D4'},&,2.0,&
{'R1'},{'R2'},{'R4'},{'R5'},{'D3'},{'R3'},{'D4'},{'D1'},{'D5'},{'D2'},&,1.0,&
{'R1'},{'R2'},{'R4'},{'R5'},{'R3'},{'D1'},{'D2'},{'D3'},{'D5'},{'D4'},&,1.0,&
{'R1'},{'R2'},{'R4'},{'R5'},{'R3'},{'D1'},{'D3'},{'D2'},{'D5'},{'D4'},&,2.0,&
{'R1'},{'R2'},{'R4'},{'R5'},{'R3'},{'D1'},{'D3'},{'D5'},{'D2'},{'D4'},&,3.0,&
{'R1'},{'R2'},{'R4'},{'R5'},{'R3'},{'D1'},{'D3'},{'D5'},{'D4'},{'D2'},&,2.0,&
{'R1'},{'R2'},{'R4'},{'R5'},{'R3'},{'D1'},{'D3'},{'D4'},{'D5'},{'D2'},&,3.0,&
{'R1'},{'R2'},{'R4'},{'R5'},{'R3'},{'D1'},{'D4'},{'D5'},{'D3'},{'D2'},&,1.0,&
{'R1'},{'R2'},{'R4'},{'R5'},{'R3'},{'D1'},{'D4'},{'D3'},{'D5'},{'D2'},&,3.0,&
{'R1'},{'R2'},{'R4'},{'R5'},{'R3'},{'D1'},{'D5'},{'D3'},{'D2'},{'D4'},&,3.0,&
{'R1'},{'R2'},{'R4'},{'R5'},{'R3'},{'D1'},{'D5'},{'D3'},{'D4'},{'D2'},&,2.0,&
{'R1'},{'R2'},{'R4'},{'R5'},{'R3'},{'D1'},{'D5'},{'D4'},{'D3'},{'D2'},&,2.0,&
{'R1'},{'R2'},{'R4'},{'R5'},{'R3'},{'D5'},{'D2'},{'D3'},{'D1'},{'D4'},&,2.0,&
{'R1'},{'R2'},{'R4'},{'R5'},{'R3'},{'D5'},{'D3'},{'D1'},{'D2'},{'D4'},&,1.0,&
{'R1'},{'R2'},{'R4'},{'R5'},{'R3'},{'D5'},{'D1'},{'D3'},{'D2'},{'D4'},&,2.0,&
{'R1'},{'R2'},{'R4'},{'R5'},{'R3'},{'D5'},{'D1'},{'D3'},{'D4'},{'D2'},&,1.0,&
{'R1'},{'R2'},{'R4'},{'R5'},{'R3'},{'D5'},{'D1'},{'D4'},{'D3'},{'D2'},&,1.0,&
{'R1'},{'R2'},{'R4'},{'R5'},{'R3'},{'D3'},{'D2'},{'D1'},{'D5'},{'D4'},&,1.0,&
{'R1'},{'R2'},{'R4'},{'R5'},{'R3'},{'D3'},{'D1'},{'D2'},{'D5'},{'D4'},&,3.0,&
{'R1'},{'R2'},{'R4'},{'R5'},{'R3'},{'D3'},{'D1'},{'D2'},{'D4'},{'D5'},&,1.0,&
{'R1'},{'R2'},{'R4'},{'R5'},{'R3'},{'D3'},{'D1'},{'D5'},{'D2'},{'D4'},&,1.0,&
{'R1'},{'R2'},{'R4'},{'R5'},{'R3'},{'D3'},{'D1'},{'D5'},{'D4'},{'D2'},&,6.0,&
{'R1'},{'R2'},{'R4'},{'R5'},{'R3'},{'D3'},{'D1'},{'D4'},{'D5'},{'D2'},&,3.0,&
{'R1'},{'R2'},{'R4'},{'R5'},{'R3'},{'D3'},{'D4'},{'D1'},{'D5'},{'D2'},&,3.0,&
{'R1'},{'R2'},{'R4'},{'R5'},{'R3'},{'D3'},{'D5'},{'D1'},{'D2'},{'D4'},&,3.0,&
{'R1'},{'R2'},{'R4'},{'R5'},{'R3'},{'D3'},{'D5'},{'D1'},{'D4'},{'D2'},&,1.0,&
{'R1'},{'R2'},{'R4'},{'R5'},{'R3'},{'D2'},{'D3'},{'D1'},{'D4'},{'D5'},&,1.0,&
{'R1'},{'R2'},{'R4'},{'R5'},{'R3'},{'D2'},{'D3'},{'D5'},{'D1'},{'D4'},&,1.0,&
{'R1'},{'R2'},{'R4'},{'R5'},{'R3'},{'D2'},{'D1'},{'D5'},{'D4'},{'D3'},&,1.0,&
{'R1'},{'R2'},{'R4'},{'R5'},{'R3'},{'D4'},{'D3'},{'D2'},{'D1'},{'D5'},&,1.0,&
{'R1'},{'R2'},{'R4'},{'R5'},{'R3'},{'D4'},{'D3'},{'D1'},{'D5'},{'D2'},&,2.0,&
{'R1'},{'R2'},{'R4'},{'R5'},{'R3'},{'D4'},{'D1'},{'D5'},{'D2'},{'D3'},&,1.0,&
{'R1'},{'R2'},{'R4'},{'R5'},{'R3'},{'D4'},{'D1'},{'D3'},{'D2'},{'D5'},&,1.0,&
{'R1'},{'R2'},{'R4'},{'R5'},{'R3'},{'D4'},{'D5'},{'D3'},{'D1'},{'D2'},&,1.0,&
{'R1'},{'R2'},{'R4'},{'R3'},{'D1'},{'D5'},{'R5'},{'D3'},{'D2'},{'D4'},&,1.0,&
{'R1'},{'R2'},{'R4'},{'R3'},{'D1'},{'D5'},{'D3'},{'R5'},{'D4'},{'D2'},&,1.0,&
{'R1'},{'R2'},{'R4'},{'R3'},{'D3'},{'R5'},{'D1'},{'D5'},{'D2'},{'D4'},&,1.0,&
{'R1'},{'R2'},{'R4'},{'R3'},{'D3'},{'R5'},{'D5'},{'D1'},{'D4'},{'D2'},&,1.0,&
{'R1'},{'R2'},{'R4'},{'R3'},{'R5'},{'D1'},{'D2'},{'D3'},{'D5'},{'D4'},&,1.0,&
{'R1'},{'R2'},{'R4'},{'R3'},{'R5'},{'D1'},{'D3'},{'D2'},{'D5'},{'D4'},&,2.0,&
{'R1'},{'R2'},{'R4'},{'R3'},{'R5'},{'D1'},{'D3'},{'D5'},{'D2'},{'D4'},&,4.0,&
{'R1'},{'R2'},{'R4'},{'R3'},{'R5'},{'D1'},{'D3'},{'D5'},{'D4'},{'D2'},&,1.0,&
{'R1'},{'R2'},{'R4'},{'R3'},{'R5'},{'D1'},{'D3'},{'D4'},{'D5'},{'D2'},&,1.0,&
{'R1'},{'R2'},{'R4'},{'R3'},{'R5'},{'D5'},{'D3'},{'D1'},{'D2'},{'D4'},&,2.0,&
{'R1'},{'R2'},{'R4'},{'R3'},{'R5'},{'D3'},{'D1'},{'D2'},{'D5'},{'D4'},&,1.0,&
{'R1'},{'R2'},{'R4'},{'R3'},{'R5'},{'D3'},{'D1'},{'D5'},{'D2'},{'D4'},&,1.0,&
{'R1'},{'R2'},{'R4'},{'R3'},{'R5'},{'D4'},{'D3'},{'D1'},{'D5'},{'D2'},&,1.0,&
{'R1'},{'R2'},{'R4'},{'R3'},{'R5'},{'D4'},{'D1'},{'D3'},{'D5'},{'D2'},&,1.0,&
{'R1'},{'D1'},{'D3'},{'D5'},{'D4'},{'D2'},{'R2'},{'R5'},{'R3'},{'R4'},&,1.0,&
{'R1'},{'D1'},{'D3'},{'D5'},{'D4'},{'D2'},{'R2'},{'R3'},{'R5'},{'R4'},&,1.0,&
{'R1'},{'D1'},{'D3'},{'D5'},{'D4'},{'D2'},{'R3'},{'R2'},{'R5'},{'R4'},&,1.0,&
{'R1'},{'D1'},{'D3'},{'R4'},{'R2'},{'R5'},{'R3'},{'D5'},{'D2'},{'D4'},&,1.0,&
{'R1'},{'D1'},{'D5'},{'D4'},{'D2'},{'D3'},{'R2'},{'R4'},{'R3'},{'R5'},&,1.0,&
{'R1'},{'D1'},{'D5'},{'D4'},{'D3'},{'D2'},{'R2'},{'R5'},{'R3'},{'R4'},&,1.0,&
{'R1'},{'D1'},{'D5'},{'D4'},{'R2'},{'D3'},{'D2'},{'R3'},{'R5'},{'R4'},&,1.0,&
{'R1'},{'D1'},{'D5'},{'D2'},{'D4'},{'D3'},{'R2'},{'R5'},{'R3'},{'R4'},&,1.0,&
{'R1'},{'D1'},{'D5'},{'D2'},{'R2'},{'D3'},{'R5'},{'D4'},{'R3'},{'R4'},&,1.0,&
{'R1'},{'D1'},{'D5'},{'R2'},{'D3'},{'D4'},{'D2'},{'R3'},{'R5'},{'R4'},&,1.0,&
{'R1'},{'D1'},{'D5'},{'R3'},{'R2'},{'R5'},{'R4'},{'D3'},{'D4'},{'D2'},&,1.0,&
{'R1'},{'D1'},{'D4'},{'D5'},{'D2'},{'D3'},{'R2'},{'R5'},{'R3'},{'R4'},&,1.0,&
{'R1'},{'D1'},{'D4'},{'D5'},{'D3'},{'D2'},{'R2'},{'R5'},{'R3'},{'R4'},&,1.0,&
{'R1'},{'D1'},{'D4'},{'D5'},{'D3'},{'D2'},{'R2'},{'R4'},{'R3'},{'R5'},&,1.0,&
{'R1'},{'D1'},{'D4'},{'D5'},{'D3'},{'D2'},{'R2'},{'R3'},{'R4'},{'R5'},&,1.0,&
{'R1'},{'D1'},{'D4'},{'D3'},{'D5'},{'D2'},{'R2'},{'R5'},{'R3'},{'R4'},&,1.0,&
{'R1'},{'D1'},{'D4'},{'D3'},{'D5'},{'D2'},{'R2'},{'R4'},{'R5'},{'R3'},&,1.0,&
{'R1'},{'D1'},{'D4'},{'R2'},{'R3'},{'R5'},{'R4'},{'D3'},{'D2'},{'D5'},&,1.0,&
{'R1'},{'D1'},{'R2'},{'D5'},{'D3'},{'D4'},{'R5'},{'R4'},{'R3'},{'D2'},&,1.0,&
{'R1'},{'D1'},{'R2'},{'D4'},{'D5'},{'D3'},{'R5'},{'D2'},{'R3'},{'R4'},&,1.0,&
{'R1'},{'D1'},{'R2'},{'D3'},{'D4'},{'R4'},{'R5'},{'R3'},{'D5'},{'D2'},&,1.0,&
{'R1'},{'D1'},{'R2'},{'D3'},{'R4'},{'R5'},{'R3'},{'D2'},{'D5'},{'D4'},&,1.0,&
{'R1'},{'D1'},{'R2'},{'D3'},{'R4'},{'R5'},{'D5'},{'R3'},{'D2'},{'D4'},&,1.0,&
{'R1'},{'D1'},{'R2'},{'D2'},{'D4'},{'D3'},{'D5'},{'R5'},{'R4'},{'R3'},&,1.0,&
{'R1'},{'D1'},{'R2'},{'R5'},{'D3'},{'R4'},{'R3'},{'D5'},{'D4'},{'D2'},&,1.0,&
{'R1'},{'D1'},{'R2'},{'R5'},{'R4'},{'D3'},{'R3'},{'D2'},{'D5'},{'D4'},&,1.0,&
{'R1'},{'D1'},{'R2'},{'R5'},{'R4'},{'R3'},{'D2'},{'D3'},{'D5'},{'D4'},&,1.0,&
{'R1'},{'D1'},{'R2'},{'R5'},{'R4'},{'R3'},{'D3'},{'D2'},{'D5'},{'D4'},&,1.0,&
{'R1'},{'D1'},{'R2'},{'R5'},{'R4'},{'R3'},{'D3'},{'D2'},{'D4'},{'D5'},&,1.0,&
{'R1'},{'D1'},{'R2'},{'R5'},{'R4'},{'R3'},{'D3'},{'D5'},{'D2'},{'D4'},&,1.0,&
{'R1'},{'D1'},{'R2'},{'R5'},{'R4'},{'R3'},{'D3'},{'D5'},{'D4'},{'D2'},&,2.0,&
{'R1'},{'D1'},{'R2'},{'R3'},{'R5'},{'D2'},{'D3'},{'D5'},{'R4'},{'D4'},&,1.0,&
{'R1'},{'D1'},{'R2'},{'R3'},{'R4'},{'R5'},{'D3'},{'D5'},{'D4'},{'D2'},&,1.0,&
{'R1'},{'D1'},{'R2'},{'R4'},{'R5'},{'D3'},{'R3'},{'D5'},{'D4'},{'D2'},&,1.0,&
{'R1'},{'D1'},{'R2'},{'R4'},{'R5'},{'R3'},{'D2'},{'D5'},{'D4'},{'D3'},&,1.0,&
{'R1'},{'D1'},{'R2'},{'R4'},{'R5'},{'R3'},{'D3'},{'D5'},{'D4'},{'D2'},&,2.0,&
{'R1'},{'D1'},{'R2'},{'R4'},{'R5'},{'R3'},{'D3'},{'D4'},{'D5'},{'D2'},&,1.0,&
{'R1'},{'D1'},{'R5'},{'D4'},{'R2'},{'R4'},{'R3'},{'D3'},{'D5'},{'D2'},&,1.0,&
{'R1'},{'D1'},{'R5'},{'D3'},{'R2'},{'R4'},{'R3'},{'D5'},{'D4'},{'D2'},&,1.0,&
{'R1'},{'D1'},{'R5'},{'R2'},{'D3'},{'D5'},{'R3'},{'R4'},{'D4'},{'D2'},&,1.0,&
{'R1'},{'D1'},{'R5'},{'R2'},{'R3'},{'R4'},{'D3'},{'D5'},{'D2'},{'D4'},&,1.0,&
{'R1'},{'D1'},{'R5'},{'R2'},{'R3'},{'D3'},{'R4'},{'D5'},{'D2'},{'D4'},&,1.0,&
{'R1'},{'D1'},{'R5'},{'R2'},{'R4'},{'R3'},{'D3'},{'D5'},{'D2'},{'D4'},&,1.0,&
{'R1'},{'D1'},{'R5'},{'R2'},{'R4'},{'R3'},{'D5'},{'D3'},{'D2'},{'D4'},&,1.0,&
{'R1'},{'D1'},{'R3'},{'R2'},{'D2'},{'R5'},{'R4'},{'D5'},{'D4'},{'D3'},&,1.0,&
{'R1'},{'D1'},{'R3'},{'R2'},{'R4'},{'R5'},{'D3'},{'D5'},{'D4'},{'D2'},&,1.0,&
{'R1'},{'D1'},{'R4'},{'D3'},{'R2'},{'R3'},{'D5'},{'R5'},{'D2'},{'D4'},&,1.0,&
{'R1'},{'D1'},{'R4'},{'R2'},{'R5'},{'R3'},{'D3'},{'D5'},{'D4'},{'D2'},&,1.0,&
{'R1'},{'D1'},{'R4'},{'R5'},{'R2'},{'R3'},{'D3'},{'D5'},{'D4'},{'D2'},&,1.0,&
{'R1'},{'R4'},{'D3'},{'D1'},{'R2'},{'R3'},{'R5'},{'D4'},{'D5'},{'D2'},&,1.0,&
{'R1'},{'R4'},{'D3'},{'R2'},{'R5'},{'R3'},{'D2'},{'D5'},{'D1'},{'D4'},&,1.0,&
{'R1'},{'R4'},{'D3'},{'R2'},{'R3'},{'D1'},{'R5'},{'D5'},{'D2'},{'D4'},&,1.0,&
{'R1'},{'R4'},{'D3'},{'R5'},{'R2'},{'D1'},{'R3'},{'D4'},{'D5'},{'D2'},&,1.0,&
{'R1'},{'R4'},{'D3'},{'R5'},{'R2'},{'R3'},{'D1'},{'D2'},{'D5'},{'D4'},&,1.0,&
{'R1'},{'R4'},{'D3'},{'R5'},{'R2'},{'R3'},{'D5'},{'D1'},{'D4'},{'D2'},&,1.0,&
{'R1'},{'R4'},{'D1'},{'D5'},{'R2'},{'R5'},{'R3'},{'D3'},{'D2'},{'D4'},&,1.0,&
{'R1'},{'R4'},{'D1'},{'R2'},{'R5'},{'R3'},{'D4'},{'D3'},{'D5'},{'D2'},&,1.0,&
{'R1'},{'R4'},{'D1'},{'R2'},{'R3'},{'D4'},{'R5'},{'D3'},{'D5'},{'D2'},&,1.0,&
{'R1'},{'R4'},{'D1'},{'R5'},{'R2'},{'R3'},{'D4'},{'D3'},{'D5'},{'D2'},&,1.0,&
{'R1'},{'R4'},{'D1'},{'R5'},{'R2'},{'R3'},{'D5'},{'D2'},{'D4'},{'D3'},&,1.0,&
{'R1'},{'R4'},{'D5'},{'R2'},{'R5'},{'R3'},{'D1'},{'D4'},{'D2'},{'D3'},&,1.0,&
{'R1'},{'R4'},{'D5'},{'R3'},{'R5'},{'D1'},{'R2'},{'D3'},{'D4'},{'D2'},&,1.0,&
{'R1'},{'R4'},{'D2'},{'R2'},{'R5'},{'R3'},{'D1'},{'D4'},{'D5'},{'D3'},&,1.0,&
{'R1'},{'R4'},{'D2'},{'R2'},{'R3'},{'R5'},{'D1'},{'D3'},{'D4'},{'D5'},&,1.0,&
{'R1'},{'R4'},{'D2'},{'R5'},{'R2'},{'R3'},{'D1'},{'D4'},{'D3'},{'D5'},&,1.0,&
{'R1'},{'R4'},{'D4'},{'R5'},{'R2'},{'R3'},{'D3'},{'D2'},{'D1'},{'D5'},&,1.0,&
{'R1'},{'R4'},{'R2'},{'D5'},{'R5'},{'R3'},{'D1'},{'D3'},{'D4'},{'D2'},&,1.0,&
{'R1'},{'R4'},{'R2'},{'D5'},{'R5'},{'D4'},{'R3'},{'D1'},{'D3'},{'D2'},&,1.0,&
{'R1'},{'R4'},{'R2'},{'D3'},{'D4'},{'D1'},{'R5'},{'R3'},{'D5'},{'D2'},&,1.0,&
{'R1'},{'R4'},{'R2'},{'D3'},{'R5'},{'R3'},{'D1'},{'D2'},{'D5'},{'D4'},&,1.0,&
{'R1'},{'R4'},{'R2'},{'D3'},{'R5'},{'R3'},{'D1'},{'D5'},{'D4'},{'D2'},&,1.0,&
{'R1'},{'R4'},{'R2'},{'D3'},{'R5'},{'R3'},{'D5'},{'D4'},{'D1'},{'D2'},&,1.0,&
{'R1'},{'R4'},{'R2'},{'D3'},{'R3'},{'D1'},{'R5'},{'D5'},{'D4'},{'D2'},&,1.0,&
{'R1'},{'R4'},{'R2'},{'D1'},{'R5'},{'R3'},{'D3'},{'D2'},{'D5'},{'D4'},&,1.0,&
{'R1'},{'R4'},{'R2'},{'R5'},{'D1'},{'D5'},{'D3'},{'R3'},{'D2'},{'D4'},&,1.0,&
{'R1'},{'R4'},{'R2'},{'R5'},{'D1'},{'R3'},{'D3'},{'D5'},{'D4'},{'D2'},&,1.0,&
{'R1'},{'R4'},{'R2'},{'R5'},{'D1'},{'R3'},{'D5'},{'D3'},{'D4'},{'D2'},&,1.0,&
{'R1'},{'R4'},{'R2'},{'R5'},{'D3'},{'D1'},{'R3'},{'D4'},{'D5'},{'D2'},&,1.0,&
{'R1'},{'R4'},{'R2'},{'R5'},{'D3'},{'R3'},{'D1'},{'D5'},{'D2'},{'D4'},&,1.0,&
{'R1'},{'R4'},{'R2'},{'R5'},{'D3'},{'R3'},{'D1'},{'D5'},{'D4'},{'D2'},&,1.0,&
{'R1'},{'R4'},{'R2'},{'R5'},{'R3'},{'D1'},{'D3'},{'D2'},{'D5'},{'D4'},&,1.0,&
{'R1'},{'R4'},{'R2'},{'R5'},{'R3'},{'D1'},{'D3'},{'D5'},{'D4'},{'D2'},&,2.0,&
{'R1'},{'R4'},{'R2'},{'R5'},{'R3'},{'D1'},{'D3'},{'D4'},{'D5'},{'D2'},&,1.0,&
{'R1'},{'R4'},{'R2'},{'R5'},{'R3'},{'D1'},{'D3'},{'D4'},{'D2'},{'D5'},&,1.0,&
{'R1'},{'R4'},{'R2'},{'R5'},{'R3'},{'D1'},{'D4'},{'D3'},{'D2'},{'D5'},&,1.0,&
{'R1'},{'R4'},{'R2'},{'R5'},{'R3'},{'D1'},{'D5'},{'D2'},{'D3'},{'D4'},&,1.0,&
{'R1'},{'R4'},{'R2'},{'R5'},{'R3'},{'D1'},{'D5'},{'D3'},{'D2'},{'D4'},&,3.0,&
{'R1'},{'R4'},{'R2'},{'R5'},{'R3'},{'D5'},{'D3'},{'D4'},{'D1'},{'D2'},&,1.0,&
{'R1'},{'R4'},{'R2'},{'R5'},{'R3'},{'D5'},{'D1'},{'D3'},{'D4'},{'D2'},&,2.0,&
{'R1'},{'R4'},{'R2'},{'R5'},{'R3'},{'D3'},{'D2'},{'D1'},{'D4'},{'D5'},&,1.0,&
{'R1'},{'R4'},{'R2'},{'R5'},{'R3'},{'D3'},{'D1'},{'D5'},{'D2'},{'D4'},&,1.0,&
{'R1'},{'R4'},{'R2'},{'R5'},{'R3'},{'D3'},{'D1'},{'D5'},{'D4'},{'D2'},&,5.0,&
{'R1'},{'R4'},{'R2'},{'R5'},{'R3'},{'D3'},{'D4'},{'D1'},{'D2'},{'D5'},&,1.0,&
{'R1'},{'R4'},{'R2'},{'R5'},{'R3'},{'D3'},{'D5'},{'D1'},{'D2'},{'D4'},&,1.0,&
{'R1'},{'R4'},{'R2'},{'R5'},{'R3'},{'D2'},{'D3'},{'D1'},{'D4'},{'D5'},&,1.0,&
{'R1'},{'R4'},{'R2'},{'R5'},{'R3'},{'D2'},{'D1'},{'D3'},{'D5'},{'D4'},&,1.0,&
{'R1'},{'R4'},{'R2'},{'R5'},{'R3'},{'D2'},{'D4'},{'D1'},{'D3'},{'D5'},&,1.0,&
{'R1'},{'R4'},{'R2'},{'R5'},{'R3'},{'D4'},{'D3'},{'D1'},{'D5'},{'D2'},&,1.0,&
{'R1'},{'R4'},{'R2'},{'R5'},{'R3'},{'D4'},{'D1'},{'D5'},{'D3'},{'D2'},&,1.0,&
{'R1'},{'R4'},{'R2'},{'R3'},{'D3'},{'D1'},{'R5'},{'D5'},{'D2'},{'D4'},&,1.0,&
{'R1'},{'R4'},{'R2'},{'R3'},{'R5'},{'D1'},{'D2'},{'D3'},{'D5'},{'D4'},&,1.0,&
{'R1'},{'R4'},{'R2'},{'R3'},{'R5'},{'D1'},{'D3'},{'D5'},{'D4'},{'D2'},&,1.0,&
{'R1'},{'R4'},{'R2'},{'R3'},{'R5'},{'D1'},{'D5'},{'D3'},{'D4'},{'D2'},&,1.0,&
{'R1'},{'R4'},{'R2'},{'R3'},{'R5'},{'D5'},{'D3'},{'D1'},{'D2'},{'D4'},&,1.0,&
{'R1'},{'R4'},{'R2'},{'R3'},{'R5'},{'D5'},{'D3'},{'D1'},{'D4'},{'D2'},&,1.0,&
{'R1'},{'R4'},{'R2'},{'R3'},{'R5'},{'D5'},{'D1'},{'D3'},{'D2'},{'D4'},&,1.0,&
{'R1'},{'R4'},{'R2'},{'R3'},{'R5'},{'D5'},{'D4'},{'D3'},{'D1'},{'D2'},&,1.0,&
{'R1'},{'R4'},{'R2'},{'R3'},{'R5'},{'D3'},{'D1'},{'D2'},{'D5'},{'D4'},&,1.0,&
{'R1'},{'R4'},{'R2'},{'R3'},{'R5'},{'D3'},{'D1'},{'D5'},{'D4'},{'D2'},&,2.0,&
{'R1'},{'R4'},{'R2'},{'R3'},{'R5'},{'D3'},{'D1'},{'D4'},{'D5'},{'D2'},&,2.0,&
{'R1'},{'R4'},{'R5'},{'D3'},{'R2'},{'R3'},{'D4'},{'D5'},{'D1'},{'D2'},&,1.0,&
{'R1'},{'R4'},{'R5'},{'D3'},{'R2'},{'R3'},{'D5'},{'D1'},{'D2'},{'D4'},&,1.0,&
{'R1'},{'R4'},{'R5'},{'D1'},{'D3'},{'R2'},{'R3'},{'D5'},{'D2'},{'D4'},&,1.0,&
{'R1'},{'R4'},{'R5'},{'D1'},{'R2'},{'D5'},{'R3'},{'D3'},{'D2'},{'D4'},&,1.0,&
{'R1'},{'R4'},{'R5'},{'D1'},{'R2'},{'D3'},{'R3'},{'D4'},{'D5'},{'D2'},&,1.0,&
{'R1'},{'R4'},{'R5'},{'R2'},{'D1'},{'R3'},{'D4'},{'D3'},{'D5'},{'D2'},&,1.0,&
{'R1'},{'R4'},{'R5'},{'R2'},{'R3'},{'D5'},{'D3'},{'D1'},{'D4'},{'D2'},&,1.0,&
{'R1'},{'R4'},{'R5'},{'R2'},{'R3'},{'D3'},{'D2'},{'D1'},{'D5'},{'D4'},&,1.0,&
{'R1'},{'R4'},{'R5'},{'R2'},{'R3'},{'D3'},{'D1'},{'D2'},{'D5'},{'D4'},&,2.0,&
{'R1'},{'R4'},{'R5'},{'R2'},{'R3'},{'D3'},{'D1'},{'D5'},{'D2'},{'D4'},&,2.0,&
{'R1'},{'R4'},{'R5'},{'R2'},{'R3'},{'D3'},{'D1'},{'D5'},{'D4'},{'D2'},&,2.0,&
{'R1'},{'R4'},{'R5'},{'R2'},{'R3'},{'D4'},{'D1'},{'D3'},{'D5'},{'D2'},&,1.0,&
{'R1'},{'R4'},{'R5'},{'R3'},{'D1'},{'R2'},{'D3'},{'D5'},{'D4'},{'D2'},&,1.0,&
{'R1'},{'R4'},{'R5'},{'R3'},{'D3'},{'R2'},{'D1'},{'D5'},{'D4'},{'D2'},&,1.0,&
{'R1'},{'R4'},{'R5'},{'R3'},{'R2'},{'D1'},{'D2'},{'D3'},{'D5'},{'D4'},&,1.0,&
{'R1'},{'R4'},{'R5'},{'R3'},{'R2'},{'D1'},{'D3'},{'D5'},{'D4'},{'D2'},&,1.0,&
{'R1'},{'R4'},{'R5'},{'R3'},{'R2'},{'D3'},{'D1'},{'D5'},{'D4'},{'D2'},&,1.0,&
{'R1'},{'R4'},{'R3'},{'R2'},{'D1'},{'R5'},{'D3'},{'D2'},{'D4'},{'D5'},&,1.0,&
{'R1'},{'R4'},{'R3'},{'R2'},{'R5'},{'D1'},{'D3'},{'D2'},{'D5'},{'D4'},&,1.0,&
{'R1'},{'R4'},{'R3'},{'R2'},{'R5'},{'D1'},{'D5'},{'D3'},{'D4'},{'D2'},&,1.0,&
{'R1'},{'R4'},{'R3'},{'R2'},{'R5'},{'D5'},{'D2'},{'D1'},{'D3'},{'D4'},&,1.0,&
{'R1'},{'R4'},{'R3'},{'R2'},{'R5'},{'D3'},{'D1'},{'D5'},{'D2'},{'D4'},&,1.0,&
{'R1'},{'R4'},{'R3'},{'R2'},{'R5'},{'D3'},{'D1'},{'D4'},{'D5'},{'D2'},&,1.0,&
{'R1'},{'R3'},{'D3'},{'D4'},{'D5'},{'R2'},{'D2'},{'D1'},{'R5'},{'R4'},&,1.0,&
{'R1'},{'R3'},{'D3'},{'R2'},{'R5'},{'R4'},{'D1'},{'D5'},{'D4'},{'D2'},&,1.0,&
{'R1'},{'R3'},{'D3'},{'R2'},{'R4'},{'R5'},{'D4'},{'D1'},{'D2'},{'D5'},&,1.0,&
{'R1'},{'R3'},{'D3'},{'R2'},{'R4'},{'R5'},{'D5'},{'D1'},{'D2'},{'D4'},&,1.0,&
{'R1'},{'R3'},{'D1'},{'D5'},{'D4'},{'D3'},{'D2'},{'R2'},{'R4'},{'R5'},&,1.0,&
{'R1'},{'R3'},{'D1'},{'R2'},{'R5'},{'R4'},{'D3'},{'D5'},{'D4'},{'D2'},&,1.0,&
{'R1'},{'R3'},{'D1'},{'R2'},{'R4'},{'R5'},{'D5'},{'D3'},{'D2'},{'D4'},&,1.0,&
{'R1'},{'R3'},{'D1'},{'R4'},{'R2'},{'R5'},{'D3'},{'D4'},{'D2'},{'D5'},&,1.0,&
{'R1'},{'R3'},{'D5'},{'D1'},{'D2'},{'D4'},{'D3'},{'R2'},{'R5'},{'R4'},&,1.0,&
{'R1'},{'R3'},{'D5'},{'R2'},{'R5'},{'D2'},{'D3'},{'D1'},{'D4'},{'R4'},&,1.0,&
{'R1'},{'R3'},{'D4'},{'R2'},{'D3'},{'R5'},{'R4'},{'D1'},{'D5'},{'D2'},&,1.0,&
{'R1'},{'R3'},{'R2'},{'D5'},{'D3'},{'D2'},{'D1'},{'D4'},{'R5'},{'R4'},&,1.0,&
{'R1'},{'R3'},{'R2'},{'D3'},{'R4'},{'R5'},{'D1'},{'D5'},{'D4'},{'D2'},&,1.0,&
{'R1'},{'R3'},{'R2'},{'D1'},{'R4'},{'R5'},{'D4'},{'D5'},{'D3'},{'D2'},&,1.0,&
{'R1'},{'R3'},{'R2'},{'R5'},{'D3'},{'R4'},{'D5'},{'D2'},{'D1'},{'D4'},&,1.0,&
{'R1'},{'R3'},{'R2'},{'R5'},{'R4'},{'D1'},{'D3'},{'D2'},{'D5'},{'D4'},&,1.0,&
{'R1'},{'R3'},{'R2'},{'R5'},{'R4'},{'D1'},{'D3'},{'D5'},{'D4'},{'D2'},&,1.0,&
{'R1'},{'R3'},{'R2'},{'R5'},{'R4'},{'D1'},{'D5'},{'D2'},{'D3'},{'D4'},&,1.0,&
{'R1'},{'R3'},{'R2'},{'R5'},{'R4'},{'D1'},{'D5'},{'D4'},{'D3'},{'D2'},&,1.0,&
{'R1'},{'R3'},{'R2'},{'R5'},{'R4'},{'D3'},{'D2'},{'D1'},{'D5'},{'D4'},&,2.0,&
{'R1'},{'R3'},{'R2'},{'R5'},{'R4'},{'D3'},{'D1'},{'D5'},{'D4'},{'D2'},&,1.0,&
{'R1'},{'R3'},{'R2'},{'R5'},{'R4'},{'D3'},{'D5'},{'D1'},{'D4'},{'D2'},&,1.0,&
{'R1'},{'R3'},{'R2'},{'R5'},{'R4'},{'D2'},{'D3'},{'D1'},{'D5'},{'D4'},&,1.0,&
{'R1'},{'R3'},{'R2'},{'R4'},{'R5'},{'D1'},{'D4'},{'D3'},{'D5'},{'D2'},&,1.0,&
{'R1'},{'R3'},{'R2'},{'R4'},{'R5'},{'D5'},{'D3'},{'D1'},{'D2'},{'D4'},&,2.0,&
{'R1'},{'R3'},{'R2'},{'R4'},{'R5'},{'D3'},{'D2'},{'D4'},{'D1'},{'D5'},&,1.0,&
{'R1'},{'R3'},{'R2'},{'R4'},{'R5'},{'D3'},{'D1'},{'D5'},{'D4'},{'D2'},&,2.0,&
{'R1'},{'R3'},{'R2'},{'R4'},{'R5'},{'D3'},{'D5'},{'D4'},{'D1'},{'D2'},&,1.0,&
{'R1'},{'R3'},{'R2'},{'R4'},{'R5'},{'D4'},{'D3'},{'D1'},{'D2'},{'D5'},&,1.0,&
{'R1'},{'R3'},{'R5'},{'R2'},{'D1'},{'R4'},{'D5'},{'D3'},{'D4'},{'D2'},&,1.0,&
{'R1'},{'R3'},{'R5'},{'R2'},{'R4'},{'D3'},{'D1'},{'D5'},{'D2'},{'D4'},&,1.0,&
{'R1'},{'R3'},{'R4'},{'R2'},{'D3'},{'R5'},{'D5'},{'D1'},{'D2'},{'D4'},&,1.0,&
{'D1'},{'R5'},{'D3'},{'D5'},{'D4'},{'D2'},{'R2'},{'R1'},{'R3'},{'R4'},&,1.0,&
{'D1'},{'R5'},{'D3'},{'R1'},{'R2'},{'R3'},{'R4'},{'D4'},{'D5'},{'D2'},&,1.0,&
{'D1'},{'R5'},{'D3'},{'R4'},{'R1'},{'R2'},{'D5'},{'R3'},{'D2'},{'D4'},&,1.0,&
{'D1'},{'R5'},{'D5'},{'D4'},{'D2'},{'D3'},{'R2'},{'R1'},{'R3'},{'R4'},&,1.0,&
{'D1'},{'R5'},{'D5'},{'D4'},{'D3'},{'D2'},{'R4'},{'R1'},{'R2'},{'R3'},&,1.0,&
{'D1'},{'R5'},{'D5'},{'D3'},{'D4'},{'R2'},{'D2'},{'R1'},{'R3'},{'R4'},&,1.0,&
{'D1'},{'R5'},{'D5'},{'D2'},{'D3'},{'D4'},{'R2'},{'R1'},{'R4'},{'R3'},&,1.0,&
{'D1'},{'R5'},{'D4'},{'D3'},{'R1'},{'D5'},{'D2'},{'R2'},{'R4'},{'R3'},&,1.0,&
{'D1'},{'R5'},{'R2'},{'R1'},{'R3'},{'R4'},{'D3'},{'D5'},{'D4'},{'D2'},&,1.0,&
{'D1'},{'R5'},{'R2'},{'R1'},{'R4'},{'R3'},{'D3'},{'D4'},{'D5'},{'D2'},&,1.0,&
{'D1'},{'R5'},{'R2'},{'R1'},{'R4'},{'R3'},{'D5'},{'D3'},{'D4'},{'D2'},&,1.0,&
{'D1'},{'R5'},{'R2'},{'R4'},{'R1'},{'R3'},{'D2'},{'D3'},{'D4'},{'D5'},&,1.0,&
{'D1'},{'R5'},{'R2'},{'R4'},{'R1'},{'R3'},{'D3'},{'D5'},{'D4'},{'D2'},&,1.0,&
{'D1'},{'R5'},{'R1'},{'R2'},{'D4'},{'R4'},{'R3'},{'D3'},{'D2'},{'D5'},&,1.0,&
{'D1'},{'R5'},{'R1'},{'R2'},{'R4'},{'R3'},{'D3'},{'D5'},{'D2'},{'D4'},&,1.0,&
{'D1'},{'R5'},{'R1'},{'R2'},{'R4'},{'R3'},{'D3'},{'D5'},{'D4'},{'D2'},&,1.0,&
{'D1'},{'R5'},{'R1'},{'R2'},{'R4'},{'R3'},{'D5'},{'D3'},{'D2'},{'D4'},&,1.0,&
{'D1'},{'R5'},{'R4'},{'R2'},{'R1'},{'R3'},{'D5'},{'D4'},{'D3'},{'D2'},&,1.0,&
{'D1'},{'D3'},{'D5'},{'D4'},{'D2'},{'R1'},{'R2'},{'R5'},{'R4'},{'R3'},&,3.0,&
{'D1'},{'D3'},{'D5'},{'D4'},{'D2'},{'R1'},{'R2'},{'R4'},{'R5'},{'R3'},&,2.0,&
{'D1'},{'D3'},{'D5'},{'D4'},{'D2'},{'R1'},{'R5'},{'R2'},{'R3'},{'R4'},&,1.0,&
{'D1'},{'D3'},{'D5'},{'D4'},{'D2'},{'R1'},{'R5'},{'R2'},{'R4'},{'R3'},&,1.0,&
{'D1'},{'D3'},{'D5'},{'D4'},{'D2'},{'R2'},{'R5'},{'R1'},{'R3'},{'R4'},&,1.0,&
{'D1'},{'D3'},{'D5'},{'D4'},{'D2'},{'R2'},{'R5'},{'R1'},{'R4'},{'R3'},&,1.0,&
{'D1'},{'D3'},{'D5'},{'D4'},{'D2'},{'R2'},{'R1'},{'R5'},{'R3'},{'R4'},&,1.0,&
{'D1'},{'D3'},{'D5'},{'D4'},{'D2'},{'R2'},{'R1'},{'R5'},{'R4'},{'R3'},&,1.0,&
{'D1'},{'D3'},{'D5'},{'D4'},{'D2'},{'R2'},{'R1'},{'R4'},{'R5'},{'R3'},&,1.0,&
{'D1'},{'D3'},{'D5'},{'D4'},{'D2'},{'R2'},{'R1'},{'R3'},{'R5'},{'R4'},&,3.0,&
{'D1'},{'D3'},{'D5'},{'D4'},{'D2'},{'R2'},{'R3'},{'R1'},{'R5'},{'R4'},&,1.0,&
{'D1'},{'D3'},{'D5'},{'D4'},{'D2'},{'R2'},{'R4'},{'R5'},{'R1'},{'R3'},&,1.0,&
{'D1'},{'D3'},{'D5'},{'D4'},{'D2'},{'R5'},{'R2'},{'R1'},{'R4'},{'R3'},&,1.0,&
{'D1'},{'D3'},{'D5'},{'D4'},{'D2'},{'R5'},{'R1'},{'R2'},{'R3'},{'R4'},&,1.0,&
{'D1'},{'D3'},{'D5'},{'D4'},{'D2'},{'R3'},{'R1'},{'R2'},{'R5'},{'R4'},&,1.0,&
{'D1'},{'D3'},{'D5'},{'D4'},{'R1'},{'D2'},{'R2'},{'R5'},{'R3'},{'R4'},&,1.0,&
{'D1'},{'D3'},{'D5'},{'D2'},{'D4'},{'R1'},{'R2'},{'R5'},{'R4'},{'R3'},&,1.0,&
{'D1'},{'D3'},{'D5'},{'D2'},{'D4'},{'R2'},{'R1'},{'R5'},{'R3'},{'R4'},&,1.0,&
{'D1'},{'D3'},{'D5'},{'D2'},{'D4'},{'R2'},{'R4'},{'R5'},{'R1'},{'R3'},&,1.0,&
{'D1'},{'D3'},{'D5'},{'R2'},{'R1'},{'R5'},{'R3'},{'R4'},{'D2'},{'D4'},&,1.0,&
{'D1'},{'D3'},{'D5'},{'R2'},{'D4'},{'D2'},{'R1'},{'R3'},{'R5'},{'R4'},&,2.0,&
{'D1'},{'D3'},{'D5'},{'R5'},{'R2'},{'D4'},{'D2'},{'R1'},{'R3'},{'R4'},&,1.0,&
{'D1'},{'D3'},{'D5'},{'R3'},{'R5'},{'D2'},{'D4'},{'R1'},{'R2'},{'R4'},&,1.0,&
{'D1'},{'D3'},{'D2'},{'D5'},{'D4'},{'R1'},{'R2'},{'R5'},{'R4'},{'R3'},&,1.0,&
{'D1'},{'D3'},{'D2'},{'D5'},{'D4'},{'R1'},{'R2'},{'R3'},{'R5'},{'R4'},&,1.0,&
{'D1'},{'D3'},{'D2'},{'D5'},{'D4'},{'R2'},{'R1'},{'R5'},{'R3'},{'R4'},&,1.0,&
{'D1'},{'D3'},{'D2'},{'D4'},{'R1'},{'R2'},{'D5'},{'R5'},{'R3'},{'R4'},&,1.0,&
{'D1'},{'D3'},{'D2'},{'D4'},{'D5'},{'R1'},{'R2'},{'R5'},{'R3'},{'R4'},&,2.0,&
{'D1'},{'D3'},{'D2'},{'D4'},{'D5'},{'R2'},{'R5'},{'R1'},{'R3'},{'R4'},&,1.0,&
{'D1'},{'D3'},{'D2'},{'D4'},{'D5'},{'R2'},{'R5'},{'R1'},{'R4'},{'R3'},&,1.0,&
{'D1'},{'D3'},{'D2'},{'D4'},{'D5'},{'R2'},{'R1'},{'R4'},{'R3'},{'R5'},&,1.0,&
{'D1'},{'D3'},{'D2'},{'D4'},{'D5'},{'R2'},{'R1'},{'R3'},{'R5'},{'R4'},&,1.0,&
{'D1'},{'D3'},{'D4'},{'D5'},{'D2'},{'R1'},{'R2'},{'R5'},{'R3'},{'R4'},&,5.0,&
{'D1'},{'D3'},{'D4'},{'D5'},{'D2'},{'R1'},{'R2'},{'R3'},{'R5'},{'R4'},&,2.0,&
{'D1'},{'D3'},{'D4'},{'D5'},{'D2'},{'R2'},{'R5'},{'R1'},{'R3'},{'R4'},&,1.0,&
{'D1'},{'D3'},{'D4'},{'D5'},{'D2'},{'R2'},{'R5'},{'R1'},{'R4'},{'R3'},&,1.0,&
{'D1'},{'D3'},{'D4'},{'D5'},{'D2'},{'R2'},{'R1'},{'R5'},{'R3'},{'R4'},&,2.0,&
{'D1'},{'D3'},{'D4'},{'D5'},{'D2'},{'R2'},{'R1'},{'R3'},{'R5'},{'R4'},&,1.0,&
{'D1'},{'D3'},{'D4'},{'D5'},{'D2'},{'R2'},{'R3'},{'R1'},{'R5'},{'R4'},&,1.0,&
{'D1'},{'D3'},{'D4'},{'D5'},{'D2'},{'R5'},{'R2'},{'R4'},{'R1'},{'R3'},&,1.0,&
{'D1'},{'D3'},{'D4'},{'D5'},{'D2'},{'R5'},{'R1'},{'R2'},{'R3'},{'R4'},&,2.0,&
{'D1'},{'D3'},{'D4'},{'D5'},{'R1'},{'R2'},{'D2'},{'R5'},{'R3'},{'R4'},&,1.0,&
{'D1'},{'D3'},{'D4'},{'D5'},{'R1'},{'D2'},{'R2'},{'R5'},{'R4'},{'R3'},&,1.0,&
{'D1'},{'D3'},{'D4'},{'D5'},{'R5'},{'D2'},{'R2'},{'R1'},{'R4'},{'R3'},&,1.0,&
{'D1'},{'D3'},{'D4'},{'D5'},{'R5'},{'D2'},{'R3'},{'R1'},{'R2'},{'R4'},&,1.0,&
{'D1'},{'D3'},{'D4'},{'D5'},{'R2'},{'D2'},{'R1'},{'R5'},{'R4'},{'R3'},&,1.0,&
{'D1'},{'D3'},{'D4'},{'D2'},{'D5'},{'R1'},{'R2'},{'R5'},{'R4'},{'R3'},&,1.0,&
{'D1'},{'D3'},{'D4'},{'D2'},{'D5'},{'R2'},{'R5'},{'R1'},{'R3'},{'R4'},&,1.0,&
{'D1'},{'D3'},{'D4'},{'D2'},{'D5'},{'R2'},{'R1'},{'R3'},{'R4'},{'R5'},&,1.0,&
{'D1'},{'D3'},{'D4'},{'D2'},{'D5'},{'R2'},{'R1'},{'R3'},{'R5'},{'R4'},&,1.0,&
{'D1'},{'D3'},{'D4'},{'R2'},{'D5'},{'D2'},{'R1'},{'R5'},{'R3'},{'R4'},&,1.0,&
{'D1'},{'D3'},{'D4'},{'R5'},{'D5'},{'D2'},{'R2'},{'R1'},{'R3'},{'R4'},&,1.0,&
{'D1'},{'D3'},{'D4'},{'R5'},{'D5'},{'D2'},{'R1'},{'R2'},{'R3'},{'R4'},&,1.0,&
{'D1'},{'D3'},{'D4'},{'R5'},{'D5'},{'D2'},{'R1'},{'R2'},{'R4'},{'R3'},&,1.0,&
{'D1'},{'D3'},{'D4'},{'R1'},{'D2'},{'D5'},{'R2'},{'R3'},{'R5'},{'R4'},&,1.0,&
{'D1'},{'D3'},{'R2'},{'D4'},{'D2'},{'D5'},{'R1'},{'R4'},{'R5'},{'R3'},&,1.0,&
{'D1'},{'D3'},{'R2'},{'D4'},{'D5'},{'D2'},{'R1'},{'R5'},{'R4'},{'R3'},&,1.0,&
{'D1'},{'D3'},{'R2'},{'D4'},{'R5'},{'R1'},{'R4'},{'R3'},{'D5'},{'D2'},&,1.0,&
{'D1'},{'D3'},{'R2'},{'D2'},{'R1'},{'D4'},{'D5'},{'R3'},{'R5'},{'R4'},&,1.0,&
{'D1'},{'D3'},{'R2'},{'R5'},{'D4'},{'R1'},{'R3'},{'R4'},{'D5'},{'D2'},&,1.0,&
{'D1'},{'D3'},{'R2'},{'R1'},{'D5'},{'R4'},{'R3'},{'R5'},{'D2'},{'D4'},&,1.0,&
{'D1'},{'D3'},{'R2'},{'R1'},{'D5'},{'D4'},{'D2'},{'R3'},{'R5'},{'R4'},&,1.0,&
{'D1'},{'D3'},{'R2'},{'R1'},{'R4'},{'R3'},{'R5'},{'D4'},{'D5'},{'D2'},&,1.0,&
{'D1'},{'D3'},{'R2'},{'R3'},{'R5'},{'R4'},{'R1'},{'D5'},{'D4'},{'D2'},&,1.0,&
{'D1'},{'D3'},{'R1'},{'D5'},{'D4'},{'R2'},{'D2'},{'R5'},{'R3'},{'R4'},&,1.0,&
{'D1'},{'D3'},{'R1'},{'D4'},{'D2'},{'D5'},{'R2'},{'R3'},{'R5'},{'R4'},&,3.0,&
{'D1'},{'D3'},{'R1'},{'R2'},{'R5'},{'R3'},{'R4'},{'D5'},{'D4'},{'D2'},&,1.0,&
{'D1'},{'D3'},{'R1'},{'R5'},{'R2'},{'R4'},{'D5'},{'R3'},{'D4'},{'D2'},&,1.0,&
{'D1'},{'D3'},{'R5'},{'D2'},{'D4'},{'D5'},{'R1'},{'R2'},{'R3'},{'R4'},&,1.0,&
{'D1'},{'D3'},{'R5'},{'D2'},{'D5'},{'R1'},{'D4'},{'R2'},{'R3'},{'R4'},&,1.0,&
{'D1'},{'D3'},{'R3'},{'D5'},{'D2'},{'R1'},{'R5'},{'R4'},{'R2'},{'D4'},&,1.0,&
{'D1'},{'D3'},{'R4'},{'R2'},{'D2'},{'D5'},{'R1'},{'R3'},{'R5'},{'D4'},&,1.0,&
{'D1'},{'D3'},{'R4'},{'R2'},{'R5'},{'R1'},{'R3'},{'D5'},{'D4'},{'D2'},&,1.0,&
{'D1'},{'D3'},{'R4'},{'R1'},{'R5'},{'R2'},{'R3'},{'D5'},{'D4'},{'D2'},&,1.0,&
{'D1'},{'D2'},{'D3'},{'D5'},{'D4'},{'R2'},{'R5'},{'R3'},{'R1'},{'R4'},&,1.0,&
{'D1'},{'D2'},{'D3'},{'D5'},{'D4'},{'R2'},{'R1'},{'R4'},{'R5'},{'R3'},&,1.0,&
{'D1'},{'D2'},{'D3'},{'D5'},{'R2'},{'D4'},{'R1'},{'R5'},{'R3'},{'R4'},&,1.0,&
{'D1'},{'D2'},{'D3'},{'D5'},{'R2'},{'D4'},{'R1'},{'R4'},{'R5'},{'R3'},&,1.0,&
{'D1'},{'D2'},{'D3'},{'D4'},{'R1'},{'D5'},{'R2'},{'R3'},{'R5'},{'R4'},&,1.0,&
{'D1'},{'D2'},{'D3'},{'D4'},{'D5'},{'R2'},{'R1'},{'R3'},{'R5'},{'R4'},&,1.0,&
{'D1'},{'D2'},{'D3'},{'D4'},{'D5'},{'R4'},{'R2'},{'R1'},{'R5'},{'R3'},&,1.0,&
{'D1'},{'D2'},{'D3'},{'R2'},{'D4'},{'D5'},{'R1'},{'R5'},{'R3'},{'R4'},&,1.0,&
{'D1'},{'D2'},{'D5'},{'D4'},{'D3'},{'R1'},{'R2'},{'R5'},{'R3'},{'R4'},&,1.0,&
{'D1'},{'D2'},{'D5'},{'D4'},{'D3'},{'R2'},{'R1'},{'R5'},{'R3'},{'R4'},&,3.0,&
{'D1'},{'D2'},{'D5'},{'D4'},{'D3'},{'R2'},{'R1'},{'R5'},{'R4'},{'R3'},&,1.0,&
{'D1'},{'D2'},{'D5'},{'D3'},{'D4'},{'R1'},{'R2'},{'R3'},{'R4'},{'R5'},&,1.0,&
{'D1'},{'D2'},{'D5'},{'D3'},{'D4'},{'R2'},{'R5'},{'R1'},{'R3'},{'R4'},&,1.0,&
{'D1'},{'D2'},{'D5'},{'D3'},{'D4'},{'R2'},{'R5'},{'R1'},{'R4'},{'R3'},&,1.0,&
{'D1'},{'D2'},{'D5'},{'D3'},{'D4'},{'R4'},{'R2'},{'R1'},{'R5'},{'R3'},&,1.0,&
{'D1'},{'D2'},{'D4'},{'D5'},{'D3'},{'R1'},{'R2'},{'R5'},{'R4'},{'R3'},&,1.0,&
{'D1'},{'D2'},{'D4'},{'D5'},{'D3'},{'R1'},{'R5'},{'R2'},{'R3'},{'R4'},&,1.0,&
{'D1'},{'D2'},{'D4'},{'D5'},{'D3'},{'R2'},{'R1'},{'R5'},{'R3'},{'R4'},&,1.0,&
{'D1'},{'D2'},{'D4'},{'D5'},{'D3'},{'R5'},{'R2'},{'R1'},{'R3'},{'R4'},&,1.0,&
{'D1'},{'D2'},{'D4'},{'D3'},{'D5'},{'R2'},{'R1'},{'R3'},{'R5'},{'R4'},&,1.0,&
{'D1'},{'D2'},{'D4'},{'D3'},{'D5'},{'R5'},{'R1'},{'R2'},{'R3'},{'R4'},&,1.0,&
{'D1'},{'D2'},{'D4'},{'R5'},{'R4'},{'D5'},{'D3'},{'R3'},{'R1'},{'R2'},&,1.0,&
{'D1'},{'D2'},{'D4'},{'R1'},{'D3'},{'D5'},{'R2'},{'R5'},{'R4'},{'R3'},&,1.0,&
{'D1'},{'D2'},{'D4'},{'R1'},{'R2'},{'D5'},{'D3'},{'R5'},{'R3'},{'R4'},&,1.0,&
{'D1'},{'D2'},{'R2'},{'D5'},{'R1'},{'D4'},{'D3'},{'R5'},{'R3'},{'R4'},&,1.0,&
{'D1'},{'D2'},{'R2'},{'D5'},{'D3'},{'D4'},{'R1'},{'R3'},{'R5'},{'R4'},&,1.0,&
{'D1'},{'D2'},{'R2'},{'D4'},{'R1'},{'D5'},{'D3'},{'R5'},{'R4'},{'R3'},&,1.0,&
{'D1'},{'D2'},{'R2'},{'D4'},{'D3'},{'D5'},{'R5'},{'R1'},{'R3'},{'R4'},&,1.0,&
{'D1'},{'D2'},{'R1'},{'D5'},{'D4'},{'D3'},{'R2'},{'R5'},{'R3'},{'R4'},&,1.0,&
{'D1'},{'D2'},{'R1'},{'D5'},{'R2'},{'D4'},{'R3'},{'R4'},{'D3'},{'R5'},&,1.0,&
{'D1'},{'D2'},{'R1'},{'D3'},{'D4'},{'D5'},{'R2'},{'R4'},{'R5'},{'R3'},&,1.0,&
{'D1'},{'D2'},{'R1'},{'R3'},{'R4'},{'R5'},{'R2'},{'D3'},{'D5'},{'D4'},&,1.0,&
{'D1'},{'D5'},{'D3'},{'D4'},{'D2'},{'R1'},{'R2'},{'R5'},{'R3'},{'R4'},&,2.0,&
{'D1'},{'D5'},{'D3'},{'D4'},{'D2'},{'R1'},{'R2'},{'R5'},{'R4'},{'R3'},&,2.0,&
{'D1'},{'D5'},{'D3'},{'D4'},{'D2'},{'R1'},{'R2'},{'R4'},{'R5'},{'R3'},&,1.0,&
{'D1'},{'D5'},{'D3'},{'D4'},{'D2'},{'R1'},{'R2'},{'R3'},{'R5'},{'R4'},&,1.0,&
{'D1'},{'D5'},{'D3'},{'D4'},{'D2'},{'R1'},{'R5'},{'R2'},{'R3'},{'R4'},&,1.0,&
{'D1'},{'D5'},{'D3'},{'D4'},{'D2'},{'R2'},{'R5'},{'R1'},{'R3'},{'R4'},&,3.0,&
{'D1'},{'D5'},{'D3'},{'D4'},{'D2'},{'R2'},{'R5'},{'R1'},{'R4'},{'R3'},&,1.0,&
{'D1'},{'D5'},{'D3'},{'D4'},{'D2'},{'R2'},{'R1'},{'R5'},{'R3'},{'R4'},&,1.0,&
{'D1'},{'D5'},{'D3'},{'D4'},{'D2'},{'R2'},{'R1'},{'R5'},{'R4'},{'R3'},&,2.0,&
{'D1'},{'D5'},{'D3'},{'D4'},{'D2'},{'R2'},{'R1'},{'R3'},{'R5'},{'R4'},&,8.0,&
{'D1'},{'D5'},{'D3'},{'D4'},{'D2'},{'R2'},{'R3'},{'R1'},{'R5'},{'R4'},&,1.0,&
{'D1'},{'D5'},{'D3'},{'D4'},{'D2'},{'R3'},{'R5'},{'R1'},{'R2'},{'R4'},&,1.0,&
{'D1'},{'D5'},{'D3'},{'D4'},{'D2'},{'R3'},{'R1'},{'R2'},{'R5'},{'R4'},&,1.0,&
{'D1'},{'D5'},{'D3'},{'D4'},{'R1'},{'D2'},{'R2'},{'R5'},{'R3'},{'R4'},&,2.0,&
{'D1'},{'D5'},{'D3'},{'D4'},{'R1'},{'D2'},{'R5'},{'R2'},{'R4'},{'R3'},&,2.0,&
{'D1'},{'D5'},{'D3'},{'D4'},{'R5'},{'D2'},{'R1'},{'R2'},{'R3'},{'R4'},&,1.0,&
{'D1'},{'D5'},{'D3'},{'D4'},{'R2'},{'D2'},{'R5'},{'R1'},{'R4'},{'R3'},&,1.0,&
{'D1'},{'D5'},{'D3'},{'D4'},{'R2'},{'D2'},{'R1'},{'R3'},{'R5'},{'R4'},&,1.0,&
{'D1'},{'D5'},{'D3'},{'D4'},{'R3'},{'R1'},{'R2'},{'R5'},{'D2'},{'R4'},&,1.0,&
{'D1'},{'D5'},{'D3'},{'D2'},{'D4'},{'R1'},{'R2'},{'R3'},{'R4'},{'R5'},&,2.0,&
{'D1'},{'D5'},{'D3'},{'D2'},{'D4'},{'R1'},{'R5'},{'R2'},{'R4'},{'R3'},&,1.0,&
{'D1'},{'D5'},{'D3'},{'D2'},{'D4'},{'R2'},{'R5'},{'R1'},{'R3'},{'R4'},&,1.0,&
{'D1'},{'D5'},{'D3'},{'D2'},{'D4'},{'R2'},{'R1'},{'R5'},{'R3'},{'R4'},&,3.0,&
{'D1'},{'D5'},{'D3'},{'D2'},{'D4'},{'R2'},{'R1'},{'R4'},{'R5'},{'R3'},&,2.0,&
{'D1'},{'D5'},{'D3'},{'D2'},{'D4'},{'R5'},{'R1'},{'R2'},{'R3'},{'R4'},&,1.0,&
{'D1'},{'D5'},{'D3'},{'D2'},{'R2'},{'D4'},{'R1'},{'R3'},{'R5'},{'R4'},&,1.0,&
{'D1'},{'D5'},{'D3'},{'R2'},{'R1'},{'D4'},{'D2'},{'R5'},{'R4'},{'R3'},&,1.0,&
{'D1'},{'D5'},{'D3'},{'R2'},{'D4'},{'R1'},{'D2'},{'R4'},{'R5'},{'R3'},&,1.0,&
{'D1'},{'D5'},{'D3'},{'R2'},{'D4'},{'D2'},{'R5'},{'R1'},{'R3'},{'R4'},&,1.0,&
{'D1'},{'D5'},{'D3'},{'R2'},{'D4'},{'D2'},{'R1'},{'R5'},{'R3'},{'R4'},&,1.0,&
{'D1'},{'D5'},{'D3'},{'R1'},{'D4'},{'D2'},{'R2'},{'R5'},{'R3'},{'R4'},&,1.0,&
{'D1'},{'D5'},{'D3'},{'R1'},{'R3'},{'R5'},{'R2'},{'R4'},{'D4'},{'D2'},&,1.0,&
{'D1'},{'D5'},{'D2'},{'D4'},{'D3'},{'R1'},{'R2'},{'R3'},{'R5'},{'R4'},&,1.0,&
{'D1'},{'D5'},{'D2'},{'D4'},{'D3'},{'R5'},{'R2'},{'R1'},{'R3'},{'R4'},&,1.0,&
{'D1'},{'D5'},{'D2'},{'D4'},{'D3'},{'R3'},{'R5'},{'R1'},{'R2'},{'R4'},&,1.0,&
{'D1'},{'D5'},{'D2'},{'D4'},{'R2'},{'D3'},{'R1'},{'R5'},{'R3'},{'R4'},&,1.0,&
{'D1'},{'D5'},{'D2'},{'D3'},{'R1'},{'D4'},{'R2'},{'R5'},{'R3'},{'R4'},&,1.0,&
{'D1'},{'D5'},{'D2'},{'D3'},{'D4'},{'R1'},{'R2'},{'R5'},{'R3'},{'R4'},&,1.0,&
{'D1'},{'D5'},{'D2'},{'D3'},{'D4'},{'R1'},{'R2'},{'R4'},{'R5'},{'R3'},&,1.0,&
{'D1'},{'D5'},{'D2'},{'D3'},{'D4'},{'R2'},{'R5'},{'R1'},{'R3'},{'R4'},&,1.0,&
{'D1'},{'D5'},{'D2'},{'D3'},{'D4'},{'R2'},{'R1'},{'R5'},{'R3'},{'R4'},&,1.0,&
{'D1'},{'D5'},{'D2'},{'D3'},{'D4'},{'R2'},{'R1'},{'R5'},{'R4'},{'R3'},&,3.0,&
{'D1'},{'D5'},{'D2'},{'D3'},{'D4'},{'R2'},{'R1'},{'R3'},{'R5'},{'R4'},&,2.0,&
{'D1'},{'D5'},{'D2'},{'D3'},{'R2'},{'R1'},{'D4'},{'R5'},{'R4'},{'R3'},&,1.0,&
{'D1'},{'D5'},{'D2'},{'D3'},{'R2'},{'D4'},{'R1'},{'R3'},{'R5'},{'R4'},&,1.0,&
{'D1'},{'D5'},{'D2'},{'D3'},{'R2'},{'D4'},{'R3'},{'R1'},{'R5'},{'R4'},&,1.0,&
{'D1'},{'D5'},{'D2'},{'R2'},{'D3'},{'D4'},{'R1'},{'R5'},{'R4'},{'R3'},&,1.0,&
{'D1'},{'D5'},{'D2'},{'R2'},{'D3'},{'D4'},{'R4'},{'R1'},{'R5'},{'R3'},&,1.0,&
{'D1'},{'D5'},{'D4'},{'D3'},{'D2'},{'R1'},{'R2'},{'R5'},{'R3'},{'R4'},&,1.0,&
{'D1'},{'D5'},{'D4'},{'D3'},{'D2'},{'R1'},{'R2'},{'R5'},{'R4'},{'R3'},&,1.0,&
{'D1'},{'D5'},{'D4'},{'D3'},{'D2'},{'R1'},{'R2'},{'R3'},{'R5'},{'R4'},&,2.0,&
{'D1'},{'D5'},{'D4'},{'D3'},{'D2'},{'R1'},{'R5'},{'R2'},{'R3'},{'R4'},&,1.0,&
{'D1'},{'D5'},{'D4'},{'D3'},{'D2'},{'R2'},{'R1'},{'R5'},{'R3'},{'R4'},&,10.0,&
{'D1'},{'D5'},{'D4'},{'D3'},{'D2'},{'R2'},{'R3'},{'R1'},{'R5'},{'R4'},&,1.0,&
{'D1'},{'D5'},{'D4'},{'D3'},{'D2'},{'R2'},{'R4'},{'R5'},{'R1'},{'R3'},&,1.0,&
{'D1'},{'D5'},{'D4'},{'D3'},{'D2'},{'R2'},{'R4'},{'R3'},{'R1'},{'R5'},&,1.0,&
{'D1'},{'D5'},{'D4'},{'D3'},{'D2'},{'R5'},{'R2'},{'R1'},{'R3'},{'R4'},&,1.0,&
{'D1'},{'D5'},{'D4'},{'D3'},{'D2'},{'R5'},{'R1'},{'R2'},{'R3'},{'R4'},&,1.0,&
{'D1'},{'D5'},{'D4'},{'D3'},{'D2'},{'R5'},{'R1'},{'R2'},{'R4'},{'R3'},&,2.0,&
{'D1'},{'D5'},{'D4'},{'D3'},{'D2'},{'R5'},{'R3'},{'R2'},{'R1'},{'R4'},&,1.0,&
{'D1'},{'D5'},{'D4'},{'D3'},{'D2'},{'R4'},{'R5'},{'R2'},{'R3'},{'R1'},&,1.0,&
{'D1'},{'D5'},{'D4'},{'D3'},{'D2'},{'R4'},{'R1'},{'R2'},{'R5'},{'R3'},&,1.0,&
{'D1'},{'D5'},{'D4'},{'D3'},{'R1'},{'D2'},{'R2'},{'R5'},{'R3'},{'R4'},&,1.0,&
{'D1'},{'D5'},{'D4'},{'D3'},{'R1'},{'D2'},{'R2'},{'R4'},{'R5'},{'R3'},&,1.0,&
{'D1'},{'D5'},{'D4'},{'D3'},{'R2'},{'D2'},{'R3'},{'R1'},{'R5'},{'R4'},&,1.0,&
{'D1'},{'D5'},{'D4'},{'D2'},{'D3'},{'R1'},{'R2'},{'R5'},{'R3'},{'R4'},&,3.0,&
{'D1'},{'D5'},{'D4'},{'D2'},{'D3'},{'R1'},{'R2'},{'R5'},{'R4'},{'R3'},&,1.0,&
{'D1'},{'D5'},{'D4'},{'D2'},{'D3'},{'R1'},{'R5'},{'R2'},{'R3'},{'R4'},&,1.0,&
{'D1'},{'D5'},{'D4'},{'D2'},{'D3'},{'R1'},{'R3'},{'R2'},{'R5'},{'R4'},&,1.0,&
{'D1'},{'D5'},{'D4'},{'D2'},{'D3'},{'R1'},{'R4'},{'R2'},{'R3'},{'R5'},&,1.0,&
{'D1'},{'D5'},{'D4'},{'D2'},{'D3'},{'R2'},{'R5'},{'R1'},{'R3'},{'R4'},&,1.0,&
{'D1'},{'D5'},{'D4'},{'D2'},{'D3'},{'R2'},{'R1'},{'R5'},{'R3'},{'R4'},&,3.0,&
{'D1'},{'D5'},{'D4'},{'D2'},{'D3'},{'R2'},{'R1'},{'R5'},{'R4'},{'R3'},&,1.0,&
{'D1'},{'D5'},{'D4'},{'D2'},{'D3'},{'R2'},{'R1'},{'R3'},{'R5'},{'R4'},&,1.0,&
{'D1'},{'D5'},{'D4'},{'D2'},{'D3'},{'R2'},{'R3'},{'R1'},{'R5'},{'R4'},&,1.0,&
{'D1'},{'D5'},{'D4'},{'R1'},{'D3'},{'R5'},{'D2'},{'R3'},{'R2'},{'R4'},&,1.0,&
{'D1'},{'D5'},{'D4'},{'R1'},{'D3'},{'D2'},{'R2'},{'R5'},{'R3'},{'R4'},&,1.0,&
{'D1'},{'D5'},{'R2'},{'D4'},{'D2'},{'R1'},{'R5'},{'D3'},{'R4'},{'R3'},&,1.0,&
{'D1'},{'D5'},{'R2'},{'D4'},{'D2'},{'R1'},{'D3'},{'R3'},{'R5'},{'R4'},&,1.0,&
{'D1'},{'D5'},{'R2'},{'D4'},{'D3'},{'D2'},{'R1'},{'R5'},{'R3'},{'R4'},&,2.0,&
{'D1'},{'D5'},{'R2'},{'D4'},{'D3'},{'D2'},{'R3'},{'R5'},{'R1'},{'R4'},&,1.0,&
{'D1'},{'D5'},{'R2'},{'D3'},{'D2'},{'D4'},{'R1'},{'R3'},{'R5'},{'R4'},&,1.0,&
{'D1'},{'D5'},{'R2'},{'D3'},{'D4'},{'D2'},{'R3'},{'R1'},{'R5'},{'R4'},&,1.0,&
{'D1'},{'D5'},{'R2'},{'D2'},{'D3'},{'D4'},{'R1'},{'R4'},{'R5'},{'R3'},&,1.0,&
{'D1'},{'D5'},{'R2'},{'D2'},{'D3'},{'D4'},{'R1'},{'R3'},{'R5'},{'R4'},&,1.0,&
{'D1'},{'D5'},{'R2'},{'R1'},{'R3'},{'D4'},{'D2'},{'D3'},{'R5'},{'R4'},&,1.0,&
{'D1'},{'D5'},{'R1'},{'R2'},{'D2'},{'D4'},{'D3'},{'R3'},{'R5'},{'R4'},&,1.0,&
{'D1'},{'D5'},{'R1'},{'R2'},{'D3'},{'D4'},{'R5'},{'D2'},{'R3'},{'R4'},&,1.0,&
{'D1'},{'D5'},{'R1'},{'R2'},{'R4'},{'D3'},{'R5'},{'R3'},{'D4'},{'D2'},&,1.0,&
{'D1'},{'D5'},{'R3'},{'D3'},{'D4'},{'R2'},{'D2'},{'R1'},{'R5'},{'R4'},&,1.0,&
{'D1'},{'D5'},{'R3'},{'D3'},{'D4'},{'D2'},{'R2'},{'R1'},{'R5'},{'R4'},&,1.0,&
{'D1'},{'D4'},{'D3'},{'D5'},{'D2'},{'R1'},{'R2'},{'R5'},{'R3'},{'R4'},&,1.0,&
{'D1'},{'D4'},{'D3'},{'D5'},{'D2'},{'R1'},{'R2'},{'R4'},{'R5'},{'R3'},&,1.0,&
{'D1'},{'D4'},{'D3'},{'D5'},{'D2'},{'R2'},{'R5'},{'R1'},{'R3'},{'R4'},&,4.0,&
{'D1'},{'D4'},{'D3'},{'D5'},{'D2'},{'R2'},{'R5'},{'R3'},{'R1'},{'R4'},&,1.0,&
{'D1'},{'D4'},{'D3'},{'D5'},{'D2'},{'R2'},{'R1'},{'R5'},{'R3'},{'R4'},&,2.0,&
{'D1'},{'D4'},{'D3'},{'D5'},{'D2'},{'R2'},{'R1'},{'R5'},{'R4'},{'R3'},&,2.0,&
{'D1'},{'D4'},{'D3'},{'D5'},{'D2'},{'R2'},{'R1'},{'R4'},{'R3'},{'R5'},&,1.0,&
{'D1'},{'D4'},{'D3'},{'D5'},{'D2'},{'R2'},{'R1'},{'R3'},{'R5'},{'R4'},&,3.0,&
{'D1'},{'D4'},{'D3'},{'D5'},{'D2'},{'R3'},{'R2'},{'R1'},{'R5'},{'R4'},&,1.0,&
{'D1'},{'D4'},{'D3'},{'D5'},{'D2'},{'R3'},{'R1'},{'R2'},{'R5'},{'R4'},&,1.0,&
{'D1'},{'D4'},{'D3'},{'D5'},{'R1'},{'D2'},{'R2'},{'R3'},{'R5'},{'R4'},&,1.0,&
{'D1'},{'D4'},{'D3'},{'D2'},{'R1'},{'D5'},{'R2'},{'R5'},{'R3'},{'R4'},&,1.0,&
{'D1'},{'D4'},{'D3'},{'D2'},{'D5'},{'R1'},{'R2'},{'R5'},{'R3'},{'R4'},&,1.0,&
{'D1'},{'D4'},{'D3'},{'D2'},{'D5'},{'R2'},{'R5'},{'R1'},{'R3'},{'R4'},&,1.0,&
{'D1'},{'D4'},{'D3'},{'D2'},{'D5'},{'R2'},{'R1'},{'R3'},{'R5'},{'R4'},&,1.0,&
{'D1'},{'D4'},{'D3'},{'R2'},{'D2'},{'D5'},{'R1'},{'R4'},{'R5'},{'R3'},&,1.0,&
{'D1'},{'D4'},{'D3'},{'R2'},{'R1'},{'R5'},{'D5'},{'D2'},{'R3'},{'R4'},&,1.0,&
{'D1'},{'D4'},{'D3'},{'R5'},{'D5'},{'D2'},{'R2'},{'R1'},{'R4'},{'R3'},&,1.0,&
{'D1'},{'D4'},{'D3'},{'R1'},{'D5'},{'D2'},{'R2'},{'R5'},{'R4'},{'R3'},&,1.0,&
{'D1'},{'D4'},{'D3'},{'R4'},{'D5'},{'R2'},{'R1'},{'D2'},{'R5'},{'R3'},&,1.0,&
{'D1'},{'D4'},{'D5'},{'D3'},{'D2'},{'R1'},{'R2'},{'R5'},{'R3'},{'R4'},&,4.0,&
{'D1'},{'D4'},{'D5'},{'D3'},{'D2'},{'R1'},{'R2'},{'R5'},{'R4'},{'R3'},&,1.0,&
{'D1'},{'D4'},{'D5'},{'D3'},{'D2'},{'R1'},{'R2'},{'R3'},{'R5'},{'R4'},&,2.0,&
{'D1'},{'D4'},{'D5'},{'D3'},{'D2'},{'R1'},{'R3'},{'R2'},{'R5'},{'R4'},&,1.0,&
{'D1'},{'D4'},{'D5'},{'D3'},{'D2'},{'R2'},{'R5'},{'R1'},{'R3'},{'R4'},&,1.0,&
{'D1'},{'D4'},{'D5'},{'D3'},{'D2'},{'R2'},{'R1'},{'R5'},{'R3'},{'R4'},&,7.0,&
{'D1'},{'D4'},{'D5'},{'D3'},{'D2'},{'R2'},{'R1'},{'R5'},{'R4'},{'R3'},&,3.0,&
{'D1'},{'D4'},{'D5'},{'D3'},{'D2'},{'R2'},{'R1'},{'R4'},{'R5'},{'R3'},&,2.0,&
{'D1'},{'D4'},{'D5'},{'D3'},{'D2'},{'R2'},{'R1'},{'R3'},{'R4'},{'R5'},&,1.0,&
{'D1'},{'D4'},{'D5'},{'D3'},{'D2'},{'R2'},{'R1'},{'R3'},{'R5'},{'R4'},&,1.0,&
{'D1'},{'D4'},{'D5'},{'D3'},{'D2'},{'R2'},{'R3'},{'R1'},{'R4'},{'R5'},&,1.0,&
{'D1'},{'D4'},{'D5'},{'D3'},{'D2'},{'R2'},{'R3'},{'R1'},{'R5'},{'R4'},&,1.0,&
{'D1'},{'D4'},{'D5'},{'D3'},{'D2'},{'R2'},{'R3'},{'R5'},{'R1'},{'R4'},&,1.0,&
{'D1'},{'D4'},{'D5'},{'D3'},{'D2'},{'R5'},{'R1'},{'R2'},{'R3'},{'R4'},&,1.0,&
{'D1'},{'D4'},{'D5'},{'D3'},{'D2'},{'R3'},{'R2'},{'R1'},{'R5'},{'R4'},&,1.0,&
{'D1'},{'D4'},{'D5'},{'D3'},{'R1'},{'R2'},{'D2'},{'R5'},{'R3'},{'R4'},&,1.0,&
{'D1'},{'D4'},{'D5'},{'D3'},{'R5'},{'D2'},{'R1'},{'R2'},{'R4'},{'R3'},&,1.0,&
{'D1'},{'D4'},{'D5'},{'D3'},{'R2'},{'D2'},{'R1'},{'R5'},{'R3'},{'R4'},&,1.0,&
{'D1'},{'D4'},{'D5'},{'D3'},{'R3'},{'D2'},{'R2'},{'R1'},{'R5'},{'R4'},&,1.0,&
{'D1'},{'D4'},{'D5'},{'D2'},{'D3'},{'R1'},{'R2'},{'R5'},{'R3'},{'R4'},&,2.0,&
{'D1'},{'D4'},{'D5'},{'D2'},{'D3'},{'R2'},{'R1'},{'R5'},{'R3'},{'R4'},&,1.0,&
{'D1'},{'D4'},{'D5'},{'D2'},{'D3'},{'R2'},{'R1'},{'R5'},{'R4'},{'R3'},&,1.0,&
{'D1'},{'D4'},{'D5'},{'D2'},{'D3'},{'R2'},{'R1'},{'R3'},{'R5'},{'R4'},&,1.0,&
{'D1'},{'D4'},{'D5'},{'D2'},{'D3'},{'R3'},{'R1'},{'R2'},{'R5'},{'R4'},&,1.0,&
{'D1'},{'D4'},{'D5'},{'D2'},{'R5'},{'D3'},{'R1'},{'R2'},{'R3'},{'R4'},&,1.0,&
{'D1'},{'D4'},{'D5'},{'R2'},{'D3'},{'D2'},{'R5'},{'R1'},{'R3'},{'R4'},&,1.0,&
{'D1'},{'D4'},{'D5'},{'R5'},{'D3'},{'D2'},{'R2'},{'R1'},{'R4'},{'R3'},&,1.0,&
{'D1'},{'D4'},{'D5'},{'R1'},{'D3'},{'D2'},{'R2'},{'R4'},{'R3'},{'R5'},&,1.0,&
{'D1'},{'D4'},{'D5'},{'R1'},{'D3'},{'D2'},{'R2'},{'R3'},{'R5'},{'R4'},&,1.0,&
{'D1'},{'D4'},{'D5'},{'R3'},{'D3'},{'R1'},{'R2'},{'D2'},{'R5'},{'R4'},&,1.0,&
{'D1'},{'D4'},{'D2'},{'D5'},{'R1'},{'R2'},{'D3'},{'R5'},{'R4'},{'R3'},&,1.0,&
{'D1'},{'D4'},{'D2'},{'D5'},{'D3'},{'R2'},{'R1'},{'R3'},{'R4'},{'R5'},&,1.0,&
{'D1'},{'D4'},{'D2'},{'D3'},{'D5'},{'R1'},{'R2'},{'R3'},{'R4'},{'R5'},&,1.0,&
{'D1'},{'D4'},{'D2'},{'R1'},{'D3'},{'D5'},{'R2'},{'R3'},{'R5'},{'R4'},&,1.0,&
{'D1'},{'D4'},{'R2'},{'D5'},{'D2'},{'D3'},{'R1'},{'R5'},{'R3'},{'R4'},&,1.0,&
{'D1'},{'D4'},{'R2'},{'D5'},{'D3'},{'R1'},{'R3'},{'D2'},{'R5'},{'R4'},&,1.0,&
{'D1'},{'D4'},{'R2'},{'D5'},{'D3'},{'R5'},{'D2'},{'R1'},{'R4'},{'R3'},&,1.0,&
{'D1'},{'D4'},{'R2'},{'D5'},{'D3'},{'D2'},{'R1'},{'R3'},{'R5'},{'R4'},&,2.0,&
{'D1'},{'D4'},{'R2'},{'D3'},{'R1'},{'D5'},{'D2'},{'R5'},{'R3'},{'R4'},&,1.0,&
{'D1'},{'D4'},{'R2'},{'D3'},{'R1'},{'D5'},{'D2'},{'R5'},{'R4'},{'R3'},&,1.0,&
{'D1'},{'D4'},{'R2'},{'D3'},{'R5'},{'D5'},{'R4'},{'R3'},{'R1'},{'D2'},&,1.0,&
{'D1'},{'D4'},{'R2'},{'R1'},{'D3'},{'D2'},{'D5'},{'R5'},{'R4'},{'R3'},&,1.0,&
{'D1'},{'D4'},{'R1'},{'D5'},{'D3'},{'R2'},{'R5'},{'D2'},{'R3'},{'R4'},&,1.0,&
{'D1'},{'D4'},{'R1'},{'D5'},{'D3'},{'D2'},{'R2'},{'R5'},{'R3'},{'R4'},&,1.0,&
{'D1'},{'D4'},{'R1'},{'D5'},{'D3'},{'D2'},{'R2'},{'R3'},{'R5'},{'R4'},&,1.0,&
{'D1'},{'D4'},{'R1'},{'D5'},{'D3'},{'D2'},{'R5'},{'R2'},{'R3'},{'R4'},&,1.0,&
{'D1'},{'D4'},{'R1'},{'D5'},{'D3'},{'D2'},{'R5'},{'R2'},{'R4'},{'R3'},&,1.0,&
{'D1'},{'D4'},{'R1'},{'D5'},{'R2'},{'D3'},{'D2'},{'R5'},{'R4'},{'R3'},&,1.0,&
{'D1'},{'D4'},{'R1'},{'D3'},{'D5'},{'D2'},{'R2'},{'R5'},{'R3'},{'R4'},&,1.0,&
{'D1'},{'D4'},{'R1'},{'D3'},{'D5'},{'D2'},{'R2'},{'R5'},{'R4'},{'R3'},&,1.0,&
{'D1'},{'D4'},{'R1'},{'D3'},{'D5'},{'D2'},{'R2'},{'R4'},{'R5'},{'R3'},&,1.0,&
{'D1'},{'D4'},{'R1'},{'D3'},{'D5'},{'D2'},{'R2'},{'R3'},{'R5'},{'R4'},&,1.0,&
{'D1'},{'D4'},{'R1'},{'R2'},{'D5'},{'D3'},{'D2'},{'R5'},{'R4'},{'R3'},&,1.0,&
{'D1'},{'D4'},{'R1'},{'R4'},{'R5'},{'R2'},{'R3'},{'D5'},{'D3'},{'D2'},&,1.0,&
{'D1'},{'D4'},{'R3'},{'D2'},{'D3'},{'D5'},{'R1'},{'R2'},{'R4'},{'R5'},&,1.0,&
{'D1'},{'D4'},{'R4'},{'R2'},{'R1'},{'R5'},{'R3'},{'D3'},{'D5'},{'D2'},&,1.0,&
{'D1'},{'R1'},{'D3'},{'D5'},{'D4'},{'D2'},{'R2'},{'R5'},{'R4'},{'R3'},&,1.0,&
{'D1'},{'R1'},{'D3'},{'D5'},{'R2'},{'R4'},{'R5'},{'D4'},{'R3'},{'D2'},&,1.0,&
{'D1'},{'R1'},{'D3'},{'D4'},{'R2'},{'R5'},{'D2'},{'R3'},{'R4'},{'D5'},&,1.0,&
{'D1'},{'R1'},{'D3'},{'R2'},{'D5'},{'R5'},{'R4'},{'R3'},{'D2'},{'D4'},&,1.0,&
{'D1'},{'R1'},{'D3'},{'R4'},{'R2'},{'R3'},{'R5'},{'D4'},{'D5'},{'D2'},&,1.0,&
{'D1'},{'R1'},{'D5'},{'D4'},{'D3'},{'R2'},{'D2'},{'R3'},{'R5'},{'R4'},&,1.0,&
{'D1'},{'R1'},{'D5'},{'D3'},{'D2'},{'D4'},{'R3'},{'R2'},{'R5'},{'R4'},&,1.0,&
{'D1'},{'R1'},{'D5'},{'D3'},{'D4'},{'R2'},{'D2'},{'R5'},{'R3'},{'R4'},&,1.0,&
{'D1'},{'R1'},{'D5'},{'D3'},{'D4'},{'D2'},{'R2'},{'R3'},{'R5'},{'R4'},&,1.0,&
{'D1'},{'R1'},{'D5'},{'R2'},{'R5'},{'D4'},{'D3'},{'R3'},{'D2'},{'R4'},&,1.0,&
{'D1'},{'R1'},{'D5'},{'R5'},{'R4'},{'R3'},{'R2'},{'D3'},{'D2'},{'D4'},&,1.0,&
{'D1'},{'R1'},{'D2'},{'D5'},{'D3'},{'D4'},{'R2'},{'R3'},{'R5'},{'R4'},&,1.0,&
{'D1'},{'R1'},{'D2'},{'D3'},{'D5'},{'D4'},{'R2'},{'R5'},{'R3'},{'R4'},&,1.0,&
{'D1'},{'R1'},{'D2'},{'R2'},{'D4'},{'D5'},{'D3'},{'R5'},{'R3'},{'R4'},&,1.0,&
{'D1'},{'R1'},{'D4'},{'D5'},{'D2'},{'D3'},{'R2'},{'R4'},{'R3'},{'R5'},&,1.0,&
{'D1'},{'R1'},{'D4'},{'D3'},{'D5'},{'D2'},{'R2'},{'R3'},{'R5'},{'R4'},&,1.0,&
{'D1'},{'R1'},{'D4'},{'D2'},{'D5'},{'D3'},{'R2'},{'R5'},{'R4'},{'R3'},&,1.0,&
{'D1'},{'R1'},{'D4'},{'D2'},{'R2'},{'D5'},{'R5'},{'R3'},{'D3'},{'R4'},&,1.0,&
{'D1'},{'R1'},{'D4'},{'R2'},{'D2'},{'D3'},{'R3'},{'R5'},{'D5'},{'R4'},&,1.0,&
{'D1'},{'R1'},{'R2'},{'D5'},{'R5'},{'D3'},{'D4'},{'D2'},{'R3'},{'R4'},&,1.0,&
{'D1'},{'R1'},{'R2'},{'D4'},{'R5'},{'R4'},{'R3'},{'D3'},{'D5'},{'D2'},&,1.0,&
{'D1'},{'R1'},{'R2'},{'D3'},{'D4'},{'R5'},{'D5'},{'R4'},{'R3'},{'D2'},&,1.0,&
{'D1'},{'R1'},{'R2'},{'D3'},{'R4'},{'R3'},{'R5'},{'D5'},{'D2'},{'D4'},&,1.0,&
{'D1'},{'R1'},{'R2'},{'R5'},{'D5'},{'R4'},{'R3'},{'D3'},{'D2'},{'D4'},&,1.0,&
{'D1'},{'R1'},{'R2'},{'R5'},{'D5'},{'R4'},{'R3'},{'D3'},{'D4'},{'D2'},&,1.0,&
{'D1'},{'R1'},{'R2'},{'R5'},{'R3'},{'R4'},{'D5'},{'D3'},{'D4'},{'D2'},&,1.0,&
{'D1'},{'R1'},{'R2'},{'R5'},{'R4'},{'R3'},{'D5'},{'D3'},{'D4'},{'D2'},&,1.0,&
{'D1'},{'R1'},{'R2'},{'R5'},{'R4'},{'D2'},{'R3'},{'D5'},{'D4'},{'D3'},&,1.0,&
{'D1'},{'R1'},{'R2'},{'R3'},{'R5'},{'D3'},{'R4'},{'D4'},{'D5'},{'D2'},&,1.0,&
{'D1'},{'R1'},{'R2'},{'R3'},{'R4'},{'R5'},{'D3'},{'D5'},{'D4'},{'D2'},&,1.0,&
{'D1'},{'R1'},{'R2'},{'R4'},{'D5'},{'R3'},{'R5'},{'D3'},{'D2'},{'D4'},&,1.0,&
{'D1'},{'R1'},{'R2'},{'R4'},{'D3'},{'R5'},{'R3'},{'D2'},{'D4'},{'D5'},&,1.0,&
{'D1'},{'R1'},{'R2'},{'R4'},{'D3'},{'R3'},{'R5'},{'D5'},{'D2'},{'D4'},&,1.0,&
{'D1'},{'R1'},{'R2'},{'R4'},{'R5'},{'R3'},{'D3'},{'D2'},{'D4'},{'D5'},&,1.0,&
{'D1'},{'R1'},{'R2'},{'R4'},{'R5'},{'R3'},{'D3'},{'D4'},{'D2'},{'D5'},&,1.0,&
{'D1'},{'R1'},{'R2'},{'R4'},{'R5'},{'D2'},{'R3'},{'D5'},{'D3'},{'D4'},&,1.0,&
{'D1'},{'R1'},{'R2'},{'R4'},{'R3'},{'D5'},{'R5'},{'D3'},{'D2'},{'D4'},&,1.0,&
{'D1'},{'R1'},{'R2'},{'R4'},{'R3'},{'R5'},{'D4'},{'D3'},{'D5'},{'D2'},&,1.0,&
{'D1'},{'R1'},{'R5'},{'D5'},{'R2'},{'R3'},{'R4'},{'D3'},{'D4'},{'D2'},&,1.0,&
{'D1'},{'R1'},{'R5'},{'R2'},{'R3'},{'D5'},{'R4'},{'D3'},{'D2'},{'D4'},&,1.0,&
{'D1'},{'R1'},{'R5'},{'R4'},{'R2'},{'R3'},{'D2'},{'D3'},{'D5'},{'D4'},&,1.0,&
{'D1'},{'R1'},{'R5'},{'R4'},{'R2'},{'R3'},{'D5'},{'D3'},{'D2'},{'D4'},&,1.0,&
{'D1'},{'R1'},{'R3'},{'D3'},{'R2'},{'R4'},{'R5'},{'D5'},{'D4'},{'D2'},&,1.0,&
{'D1'},{'R1'},{'R3'},{'R2'},{'D3'},{'R4'},{'R5'},{'D5'},{'D4'},{'D2'},&,1.0,&
{'D1'},{'R1'},{'R3'},{'R2'},{'R4'},{'D5'},{'D3'},{'R5'},{'D4'},{'D2'},&,1.0,&
{'D1'},{'R1'},{'R3'},{'R5'},{'R2'},{'R4'},{'D5'},{'D3'},{'D2'},{'D4'},&,1.0,&
{'D1'},{'R1'},{'R3'},{'R4'},{'R5'},{'R2'},{'D3'},{'D4'},{'D5'},{'D2'},&,1.0,&
{'D1'},{'R1'},{'R4'},{'D2'},{'R2'},{'R5'},{'R3'},{'D3'},{'D5'},{'D4'},&,1.0,&
{'D1'},{'R1'},{'R4'},{'R2'},{'R5'},{'R3'},{'D2'},{'D3'},{'D5'},{'D4'},&,2.0,&
{'D1'},{'R1'},{'R4'},{'R2'},{'R5'},{'R3'},{'D4'},{'D5'},{'D3'},{'D2'},&,1.0,&
{'D1'},{'R1'},{'R4'},{'R2'},{'R5'},{'R3'},{'D5'},{'D3'},{'D4'},{'D2'},&,1.0,&
{'D1'},{'R1'},{'R4'},{'R2'},{'R5'},{'D4'},{'R3'},{'D3'},{'D5'},{'D2'},&,1.0,&
{'D1'},{'R1'},{'R4'},{'R3'},{'R2'},{'R5'},{'D5'},{'D3'},{'D4'},{'D2'},&,1.0,&
{'D1'},{'R2'},{'D3'},{'D5'},{'R1'},{'R4'},{'R5'},{'R3'},{'D4'},{'D2'},&,1.0,&
{'D1'},{'R2'},{'D3'},{'D5'},{'D4'},{'R3'},{'D2'},{'R1'},{'R4'},{'R5'},&,1.0,&
{'D1'},{'R2'},{'D3'},{'D5'},{'D4'},{'D2'},{'R1'},{'R5'},{'R4'},{'R3'},&,1.0,&
{'D1'},{'R2'},{'D3'},{'D5'},{'R5'},{'D4'},{'D2'},{'R1'},{'R3'},{'R4'},&,1.0,&
{'D1'},{'R2'},{'D3'},{'D4'},{'D5'},{'D2'},{'R1'},{'R5'},{'R3'},{'R4'},&,1.0,&
{'D1'},{'R2'},{'D3'},{'D2'},{'R1'},{'R5'},{'D5'},{'R4'},{'R3'},{'D4'},&,1.0,&
{'D1'},{'R2'},{'D3'},{'R5'},{'D2'},{'D4'},{'D5'},{'R1'},{'R3'},{'R4'},&,1.0,&
{'D1'},{'R2'},{'D3'},{'R1'},{'R3'},{'R4'},{'R5'},{'D2'},{'D4'},{'D5'},&,1.0,&
{'D1'},{'R2'},{'D3'},{'R1'},{'R3'},{'D2'},{'R5'},{'R4'},{'D5'},{'D4'},&,1.0,&
{'D1'},{'R2'},{'D5'},{'D4'},{'D3'},{'R1'},{'D2'},{'R5'},{'R3'},{'R4'},&,1.0,&
{'D1'},{'R2'},{'D5'},{'D4'},{'D3'},{'D2'},{'R5'},{'R1'},{'R3'},{'R4'},&,1.0,&
{'D1'},{'R2'},{'D5'},{'D4'},{'D3'},{'D2'},{'R1'},{'R3'},{'R5'},{'R4'},&,1.0,&
{'D1'},{'R2'},{'D5'},{'D3'},{'D2'},{'D4'},{'R1'},{'R5'},{'R4'},{'R3'},&,1.0,&
{'D1'},{'R2'},{'D5'},{'D3'},{'R1'},{'R4'},{'R5'},{'R3'},{'D2'},{'D4'},&,1.0,&
{'D1'},{'R2'},{'D5'},{'D3'},{'D4'},{'D2'},{'R1'},{'R5'},{'R3'},{'R4'},&,1.0,&
{'D1'},{'R2'},{'D5'},{'D3'},{'D4'},{'D2'},{'R1'},{'R4'},{'R5'},{'R3'},&,1.0,&
{'D1'},{'R2'},{'D5'},{'R5'},{'R4'},{'D3'},{'D4'},{'R1'},{'R3'},{'D2'},&,1.0,&
{'D1'},{'R2'},{'D5'},{'R1'},{'D4'},{'R5'},{'D3'},{'D2'},{'R3'},{'R4'},&,1.0,&
{'D1'},{'R2'},{'D5'},{'R1'},{'D3'},{'D4'},{'D2'},{'R5'},{'R3'},{'R4'},&,1.0,&
{'D1'},{'R2'},{'D5'},{'R1'},{'R4'},{'D3'},{'R3'},{'D4'},{'R5'},{'D2'},&,1.0,&
{'D1'},{'R2'},{'D5'},{'R4'},{'D2'},{'R3'},{'R5'},{'R1'},{'D3'},{'D4'},&,1.0,&
{'D1'},{'R2'},{'D2'},{'D5'},{'D4'},{'D3'},{'R5'},{'R1'},{'R3'},{'R4'},&,1.0,&
{'D1'},{'R2'},{'D2'},{'D5'},{'D3'},{'D4'},{'R1'},{'R5'},{'R4'},{'R3'},&,1.0,&
{'D1'},{'R2'},{'D2'},{'D4'},{'R1'},{'D5'},{'R5'},{'D3'},{'R3'},{'R4'},&,1.0,&
{'D1'},{'R2'},{'D2'},{'D3'},{'D4'},{'D5'},{'R1'},{'R3'},{'R5'},{'R4'},&,1.0,&
{'D1'},{'R2'},{'D2'},{'R1'},{'D5'},{'D4'},{'D3'},{'R4'},{'R3'},{'R5'},&,1.0,&
{'D1'},{'R2'},{'D2'},{'R1'},{'R3'},{'D3'},{'D5'},{'R5'},{'R4'},{'D4'},&,1.0,&
{'D1'},{'R2'},{'D4'},{'D5'},{'D3'},{'D2'},{'R1'},{'R5'},{'R3'},{'R4'},&,1.0,&
{'D1'},{'R2'},{'D4'},{'D5'},{'D3'},{'D2'},{'R4'},{'R5'},{'R1'},{'R3'},&,1.0,&
{'D1'},{'R2'},{'D4'},{'D3'},{'R1'},{'D5'},{'D2'},{'R5'},{'R3'},{'R4'},&,1.0,&
{'D1'},{'R2'},{'D4'},{'D3'},{'R1'},{'R5'},{'D5'},{'D2'},{'R3'},{'R4'},&,1.0,&
{'D1'},{'R2'},{'D4'},{'D3'},{'R3'},{'R1'},{'D2'},{'D5'},{'R4'},{'R5'},&,1.0,&
{'D1'},{'R2'},{'R1'},{'D5'},{'D2'},{'R5'},{'D3'},{'R4'},{'D4'},{'R3'},&,1.0,&
{'D1'},{'R2'},{'R1'},{'D5'},{'D4'},{'D3'},{'D2'},{'R3'},{'R5'},{'R4'},&,2.0,&
{'D1'},{'R2'},{'R1'},{'D5'},{'R5'},{'R4'},{'R3'},{'D3'},{'D2'},{'D4'},&,1.0,&
{'D1'},{'R2'},{'R1'},{'D4'},{'D5'},{'D2'},{'D3'},{'R5'},{'R4'},{'R3'},&,1.0,&
{'D1'},{'R2'},{'R1'},{'D4'},{'D5'},{'D2'},{'D3'},{'R3'},{'R5'},{'R4'},&,1.0,&
{'D1'},{'R2'},{'R1'},{'D3'},{'D4'},{'D5'},{'D2'},{'R4'},{'R5'},{'R3'},&,1.0,&
{'D1'},{'R2'},{'R1'},{'D3'},{'R4'},{'R5'},{'R3'},{'D5'},{'D4'},{'D2'},&,1.0,&
{'D1'},{'R2'},{'R1'},{'R5'},{'D3'},{'R4'},{'R3'},{'D5'},{'D2'},{'D4'},&,1.0,&
{'D1'},{'R2'},{'R1'},{'R5'},{'R3'},{'R4'},{'D3'},{'D5'},{'D4'},{'D2'},&,1.0,&
{'D1'},{'R2'},{'R1'},{'R5'},{'R3'},{'R4'},{'D5'},{'D3'},{'D2'},{'D4'},&,1.0,&
{'D1'},{'R2'},{'R1'},{'R5'},{'R4'},{'D3'},{'R3'},{'D4'},{'D2'},{'D5'},&,1.0,&
{'D1'},{'R2'},{'R1'},{'R5'},{'R4'},{'R3'},{'D3'},{'D5'},{'D2'},{'D4'},&,1.0,&
{'D1'},{'R2'},{'R1'},{'R5'},{'R4'},{'R3'},{'D3'},{'D5'},{'D4'},{'D2'},&,1.0,&
{'D1'},{'R2'},{'R1'},{'R5'},{'R4'},{'R3'},{'D3'},{'D4'},{'D5'},{'D2'},&,1.0,&
{'D1'},{'R2'},{'R1'},{'R5'},{'R4'},{'R3'},{'D5'},{'D3'},{'D2'},{'D4'},&,1.0,&
{'D1'},{'R2'},{'R1'},{'R5'},{'R4'},{'R3'},{'D5'},{'D3'},{'D4'},{'D2'},&,1.0,&
{'D1'},{'R2'},{'R1'},{'R5'},{'R4'},{'D2'},{'R3'},{'D5'},{'D3'},{'D4'},&,1.0,&
{'D1'},{'R2'},{'R1'},{'R4'},{'R5'},{'R3'},{'D2'},{'D5'},{'D3'},{'D4'},&,1.0,&
{'D1'},{'R2'},{'R1'},{'R4'},{'R5'},{'R3'},{'D4'},{'D5'},{'D2'},{'D3'},&,1.0,&
{'D1'},{'R2'},{'R1'},{'R4'},{'R5'},{'D2'},{'R3'},{'D3'},{'D5'},{'D4'},&,1.0,&
{'D1'},{'R2'},{'R1'},{'R4'},{'R3'},{'R5'},{'D3'},{'D5'},{'D4'},{'D2'},&,2.0,&
{'D1'},{'R2'},{'R1'},{'R4'},{'R3'},{'D3'},{'R5'},{'D4'},{'D5'},{'D2'},&,1.0,&
{'D1'},{'R2'},{'R5'},{'D5'},{'D4'},{'D3'},{'D2'},{'R3'},{'R1'},{'R4'},&,1.0,&
{'D1'},{'R2'},{'R5'},{'D5'},{'D3'},{'D4'},{'D2'},{'R1'},{'R3'},{'R4'},&,1.0,&
{'D1'},{'R2'},{'R5'},{'R1'},{'R3'},{'R4'},{'D3'},{'D5'},{'D4'},{'D2'},&,1.0,&
{'D1'},{'R2'},{'R5'},{'R1'},{'R3'},{'D3'},{'R4'},{'D4'},{'D5'},{'D2'},&,1.0,&
{'D1'},{'R2'},{'R5'},{'R1'},{'R4'},{'D3'},{'R3'},{'D5'},{'D2'},{'D4'},&,2.0,&
{'D1'},{'R2'},{'R5'},{'R1'},{'R4'},{'D4'},{'R3'},{'D5'},{'D2'},{'D3'},&,1.0,&
{'D1'},{'R2'},{'R5'},{'R4'},{'D3'},{'R1'},{'R3'},{'D5'},{'D4'},{'D2'},&,1.0,&
{'D1'},{'R2'},{'R4'},{'R5'},{'R1'},{'R3'},{'D3'},{'D5'},{'D2'},{'D4'},&,1.0,&
{'D1'},{'R2'},{'R4'},{'R5'},{'R1'},{'R3'},{'D3'},{'D5'},{'D4'},{'D2'},&,1.0,&
{'D1'},{'R2'},{'R4'},{'R5'},{'R1'},{'R3'},{'D4'},{'D3'},{'D5'},{'D2'},&,1.0,&
{'D1'},{'R2'},{'R4'},{'R1'},{'R5'},{'R3'},{'D3'},{'D5'},{'D2'},{'D4'},&,1.0,&
{'D1'},{'R2'},{'R4'},{'R1'},{'R5'},{'R3'},{'D5'},{'D3'},{'D4'},{'D2'},&,1.0,&
{'D1'},{'R2'},{'R4'},{'R1'},{'R3'},{'R5'},{'D3'},{'D5'},{'D4'},{'D2'},&,1.0,&
{'D1'},{'R2'},{'R4'},{'R3'},{'R1'},{'R5'},{'D5'},{'D3'},{'D2'},{'D4'},&,1.0,&
{'D1'},{'R4'},{'D3'},{'R2'},{'D2'},{'R1'},{'R5'},{'R3'},{'D5'},{'D4'},&,1.0,&
{'D1'},{'R4'},{'D3'},{'R1'},{'R2'},{'D5'},{'R5'},{'R3'},{'D4'},{'D2'},&,1.0,&
{'D1'},{'R4'},{'D5'},{'R5'},{'R2'},{'R1'},{'R3'},{'D3'},{'D2'},{'D4'},&,1.0,&
{'D1'},{'R4'},{'R2'},{'R5'},{'R1'},{'R3'},{'D3'},{'D5'},{'D2'},{'D4'},&,1.0,&
{'D1'},{'R4'},{'R2'},{'R1'},{'D3'},{'R3'},{'D4'},{'R5'},{'D5'},{'D2'},&,1.0,&
{'D1'},{'R4'},{'R2'},{'R1'},{'R5'},{'D5'},{'R3'},{'D3'},{'D4'},{'D2'},&,1.0,&
{'D1'},{'R4'},{'R2'},{'R1'},{'R5'},{'D3'},{'R3'},{'D5'},{'D2'},{'D4'},&,1.0,&
{'D1'},{'R4'},{'R2'},{'R1'},{'R5'},{'R3'},{'D5'},{'D3'},{'D2'},{'D4'},&,1.0,&
{'D1'},{'R4'},{'R2'},{'R1'},{'R3'},{'R5'},{'D4'},{'D5'},{'D3'},{'D2'},&,1.0,&
{'D1'},{'R4'},{'R1'},{'D3'},{'R2'},{'R5'},{'R3'},{'D5'},{'D4'},{'D2'},&,1.0,&
{'D1'},{'R4'},{'R1'},{'R2'},{'R5'},{'R3'},{'D2'},{'D3'},{'D5'},{'D4'},&,1.0,&
{'D1'},{'R4'},{'R1'},{'R2'},{'R5'},{'R3'},{'D2'},{'D4'},{'D5'},{'D3'},&,1.0,&
{'D1'},{'R4'},{'R1'},{'R2'},{'R5'},{'D4'},{'R3'},{'D5'},{'D3'},{'D2'},&,1.0,&
{'D1'},{'R4'},{'R1'},{'R5'},{'R2'},{'R3'},{'D2'},{'D3'},{'D4'},{'D5'},&,1.0,&
{'D1'},{'R3'},{'D3'},{'R1'},{'D2'},{'R2'},{'D4'},{'D5'},{'R5'},{'R4'},&,1.0,&
{'D1'},{'R3'},{'D5'},{'R2'},{'D3'},{'R1'},{'D2'},{'R4'},{'R5'},{'D4'},&,1.0,&
{'D1'},{'R3'},{'D4'},{'D5'},{'D3'},{'D2'},{'R2'},{'R1'},{'R5'},{'R4'},&,1.0,&
{'D1'},{'R3'},{'R2'},{'R5'},{'R4'},{'R1'},{'D5'},{'D3'},{'D2'},{'D4'},&,1.0,&
{'D1'},{'R3'},{'R1'},{'D3'},{'D5'},{'R2'},{'R5'},{'R4'},{'D4'},{'D2'},&,1.0,&
{'D1'},{'R3'},{'R1'},{'R2'},{'R5'},{'R4'},{'D3'},{'D5'},{'D4'},{'D2'},&,1.0,&
{'D1'},{'R3'},{'R1'},{'R2'},{'R4'},{'R5'},{'D3'},{'D5'},{'D4'},{'D2'},&,1.0,&
{'R5'},{'D3'},{'D5'},{'D4'},{'D2'},{'D1'},{'R2'},{'R1'},{'R3'},{'R4'},&,3.0,&
{'R5'},{'D3'},{'D5'},{'D4'},{'D1'},{'D2'},{'R2'},{'R1'},{'R3'},{'R4'},&,1.0,&
{'R5'},{'D3'},{'D5'},{'D2'},{'D1'},{'D4'},{'R2'},{'R1'},{'R4'},{'R3'},&,1.0,&
{'R5'},{'D3'},{'D5'},{'D1'},{'D4'},{'D2'},{'R2'},{'R1'},{'R3'},{'R4'},&,1.0,&
{'R5'},{'D3'},{'D5'},{'D1'},{'D4'},{'D2'},{'R1'},{'R2'},{'R3'},{'R4'},&,1.0,&
{'R5'},{'D3'},{'D5'},{'R2'},{'D4'},{'D1'},{'D2'},{'R1'},{'R3'},{'R4'},&,1.0,&
{'R5'},{'D3'},{'D5'},{'R2'},{'D4'},{'D1'},{'D2'},{'R1'},{'R4'},{'R3'},&,1.0,&
{'R5'},{'D3'},{'D5'},{'R2'},{'D4'},{'D2'},{'R4'},{'D1'},{'R1'},{'R3'},&,1.0,&
{'R5'},{'D3'},{'D2'},{'D5'},{'D1'},{'D4'},{'R3'},{'R1'},{'R2'},{'R4'},&,1.0,&
{'R5'},{'D3'},{'D2'},{'D4'},{'D5'},{'D1'},{'R2'},{'R1'},{'R3'},{'R4'},&,1.0,&
{'R5'},{'D3'},{'D2'},{'R2'},{'D5'},{'D4'},{'R1'},{'D1'},{'R3'},{'R4'},&,1.0,&
{'R5'},{'D3'},{'D2'},{'R1'},{'D4'},{'D5'},{'R2'},{'D1'},{'R4'},{'R3'},&,1.0,&
{'R5'},{'D3'},{'D4'},{'D5'},{'D2'},{'D1'},{'R2'},{'R1'},{'R3'},{'R4'},&,1.0,&
{'R5'},{'D3'},{'D4'},{'D5'},{'D2'},{'D1'},{'R1'},{'R2'},{'R3'},{'R4'},&,1.0,&
{'R5'},{'D3'},{'D4'},{'D5'},{'D2'},{'R2'},{'D1'},{'R1'},{'R3'},{'R4'},&,1.0,&
{'R5'},{'D3'},{'D4'},{'D5'},{'D1'},{'D2'},{'R2'},{'R1'},{'R3'},{'R4'},&,2.0,&
{'R5'},{'D3'},{'D4'},{'D1'},{'D5'},{'D2'},{'R2'},{'R1'},{'R3'},{'R4'},&,2.0,&
{'R5'},{'D3'},{'D4'},{'R2'},{'D5'},{'R1'},{'D2'},{'D1'},{'R3'},{'R4'},&,1.0,&
{'R5'},{'D3'},{'R2'},{'R1'},{'D1'},{'D5'},{'D2'},{'R4'},{'D4'},{'R3'},&,1.0,&
{'R5'},{'D3'},{'R2'},{'R1'},{'D1'},{'R4'},{'R3'},{'D4'},{'D2'},{'D5'},&,1.0,&
{'R5'},{'D3'},{'R2'},{'R1'},{'R3'},{'R4'},{'D1'},{'D2'},{'D5'},{'D4'},&,1.0,&
{'R5'},{'D3'},{'R1'},{'D2'},{'D5'},{'D4'},{'D1'},{'R2'},{'R3'},{'R4'},&,1.0,&
{'R5'},{'D3'},{'R1'},{'R4'},{'R2'},{'D1'},{'R3'},{'D4'},{'D5'},{'D2'},&,1.0,&
{'R5'},{'D3'},{'R3'},{'D2'},{'R1'},{'R2'},{'R4'},{'D1'},{'D5'},{'D4'},&,1.0,&
{'R5'},{'D3'},{'R4'},{'R2'},{'R1'},{'R3'},{'D2'},{'D5'},{'D1'},{'D4'},&,1.0,&
{'R5'},{'D3'},{'R4'},{'R1'},{'R2'},{'R3'},{'D1'},{'D5'},{'D4'},{'D2'},&,1.0,&
{'R5'},{'D3'},{'R4'},{'R3'},{'D5'},{'R1'},{'R2'},{'D1'},{'D2'},{'D4'},&,1.0,&
{'R5'},{'D2'},{'D3'},{'D5'},{'D4'},{'D1'},{'R2'},{'R1'},{'R3'},{'R4'},&,1.0,&
{'R5'},{'D2'},{'D5'},{'D4'},{'D1'},{'D3'},{'R2'},{'R1'},{'R4'},{'R3'},&,1.0,&
{'R5'},{'D2'},{'R1'},{'D4'},{'D3'},{'D5'},{'D1'},{'R2'},{'R4'},{'R3'},&,1.0,&
{'R5'},{'D5'},{'D3'},{'D4'},{'D2'},{'D1'},{'R2'},{'R1'},{'R4'},{'R3'},&,1.0,&
{'R5'},{'D5'},{'D3'},{'D4'},{'D2'},{'D1'},{'R2'},{'R3'},{'R1'},{'R4'},&,1.0,&
{'R5'},{'D5'},{'D3'},{'D4'},{'D2'},{'D1'},{'R1'},{'R2'},{'R4'},{'R3'},&,1.0,&
{'R5'},{'D5'},{'D3'},{'D4'},{'D2'},{'R2'},{'D1'},{'R1'},{'R4'},{'R3'},&,1.0,&
{'R5'},{'D5'},{'D3'},{'D4'},{'D1'},{'D2'},{'R2'},{'R1'},{'R3'},{'R4'},&,1.0,&
{'R5'},{'D5'},{'D3'},{'D2'},{'D1'},{'D4'},{'R2'},{'R4'},{'R1'},{'R3'},&,1.0,&
{'R5'},{'D5'},{'D3'},{'D2'},{'D4'},{'D1'},{'R1'},{'R2'},{'R4'},{'R3'},&,1.0,&
{'R5'},{'D5'},{'D3'},{'D1'},{'D4'},{'D2'},{'R2'},{'R3'},{'R1'},{'R4'},&,1.0,&
{'R5'},{'D5'},{'D3'},{'D1'},{'D4'},{'D2'},{'R1'},{'R2'},{'R3'},{'R4'},&,1.0,&
{'R5'},{'D5'},{'D3'},{'R2'},{'R4'},{'R1'},{'D1'},{'R3'},{'D2'},{'D4'},&,1.0,&
{'R5'},{'D5'},{'D3'},{'R2'},{'R4'},{'R1'},{'R3'},{'D1'},{'D2'},{'D4'},&,1.0,&
{'R5'},{'D5'},{'D3'},{'R1'},{'D4'},{'D1'},{'R2'},{'D2'},{'R3'},{'R4'},&,1.0,&
{'R5'},{'D5'},{'D2'},{'D4'},{'D3'},{'R2'},{'R1'},{'D1'},{'R3'},{'R4'},&,1.0,&
{'R5'},{'D5'},{'D2'},{'D3'},{'D4'},{'D1'},{'R1'},{'R3'},{'R2'},{'R4'},&,1.0,&
{'R5'},{'D5'},{'D2'},{'D3'},{'R2'},{'R1'},{'D1'},{'D4'},{'R3'},{'R4'},&,1.0,&
{'R5'},{'D5'},{'D4'},{'D3'},{'D2'},{'D1'},{'R2'},{'R1'},{'R3'},{'R4'},&,1.0,&
{'R5'},{'D5'},{'D4'},{'D3'},{'D2'},{'D1'},{'R1'},{'R2'},{'R3'},{'R4'},&,1.0,&
{'R5'},{'D5'},{'D4'},{'D3'},{'D2'},{'D1'},{'R1'},{'R2'},{'R4'},{'R3'},&,1.0,&
{'R5'},{'D5'},{'D4'},{'D3'},{'D1'},{'D2'},{'R2'},{'R1'},{'R3'},{'R4'},&,1.0,&
{'R5'},{'D5'},{'D4'},{'D3'},{'D1'},{'D2'},{'R4'},{'R2'},{'R1'},{'R3'},&,1.0,&
{'R5'},{'D5'},{'D4'},{'D3'},{'R2'},{'R1'},{'D1'},{'D2'},{'R3'},{'R4'},&,1.0,&
{'R5'},{'D5'},{'D4'},{'D3'},{'R2'},{'D2'},{'R1'},{'D1'},{'R3'},{'R4'},&,1.0,&
{'R5'},{'D5'},{'D4'},{'D2'},{'R1'},{'R2'},{'D3'},{'R3'},{'D1'},{'R4'},&,1.0,&
{'R5'},{'D5'},{'D4'},{'D2'},{'D3'},{'D1'},{'R2'},{'R1'},{'R3'},{'R4'},&,1.0,&
{'R5'},{'D5'},{'D4'},{'R1'},{'D2'},{'R2'},{'D3'},{'D1'},{'R4'},{'R3'},&,1.0,&
{'R5'},{'D5'},{'R2'},{'D3'},{'D1'},{'D4'},{'D2'},{'R1'},{'R3'},{'R4'},&,1.0,&
{'R5'},{'D5'},{'R2'},{'D3'},{'R1'},{'D2'},{'D4'},{'D1'},{'R3'},{'R4'},&,1.0,&
{'R5'},{'D5'},{'R2'},{'R1'},{'R4'},{'R3'},{'D3'},{'D4'},{'D1'},{'D2'},&,1.0,&
{'R5'},{'D5'},{'R2'},{'R4'},{'R1'},{'R3'},{'D3'},{'D4'},{'D1'},{'D2'},&,1.0,&
{'R5'},{'D5'},{'R1'},{'R2'},{'D3'},{'R3'},{'R4'},{'D1'},{'D2'},{'D4'},&,1.0,&
{'R5'},{'D5'},{'R4'},{'R1'},{'R2'},{'R3'},{'D3'},{'D1'},{'D2'},{'D4'},&,1.0,&
{'R5'},{'D4'},{'D3'},{'D5'},{'D2'},{'D1'},{'R1'},{'R2'},{'R3'},{'R4'},&,1.0,&
{'R5'},{'D4'},{'D3'},{'D5'},{'D2'},{'R2'},{'R1'},{'D1'},{'R3'},{'R4'},&,1.0,&
{'R5'},{'D4'},{'D3'},{'D5'},{'R3'},{'D2'},{'D1'},{'R1'},{'R2'},{'R4'},&,1.0,&
{'R5'},{'D4'},{'D3'},{'R1'},{'R2'},{'D5'},{'D2'},{'D1'},{'R3'},{'R4'},&,1.0,&
{'R5'},{'D4'},{'D1'},{'D5'},{'D2'},{'D3'},{'R1'},{'R2'},{'R3'},{'R4'},&,1.0,&
{'R5'},{'D4'},{'D1'},{'D3'},{'D5'},{'D2'},{'R1'},{'R2'},{'R3'},{'R4'},&,1.0,&
{'R5'},{'D4'},{'D5'},{'D3'},{'D2'},{'D1'},{'R2'},{'R1'},{'R4'},{'R3'},&,1.0,&
{'R5'},{'D4'},{'D5'},{'D3'},{'D2'},{'D1'},{'R2'},{'R3'},{'R1'},{'R4'},&,1.0,&
{'R5'},{'D4'},{'D5'},{'D3'},{'D2'},{'D1'},{'R1'},{'R2'},{'R3'},{'R4'},&,1.0,&
{'R5'},{'D4'},{'D5'},{'D3'},{'D2'},{'R2'},{'D1'},{'R1'},{'R3'},{'R4'},&,1.0,&
{'R5'},{'D4'},{'D5'},{'D3'},{'D1'},{'D2'},{'R2'},{'R1'},{'R4'},{'R3'},&,1.0,&
{'R5'},{'D4'},{'D5'},{'D2'},{'D3'},{'D1'},{'R2'},{'R1'},{'R4'},{'R3'},&,1.0,&
{'R5'},{'D4'},{'D5'},{'R2'},{'D2'},{'D1'},{'D3'},{'R1'},{'R4'},{'R3'},&,1.0,&
{'R5'},{'D4'},{'D5'},{'R2'},{'D3'},{'R1'},{'D1'},{'D2'},{'R3'},{'R4'},&,1.0,&
{'R5'},{'D4'},{'D5'},{'R2'},{'D3'},{'R1'},{'R4'},{'D2'},{'R3'},{'D1'},&,1.0,&
{'R5'},{'D4'},{'R2'},{'D5'},{'D2'},{'D3'},{'D1'},{'R1'},{'R4'},{'R3'},&,1.0,&
{'R5'},{'D4'},{'R2'},{'D3'},{'D2'},{'D5'},{'D1'},{'R1'},{'R3'},{'R4'},&,1.0,&
{'R5'},{'D4'},{'R2'},{'D1'},{'R3'},{'R1'},{'D5'},{'D3'},{'D2'},{'R4'},&,1.0,&
{'R5'},{'D4'},{'R1'},{'D3'},{'D5'},{'D2'},{'R2'},{'R4'},{'D1'},{'R3'},&,1.0,&
{'R5'},{'R1'},{'D3'},{'R2'},{'D1'},{'D5'},{'R3'},{'R4'},{'D4'},{'D2'},&,1.0,&
{'R5'},{'R1'},{'D3'},{'R2'},{'D4'},{'R3'},{'R4'},{'D1'},{'D5'},{'D2'},&,1.0,&
{'R5'},{'R1'},{'D3'},{'R2'},{'R3'},{'R4'},{'D4'},{'D5'},{'D2'},{'D1'},&,1.0,&
{'R5'},{'R1'},{'D1'},{'D3'},{'R2'},{'D5'},{'R4'},{'R3'},{'D2'},{'D4'},&,1.0,&
{'R5'},{'R1'},{'D1'},{'R2'},{'R3'},{'R4'},{'D5'},{'D3'},{'D2'},{'D4'},&,1.0,&
{'R5'},{'R1'},{'D1'},{'R2'},{'R4'},{'D3'},{'R3'},{'D2'},{'D5'},{'D4'},&,1.0,&
{'R5'},{'R1'},{'D1'},{'R2'},{'R4'},{'D3'},{'R3'},{'D5'},{'D2'},{'D4'},&,1.0,&
{'R5'},{'R1'},{'D1'},{'R2'},{'R4'},{'R3'},{'D4'},{'D5'},{'D2'},{'D3'},&,1.0,&
{'R5'},{'R1'},{'D1'},{'R3'},{'R4'},{'R2'},{'D3'},{'D4'},{'D5'},{'D2'},&,1.0,&
{'R5'},{'R1'},{'D5'},{'D2'},{'D3'},{'R2'},{'D4'},{'R3'},{'D1'},{'R4'},&,1.0,&
{'R5'},{'R1'},{'D2'},{'D5'},{'D3'},{'D4'},{'D1'},{'R2'},{'R3'},{'R4'},&,1.0,&
{'R5'},{'R1'},{'D2'},{'D4'},{'D5'},{'D3'},{'D1'},{'R2'},{'R4'},{'R3'},&,1.0,&
{'R5'},{'R1'},{'D4'},{'D1'},{'R2'},{'R4'},{'R3'},{'D5'},{'D3'},{'D2'},&,1.0,&
{'R5'},{'R1'},{'D4'},{'R2'},{'D5'},{'R4'},{'R3'},{'D1'},{'D3'},{'D2'},&,1.0,&
{'R5'},{'R1'},{'R2'},{'D3'},{'R3'},{'R4'},{'D5'},{'D4'},{'D1'},{'D2'},&,1.0,&
{'R5'},{'R1'},{'R2'},{'D3'},{'R4'},{'D5'},{'R3'},{'D1'},{'D4'},{'D2'},&,1.0,&
{'R5'},{'R1'},{'R2'},{'D3'},{'R4'},{'R3'},{'D1'},{'D5'},{'D4'},{'D2'},&,1.0,&
{'R5'},{'R1'},{'R2'},{'D1'},{'R4'},{'R3'},{'D3'},{'D5'},{'D2'},{'D4'},&,1.0,&
{'R5'},{'R1'},{'R2'},{'R3'},{'D1'},{'R4'},{'D3'},{'D5'},{'D2'},{'D4'},&,1.0,&
{'R5'},{'R1'},{'R2'},{'R3'},{'D3'},{'R4'},{'D4'},{'D1'},{'D5'},{'D2'},&,1.0,&
{'R5'},{'R1'},{'R2'},{'R3'},{'R4'},{'D1'},{'D3'},{'D2'},{'D5'},{'D4'},&,1.0,&
{'R5'},{'R1'},{'R2'},{'R3'},{'R4'},{'D1'},{'D3'},{'D5'},{'D2'},{'D4'},&,2.0,&
{'R5'},{'R1'},{'R2'},{'R3'},{'R4'},{'D1'},{'D3'},{'D5'},{'D4'},{'D2'},&,1.0,&
{'R5'},{'R1'},{'R2'},{'R3'},{'R4'},{'D3'},{'D1'},{'D2'},{'D5'},{'D4'},&,1.0,&
{'R5'},{'R1'},{'R2'},{'R3'},{'R4'},{'D3'},{'D1'},{'D5'},{'D2'},{'D4'},&,3.0,&
{'R5'},{'R1'},{'R2'},{'R3'},{'R4'},{'D3'},{'D1'},{'D4'},{'D5'},{'D2'},&,1.0,&
{'R5'},{'R1'},{'R2'},{'R3'},{'R4'},{'D3'},{'D5'},{'D1'},{'D2'},{'D4'},&,1.0,&
{'R5'},{'R1'},{'R2'},{'R3'},{'R4'},{'D3'},{'D5'},{'D1'},{'D4'},{'D2'},&,1.0,&
{'R5'},{'R1'},{'R2'},{'R4'},{'D5'},{'D1'},{'D3'},{'D4'},{'D2'},{'R3'},&,1.0,&
{'R5'},{'R1'},{'R2'},{'R4'},{'D5'},{'R3'},{'D4'},{'D3'},{'D1'},{'D2'},&,1.0,&
{'R5'},{'R1'},{'R2'},{'R4'},{'D3'},{'D5'},{'D1'},{'R3'},{'D2'},{'D4'},&,1.0,&
{'R5'},{'R1'},{'R2'},{'R4'},{'D3'},{'R3'},{'D2'},{'D5'},{'D1'},{'D4'},&,1.0,&
{'R5'},{'R1'},{'R2'},{'R4'},{'D3'},{'R3'},{'D1'},{'D4'},{'D5'},{'D2'},&,1.0,&
{'R5'},{'R1'},{'R2'},{'R4'},{'D3'},{'R3'},{'D5'},{'D2'},{'D1'},{'D4'},&,1.0,&
{'R5'},{'R1'},{'R2'},{'R4'},{'D3'},{'R3'},{'D5'},{'D1'},{'D2'},{'D4'},&,1.0,&
{'R5'},{'R1'},{'R2'},{'R4'},{'R3'},{'D1'},{'D3'},{'D2'},{'D5'},{'D4'},&,1.0,&
{'R5'},{'R1'},{'R2'},{'R4'},{'R3'},{'D1'},{'D3'},{'D5'},{'D2'},{'D4'},&,2.0,&
{'R5'},{'R1'},{'R2'},{'R4'},{'R3'},{'D1'},{'D3'},{'D4'},{'D5'},{'D2'},&,1.0,&
{'R5'},{'R1'},{'R2'},{'R4'},{'R3'},{'D1'},{'D4'},{'D3'},{'D5'},{'D2'},&,1.0,&
{'R5'},{'R1'},{'R2'},{'R4'},{'R3'},{'D3'},{'D2'},{'D1'},{'D5'},{'D4'},&,1.0,&
{'R5'},{'R1'},{'R2'},{'R4'},{'R3'},{'D3'},{'D1'},{'D5'},{'D2'},{'D4'},&,2.0,&
{'R5'},{'R1'},{'R2'},{'R4'},{'R3'},{'D3'},{'D1'},{'D5'},{'D4'},{'D2'},&,1.0,&
{'R5'},{'R1'},{'R2'},{'R4'},{'R3'},{'D3'},{'D1'},{'D4'},{'D5'},{'D2'},&,1.0,&
{'R5'},{'R1'},{'R2'},{'R4'},{'R3'},{'D3'},{'D5'},{'D1'},{'D4'},{'D2'},&,1.0,&
{'R5'},{'R1'},{'R2'},{'R4'},{'R3'},{'D3'},{'D5'},{'D4'},{'D2'},{'D1'},&,1.0,&
{'R5'},{'R1'},{'R2'},{'R4'},{'R3'},{'D2'},{'D3'},{'D5'},{'D1'},{'D4'},&,1.0,&
{'R5'},{'R1'},{'R2'},{'R4'},{'R3'},{'D2'},{'D5'},{'D3'},{'D1'},{'D4'},&,1.0,&
{'R5'},{'R1'},{'R3'},{'D3'},{'R2'},{'R4'},{'D5'},{'D1'},{'D4'},{'D2'},&,1.0,&
{'R5'},{'R1'},{'R3'},{'R2'},{'R4'},{'D1'},{'D2'},{'D3'},{'D4'},{'D5'},&,1.0,&
{'R5'},{'R1'},{'R3'},{'R2'},{'R4'},{'D3'},{'D1'},{'D4'},{'D2'},{'D5'},&,1.0,&
{'R5'},{'R1'},{'R3'},{'R4'},{'R2'},{'D5'},{'D4'},{'D3'},{'D1'},{'D2'},&,1.0,&
{'R5'},{'R1'},{'R4'},{'D3'},{'D1'},{'R2'},{'R3'},{'D2'},{'D4'},{'D5'},&,1.0,&
{'R5'},{'R1'},{'R4'},{'D1'},{'D3'},{'R2'},{'R3'},{'D5'},{'D2'},{'D4'},&,1.0,&
{'R5'},{'R1'},{'R4'},{'R2'},{'R3'},{'D1'},{'D2'},{'D3'},{'D5'},{'D4'},&,1.0,&
{'R5'},{'R1'},{'R4'},{'R2'},{'R3'},{'D1'},{'D3'},{'D2'},{'D5'},{'D4'},&,1.0,&
{'R5'},{'R1'},{'R4'},{'R2'},{'R3'},{'D1'},{'D3'},{'D5'},{'D4'},{'D2'},&,1.0,&
{'R5'},{'R1'},{'R4'},{'R2'},{'R3'},{'D5'},{'D1'},{'D3'},{'D4'},{'D2'},&,1.0,&
{'R5'},{'R1'},{'R4'},{'R2'},{'R3'},{'D3'},{'D2'},{'D1'},{'D5'},{'D4'},&,1.0,&
{'R5'},{'R1'},{'R4'},{'R2'},{'R3'},{'D3'},{'D2'},{'D1'},{'D4'},{'D5'},&,1.0,&
{'R5'},{'R1'},{'R4'},{'R2'},{'R3'},{'D3'},{'D1'},{'D2'},{'D5'},{'D4'},&,2.0,&
{'R5'},{'R1'},{'R4'},{'R2'},{'R3'},{'D3'},{'D5'},{'D1'},{'D4'},{'D2'},&,1.0,&
{'R5'},{'R1'},{'R4'},{'R3'},{'R2'},{'D1'},{'D4'},{'D3'},{'D5'},{'D2'},&,1.0,&
{'R5'},{'R1'},{'R4'},{'R3'},{'R2'},{'D3'},{'D1'},{'D5'},{'D4'},{'D2'},&,1.0,&
{'R5'},{'R2'},{'D3'},{'D4'},{'D1'},{'D5'},{'D2'},{'R1'},{'R3'},{'R4'},&,1.0,&
{'R5'},{'R2'},{'D3'},{'D4'},{'D5'},{'D1'},{'D2'},{'R1'},{'R4'},{'R3'},&,1.0,&
{'R5'},{'R2'},{'D3'},{'D4'},{'D5'},{'D2'},{'D1'},{'R1'},{'R3'},{'R4'},&,1.0,&
{'R5'},{'R2'},{'D3'},{'D1'},{'R1'},{'R4'},{'R3'},{'D2'},{'D4'},{'D5'},&,1.0,&
{'R5'},{'R2'},{'D3'},{'R1'},{'R4'},{'R3'},{'D1'},{'D4'},{'D2'},{'D5'},&,1.0,&
{'R5'},{'R2'},{'D1'},{'D3'},{'R4'},{'R1'},{'R3'},{'D5'},{'D2'},{'D4'},&,1.0,&
{'R5'},{'R2'},{'D1'},{'R1'},{'D2'},{'D3'},{'R3'},{'D5'},{'R4'},{'D4'},&,1.0,&
{'R5'},{'R2'},{'D1'},{'R1'},{'R4'},{'D5'},{'R3'},{'D4'},{'D3'},{'D2'},&,1.0,&
{'R5'},{'R2'},{'D1'},{'R4'},{'R1'},{'D5'},{'R3'},{'D3'},{'D4'},{'D2'},&,1.0,&
{'R5'},{'R2'},{'D1'},{'R4'},{'R1'},{'R3'},{'D4'},{'D5'},{'D3'},{'D2'},&,1.0,&
{'R5'},{'R2'},{'D1'},{'R4'},{'D5'},{'D3'},{'R1'},{'R3'},{'D4'},{'D2'},&,1.0,&
{'R5'},{'R2'},{'D1'},{'R4'},{'D5'},{'D3'},{'D2'},{'R3'},{'R1'},{'D4'},&,1.0,&
{'R5'},{'R2'},{'D1'},{'R4'},{'R3'},{'R1'},{'D5'},{'D4'},{'D2'},{'D3'},&,1.0,&
{'R5'},{'R2'},{'D5'},{'D4'},{'D3'},{'D2'},{'D1'},{'R3'},{'R1'},{'R4'},&,1.0,&
{'R5'},{'R2'},{'D5'},{'R1'},{'D3'},{'R3'},{'D2'},{'D4'},{'D1'},{'R4'},&,1.0,&
{'R5'},{'R2'},{'D5'},{'R1'},{'R4'},{'R3'},{'D3'},{'D1'},{'D4'},{'D2'},&,1.0,&
{'R5'},{'R2'},{'D2'},{'R1'},{'R4'},{'R3'},{'D3'},{'D1'},{'D5'},{'D4'},&,1.0,&
{'R5'},{'R2'},{'R1'},{'D5'},{'D1'},{'R4'},{'R3'},{'D3'},{'D4'},{'D2'},&,1.0,&
{'R5'},{'R2'},{'R1'},{'D3'},{'R4'},{'R3'},{'D1'},{'D5'},{'D2'},{'D4'},&,1.0,&
{'R5'},{'R2'},{'R1'},{'D1'},{'D3'},{'R4'},{'R3'},{'D5'},{'D4'},{'D2'},&,1.0,&
{'R5'},{'R2'},{'R1'},{'R3'},{'D1'},{'R4'},{'D3'},{'D5'},{'D2'},{'D4'},&,1.0,&
{'R5'},{'R2'},{'R1'},{'R3'},{'D4'},{'D1'},{'R4'},{'D5'},{'D3'},{'D2'},&,1.0,&
{'R5'},{'R2'},{'R1'},{'R3'},{'D5'},{'R4'},{'D4'},{'D3'},{'D1'},{'D2'},&,1.0,&
{'R5'},{'R2'},{'R1'},{'R3'},{'R4'},{'D1'},{'D2'},{'D5'},{'D3'},{'D4'},&,1.0,&
{'R5'},{'R2'},{'R1'},{'R3'},{'R4'},{'D1'},{'D3'},{'D2'},{'D5'},{'D4'},&,1.0,&
{'R5'},{'R2'},{'R1'},{'R3'},{'R4'},{'D1'},{'D3'},{'D2'},{'D4'},{'D5'},&,1.0,&
{'R5'},{'R2'},{'R1'},{'R3'},{'R4'},{'D1'},{'D3'},{'D5'},{'D2'},{'D4'},&,1.0,&
{'R5'},{'R2'},{'R1'},{'R3'},{'R4'},{'D1'},{'D3'},{'D5'},{'D4'},{'D2'},&,1.0,&
{'R5'},{'R2'},{'R1'},{'R3'},{'R4'},{'D1'},{'D3'},{'D4'},{'D5'},{'D2'},&,2.0,&
{'R5'},{'R2'},{'R1'},{'R3'},{'R4'},{'D1'},{'D5'},{'D3'},{'D4'},{'D2'},&,1.0,&
{'R5'},{'R2'},{'R1'},{'R3'},{'R4'},{'D5'},{'D3'},{'D1'},{'D4'},{'D2'},&,1.0,&
{'R5'},{'R2'},{'R1'},{'R3'},{'R4'},{'D3'},{'D1'},{'D2'},{'D5'},{'D4'},&,1.0,&
{'R5'},{'R2'},{'R1'},{'R3'},{'R4'},{'D3'},{'D1'},{'D5'},{'D2'},{'D4'},&,2.0,&
{'R5'},{'R2'},{'R1'},{'R3'},{'R4'},{'D3'},{'D1'},{'D5'},{'D4'},{'D2'},&,2.0,&
{'R5'},{'R2'},{'R1'},{'R3'},{'R4'},{'D4'},{'D2'},{'D3'},{'D1'},{'D5'},&,1.0,&
{'R5'},{'R2'},{'R1'},{'R4'},{'D1'},{'R3'},{'D3'},{'D5'},{'D2'},{'D4'},&,1.0,&
{'R5'},{'R2'},{'R1'},{'R4'},{'D1'},{'R3'},{'D3'},{'D5'},{'D4'},{'D2'},&,1.0,&
{'R5'},{'R2'},{'R1'},{'R4'},{'D3'},{'R3'},{'D1'},{'D4'},{'D2'},{'D5'},&,1.0,&
{'R5'},{'R2'},{'R1'},{'R4'},{'D3'},{'R3'},{'D4'},{'D1'},{'D5'},{'D2'},&,1.0,&
{'R5'},{'R2'},{'R1'},{'R4'},{'D3'},{'R3'},{'D5'},{'D1'},{'D2'},{'D4'},&,1.0,&
{'R5'},{'R2'},{'R1'},{'R4'},{'R3'},{'D1'},{'D3'},{'D5'},{'D2'},{'D4'},&,1.0,&
{'R5'},{'R2'},{'R1'},{'R4'},{'R3'},{'D1'},{'D3'},{'D4'},{'D5'},{'D2'},&,1.0,&
{'R5'},{'R2'},{'R1'},{'R4'},{'R3'},{'D1'},{'D4'},{'D3'},{'D5'},{'D2'},&,1.0,&
{'R5'},{'R2'},{'R1'},{'R4'},{'R3'},{'D1'},{'D5'},{'D3'},{'D2'},{'D4'},&,1.0,&
{'R5'},{'R2'},{'R1'},{'R4'},{'R3'},{'D1'},{'D5'},{'D3'},{'D4'},{'D2'},&,1.0,&
{'R5'},{'R2'},{'R1'},{'R4'},{'R3'},{'D1'},{'D5'},{'D4'},{'D3'},{'D2'},&,1.0,&
{'R5'},{'R2'},{'R1'},{'R4'},{'R3'},{'D5'},{'D2'},{'D3'},{'D4'},{'D1'},&,1.0,&
{'R5'},{'R2'},{'R1'},{'R4'},{'R3'},{'D5'},{'D3'},{'D1'},{'D4'},{'D2'},&,3.0,&
{'R5'},{'R2'},{'R1'},{'R4'},{'R3'},{'D5'},{'D1'},{'D3'},{'D2'},{'D4'},&,2.0,&
{'R5'},{'R2'},{'R1'},{'R4'},{'R3'},{'D3'},{'D2'},{'D1'},{'D5'},{'D4'},&,2.0,&
{'R5'},{'R2'},{'R1'},{'R4'},{'R3'},{'D3'},{'D1'},{'D2'},{'D5'},{'D4'},&,2.0,&
{'R5'},{'R2'},{'R1'},{'R4'},{'R3'},{'D3'},{'D1'},{'D2'},{'D4'},{'D5'},&,2.0,&
{'R5'},{'R2'},{'R1'},{'R4'},{'R3'},{'D3'},{'D1'},{'D5'},{'D4'},{'D2'},&,3.0,&
{'R5'},{'R2'},{'R1'},{'R4'},{'R3'},{'D3'},{'D1'},{'D4'},{'D5'},{'D2'},&,1.0,&
{'R5'},{'R2'},{'R1'},{'R4'},{'R3'},{'D2'},{'D1'},{'D5'},{'D3'},{'D4'},&,1.0,&
{'R5'},{'R2'},{'R1'},{'R4'},{'R3'},{'D4'},{'D3'},{'D5'},{'D1'},{'D2'},&,1.0,&
{'R5'},{'R2'},{'R1'},{'R4'},{'R3'},{'D4'},{'D1'},{'D5'},{'D3'},{'D2'},&,1.0,&
{'R5'},{'R2'},{'R1'},{'R4'},{'R3'},{'D4'},{'D1'},{'D3'},{'D2'},{'D5'},&,1.0,&
{'R5'},{'R2'},{'R4'},{'D1'},{'D3'},{'R1'},{'R3'},{'D5'},{'D4'},{'D2'},&,1.0,&
{'R5'},{'R2'},{'R4'},{'R1'},{'D1'},{'R3'},{'D3'},{'D5'},{'D2'},{'D4'},&,1.0,&
{'R5'},{'R2'},{'R4'},{'R1'},{'R3'},{'D1'},{'D3'},{'D5'},{'D4'},{'D2'},&,1.0,&
{'R5'},{'R2'},{'R4'},{'R1'},{'R3'},{'D1'},{'D5'},{'D3'},{'D2'},{'D4'},&,1.0,&
{'R5'},{'R2'},{'R4'},{'R1'},{'R3'},{'D1'},{'D5'},{'D3'},{'D4'},{'D2'},&,1.0,&
{'R5'},{'R2'},{'R4'},{'R1'},{'R3'},{'D3'},{'D1'},{'D5'},{'D2'},{'D4'},&,2.0,&
{'R5'},{'R2'},{'R4'},{'R1'},{'R3'},{'D3'},{'D1'},{'D5'},{'D4'},{'D2'},&,1.0,&
{'R5'},{'R2'},{'R4'},{'R1'},{'R3'},{'D3'},{'D5'},{'D4'},{'D1'},{'D2'},&,1.0,&
{'R5'},{'D1'},{'D3'},{'D2'},{'D5'},{'R2'},{'R1'},{'D4'},{'R3'},{'R4'},&,1.0,&
{'R5'},{'D1'},{'D5'},{'D4'},{'D2'},{'D3'},{'R2'},{'R1'},{'R3'},{'R4'},&,1.0,&
{'R5'},{'D1'},{'D5'},{'D4'},{'D3'},{'D2'},{'R1'},{'R2'},{'R3'},{'R4'},&,1.0,&
{'R5'},{'D1'},{'D5'},{'D3'},{'D4'},{'D2'},{'R1'},{'R2'},{'R3'},{'R4'},&,1.0,&
{'R5'},{'D1'},{'D2'},{'R1'},{'R2'},{'R4'},{'R3'},{'D5'},{'D3'},{'D4'},&,1.0,&
{'R5'},{'D1'},{'R2'},{'D3'},{'R1'},{'R4'},{'R3'},{'D5'},{'D4'},{'D2'},&,1.0,&
{'R5'},{'D1'},{'R2'},{'D3'},{'D4'},{'R1'},{'D2'},{'D5'},{'R3'},{'R4'},&,1.0,&
{'R5'},{'D1'},{'R2'},{'R1'},{'D3'},{'R4'},{'R3'},{'D5'},{'D4'},{'D2'},&,1.0,&
{'R5'},{'D1'},{'R2'},{'R1'},{'R3'},{'R4'},{'D3'},{'D5'},{'D4'},{'D2'},&,1.0,&
{'R5'},{'D1'},{'R2'},{'R4'},{'R1'},{'R3'},{'D5'},{'D3'},{'D2'},{'D4'},&,1.0,&
{'R5'},{'D1'},{'R1'},{'D5'},{'R2'},{'R4'},{'R3'},{'D3'},{'D4'},{'D2'},&,1.0,&
{'R5'},{'D1'},{'R1'},{'R2'},{'D2'},{'D5'},{'R4'},{'D3'},{'R3'},{'D4'},&,1.0,&
{'R5'},{'D1'},{'R1'},{'R2'},{'R3'},{'R4'},{'D2'},{'D3'},{'D5'},{'D4'},&,1.0,&
{'R5'},{'D1'},{'R1'},{'R2'},{'R3'},{'R4'},{'D3'},{'D4'},{'D5'},{'D2'},&,1.0,&
{'R5'},{'D1'},{'R1'},{'R2'},{'R4'},{'R3'},{'D3'},{'D4'},{'D5'},{'D2'},&,1.0,&
{'R5'},{'D1'},{'R1'},{'R2'},{'R4'},{'R3'},{'D5'},{'D3'},{'D4'},{'D2'},&,1.0,&
{'R5'},{'D1'},{'R1'},{'R3'},{'R4'},{'R2'},{'D3'},{'D2'},{'D5'},{'D4'},&,1.0,&
{'R5'},{'D1'},{'R1'},{'R4'},{'R2'},{'R3'},{'D3'},{'D5'},{'D4'},{'D2'},&,1.0,&
{'R5'},{'D1'},{'R4'},{'D5'},{'R1'},{'R2'},{'R3'},{'D3'},{'D2'},{'D4'},&,1.0,&
{'R5'},{'D1'},{'R4'},{'R2'},{'D3'},{'R1'},{'D4'},{'R3'},{'D2'},{'D5'},&,1.0,&
{'R5'},{'D1'},{'R4'},{'R1'},{'R2'},{'R3'},{'D5'},{'D3'},{'D4'},{'D2'},&,1.0,&
{'R5'},{'R4'},{'D3'},{'R2'},{'R1'},{'R3'},{'D5'},{'D1'},{'D2'},{'D4'},&,1.0,&
{'R5'},{'R4'},{'D3'},{'R1'},{'R2'},{'D5'},{'R3'},{'D4'},{'D1'},{'D2'},&,1.0,&
{'R5'},{'R4'},{'D1'},{'D3'},{'R1'},{'R2'},{'R3'},{'D5'},{'D4'},{'D2'},&,1.0,&
{'R5'},{'R4'},{'D1'},{'R2'},{'R3'},{'R1'},{'D5'},{'D3'},{'D4'},{'D2'},&,1.0,&
{'R5'},{'R4'},{'D5'},{'R1'},{'R2'},{'R3'},{'D3'},{'D1'},{'D2'},{'D4'},&,1.0,&
{'R5'},{'R4'},{'D2'},{'R2'},{'R1'},{'R3'},{'D5'},{'D1'},{'D3'},{'D4'},&,1.0,&
{'R5'},{'R4'},{'D2'},{'R1'},{'R2'},{'R3'},{'D5'},{'D3'},{'D1'},{'D4'},&,1.0,&
{'R5'},{'R4'},{'R2'},{'D1'},{'R1'},{'R3'},{'D3'},{'D5'},{'D2'},{'D4'},&,1.0,&
{'R5'},{'R4'},{'R2'},{'R1'},{'R3'},{'D1'},{'D3'},{'D2'},{'D5'},{'D4'},&,2.0,&
{'R5'},{'R4'},{'R2'},{'R1'},{'R3'},{'D1'},{'D3'},{'D4'},{'D5'},{'D2'},&,2.0,&
{'R5'},{'R4'},{'R2'},{'R1'},{'R3'},{'D5'},{'D4'},{'D3'},{'D1'},{'D2'},&,1.0,&
{'R5'},{'R4'},{'R2'},{'R1'},{'R3'},{'D3'},{'D2'},{'D1'},{'D5'},{'D4'},&,1.0,&
{'R5'},{'R4'},{'R2'},{'R1'},{'R3'},{'D3'},{'D1'},{'D2'},{'D5'},{'D4'},&,1.0,&
{'R5'},{'R4'},{'R2'},{'R1'},{'R3'},{'D3'},{'D1'},{'D5'},{'D4'},{'D2'},&,1.0,&
{'R5'},{'R4'},{'R2'},{'R1'},{'R3'},{'D3'},{'D5'},{'D4'},{'D1'},{'D2'},&,1.0,&
{'R5'},{'R4'},{'R2'},{'R3'},{'R1'},{'D1'},{'D5'},{'D3'},{'D2'},{'D4'},&,1.0,&
{'R5'},{'R4'},{'R1'},{'D3'},{'D5'},{'D1'},{'D2'},{'R2'},{'R3'},{'D4'},&,1.0,&
{'R5'},{'R4'},{'R1'},{'D3'},{'R2'},{'R3'},{'D2'},{'D1'},{'D4'},{'D5'},&,1.0,&
{'R5'},{'R4'},{'R1'},{'D3'},{'R2'},{'R3'},{'D1'},{'D5'},{'D2'},{'D4'},&,1.0,&
{'R5'},{'R4'},{'R1'},{'R2'},{'D1'},{'R3'},{'D3'},{'D5'},{'D4'},{'D2'},&,1.0,&
{'R5'},{'R4'},{'R1'},{'R2'},{'D3'},{'R3'},{'D5'},{'D1'},{'D4'},{'D2'},&,1.0,&
{'R5'},{'R4'},{'R1'},{'R2'},{'R3'},{'D1'},{'D3'},{'D2'},{'D5'},{'D4'},&,1.0,&
{'R5'},{'R4'},{'R1'},{'R2'},{'R3'},{'D3'},{'D1'},{'D5'},{'D4'},{'D2'},&,1.0,&
{'R5'},{'R3'},{'D5'},{'D3'},{'R4'},{'R2'},{'R1'},{'D1'},{'D4'},{'D2'},&,1.0,&
{'R5'},{'R3'},{'D4'},{'R1'},{'D3'},{'R2'},{'R4'},{'D2'},{'D5'},{'D1'},&,1.0,&
{'R5'},{'R3'},{'R2'},{'R1'},{'R4'},{'D1'},{'D3'},{'D2'},{'D5'},{'D4'},&,1.0,&
{'R5'},{'R3'},{'R1'},{'D3'},{'D5'},{'D2'},{'R2'},{'D4'},{'D1'},{'R4'},&,1.0,&
{'R5'},{'R3'},{'R1'},{'D1'},{'R2'},{'R4'},{'D3'},{'D5'},{'D2'},{'D4'},&,1.0,&
{'R5'},{'R3'},{'R1'},{'R2'},{'D4'},{'R4'},{'D3'},{'D1'},{'D5'},{'D2'},&,1.0,&
{'R5'},{'R3'},{'R1'},{'R4'},{'R2'},{'D3'},{'D1'},{'D2'},{'D4'},{'D5'},&,1.0,&
{'R5'},{'R3'},{'R4'},{'R1'},{'R2'},{'D3'},{'D5'},{'D1'},{'D4'},{'D2'},&,1.0,&
{'R4'},{'R5'},{'D3'},{'R2'},{'R1'},{'D1'},{'R3'},{'D5'},{'D4'},{'D2'},&,1.0,&
{'R4'},{'R5'},{'D1'},{'D2'},{'R2'},{'R1'},{'R3'},{'D3'},{'D5'},{'D4'},&,1.0,&
{'R4'},{'R5'},{'D1'},{'R2'},{'R1'},{'R3'},{'D5'},{'D3'},{'D4'},{'D2'},&,1.0,&
{'R4'},{'R5'},{'D1'},{'R2'},{'R1'},{'R3'},{'D5'},{'D4'},{'D3'},{'D2'},&,1.0,&
{'R4'},{'R5'},{'D1'},{'R1'},{'D3'},{'R2'},{'R3'},{'D5'},{'D4'},{'D2'},&,1.0,&
{'R4'},{'R5'},{'D1'},{'R1'},{'R2'},{'D2'},{'R3'},{'D3'},{'D5'},{'D4'},&,1.0,&
{'R4'},{'R5'},{'D5'},{'R2'},{'R1'},{'R3'},{'D1'},{'D3'},{'D2'},{'D4'},&,1.0,&
{'R4'},{'R5'},{'R2'},{'D3'},{'R1'},{'R3'},{'D1'},{'D2'},{'D5'},{'D4'},&,1.0,&
{'R4'},{'R5'},{'R2'},{'R1'},{'D1'},{'R3'},{'D5'},{'D3'},{'D4'},{'D2'},&,1.0,&
{'R4'},{'R5'},{'R2'},{'R1'},{'D3'},{'R3'},{'D1'},{'D5'},{'D2'},{'D4'},&,1.0,&
{'R4'},{'R5'},{'R2'},{'R1'},{'R3'},{'D1'},{'D2'},{'D5'},{'D4'},{'D3'},&,1.0,&
{'R4'},{'R5'},{'R2'},{'R1'},{'R3'},{'D1'},{'D3'},{'D2'},{'D4'},{'D5'},&,1.0,&
{'R4'},{'R5'},{'R2'},{'R1'},{'R3'},{'D1'},{'D3'},{'D4'},{'D5'},{'D2'},&,1.0,&
{'R4'},{'R5'},{'R2'},{'R1'},{'R3'},{'D3'},{'D1'},{'D5'},{'D2'},{'D4'},&,1.0,&
{'R4'},{'R5'},{'R2'},{'R1'},{'R3'},{'D3'},{'D1'},{'D4'},{'D5'},{'D2'},&,1.0,&
{'R4'},{'R5'},{'R2'},{'R3'},{'R1'},{'D3'},{'D2'},{'D4'},{'D1'},{'D5'},&,1.0,&
{'R4'},{'R5'},{'R1'},{'D5'},{'R2'},{'R3'},{'D1'},{'D3'},{'D2'},{'D4'},&,1.0,&
{'R4'},{'R5'},{'R1'},{'D3'},{'R2'},{'R3'},{'D1'},{'D5'},{'D4'},{'D2'},&,1.0,&
{'R4'},{'R5'},{'R1'},{'D1'},{'D4'},{'D5'},{'D2'},{'D3'},{'R2'},{'R3'},&,1.0,&
{'R4'},{'R5'},{'R1'},{'D1'},{'D3'},{'D4'},{'D5'},{'R2'},{'R3'},{'D2'},&,1.0,&
{'R4'},{'R5'},{'R1'},{'R2'},{'R3'},{'D1'},{'D3'},{'D2'},{'D5'},{'D4'},&,1.0,&
{'R4'},{'R5'},{'R1'},{'R2'},{'R3'},{'D3'},{'D5'},{'D1'},{'D2'},{'D4'},&,2.0,&
{'R4'},{'R5'},{'R1'},{'R2'},{'R3'},{'D3'},{'D5'},{'D1'},{'D4'},{'D2'},&,1.0,&
{'R4'},{'R5'},{'R3'},{'R1'},{'D4'},{'R2'},{'D1'},{'D3'},{'D2'},{'D5'},&,1.0,&
{'R4'},{'D3'},{'D1'},{'R2'},{'R3'},{'D5'},{'R1'},{'D4'},{'R5'},{'D2'},&,1.0,&
{'R4'},{'D3'},{'D1'},{'R5'},{'R2'},{'R1'},{'R3'},{'D2'},{'D5'},{'D4'},&,1.0,&
{'R4'},{'D3'},{'D1'},{'R1'},{'D5'},{'R2'},{'R5'},{'R3'},{'D2'},{'D4'},&,1.0,&
{'R4'},{'D3'},{'D1'},{'R1'},{'R2'},{'D5'},{'R5'},{'R3'},{'D2'},{'D4'},&,1.0,&
{'R4'},{'D3'},{'D1'},{'R1'},{'R2'},{'R5'},{'R3'},{'D4'},{'D5'},{'D2'},&,1.0,&
{'R4'},{'D3'},{'D5'},{'D4'},{'R2'},{'D1'},{'D2'},{'R1'},{'R5'},{'R3'},&,1.0,&
{'R4'},{'D3'},{'D5'},{'R2'},{'R1'},{'R5'},{'D1'},{'R3'},{'D2'},{'D4'},&,1.0,&
{'R4'},{'D3'},{'D5'},{'R1'},{'R2'},{'R5'},{'R3'},{'D1'},{'D4'},{'D2'},&,1.0,&
{'R4'},{'D3'},{'D2'},{'D4'},{'D5'},{'D1'},{'R2'},{'R1'},{'R5'},{'R3'},&,1.0,&
{'R4'},{'D3'},{'R2'},{'R5'},{'R1'},{'R3'},{'D5'},{'D1'},{'D4'},{'D2'},&,1.0,&
{'R4'},{'D3'},{'R2'},{'R1'},{'R5'},{'R3'},{'D1'},{'D5'},{'D2'},{'D4'},&,1.0,&
{'R4'},{'D3'},{'R2'},{'R1'},{'R5'},{'R3'},{'D5'},{'D2'},{'D1'},{'D4'},&,1.0,&
{'R4'},{'D3'},{'R1'},{'R2'},{'R5'},{'R3'},{'D1'},{'D2'},{'D5'},{'D4'},&,1.0,&
{'R4'},{'D2'},{'R5'},{'R2'},{'D3'},{'R1'},{'D4'},{'R3'},{'D1'},{'D5'},&,1.0,&
{'R4'},{'D5'},{'D3'},{'D4'},{'D1'},{'D2'},{'R2'},{'R1'},{'R5'},{'R3'},&,1.0,&
{'R4'},{'D5'},{'D2'},{'D4'},{'D3'},{'D1'},{'R2'},{'R1'},{'R5'},{'R3'},&,1.0,&
{'R4'},{'D5'},{'D4'},{'D3'},{'D2'},{'D1'},{'R2'},{'R1'},{'R5'},{'R3'},&,1.0,&
{'R4'},{'D5'},{'D4'},{'D3'},{'D2'},{'D1'},{'R5'},{'R2'},{'R1'},{'R3'},&,1.0,&
{'R4'},{'D5'},{'R2'},{'R1'},{'R3'},{'R5'},{'D3'},{'D1'},{'D2'},{'D4'},&,1.0,&
{'R4'},{'D5'},{'R5'},{'R1'},{'R2'},{'R3'},{'D3'},{'D1'},{'D2'},{'D4'},&,1.0,&
{'R4'},{'D4'},{'D3'},{'D5'},{'D2'},{'D1'},{'R2'},{'R1'},{'R3'},{'R5'},&,1.0,&
{'R4'},{'D4'},{'D3'},{'D5'},{'D1'},{'D2'},{'R1'},{'R2'},{'R5'},{'R3'},&,1.0,&
{'R4'},{'D4'},{'D3'},{'R5'},{'R2'},{'R1'},{'R3'},{'D1'},{'D2'},{'D5'},&,1.0,&
{'R4'},{'D4'},{'D1'},{'D5'},{'D3'},{'D2'},{'R2'},{'R1'},{'R5'},{'R3'},&,1.0,&
{'R4'},{'D4'},{'D1'},{'D3'},{'R1'},{'R2'},{'D5'},{'D2'},{'R5'},{'R3'},&,1.0,&
{'R4'},{'D4'},{'D1'},{'D3'},{'R1'},{'D5'},{'D2'},{'R2'},{'R5'},{'R3'},&,1.0,&
{'R4'},{'D4'},{'D2'},{'D5'},{'D3'},{'D1'},{'R1'},{'R2'},{'R5'},{'R3'},&,1.0,&
{'R4'},{'D4'},{'R2'},{'D2'},{'R5'},{'D3'},{'D1'},{'D5'},{'R1'},{'R3'},&,1.0,&
{'R4'},{'D4'},{'R5'},{'R1'},{'D1'},{'R2'},{'D3'},{'R3'},{'D5'},{'D2'},&,1.0,&
{'R4'},{'R1'},{'D3'},{'R2'},{'R5'},{'R3'},{'D5'},{'D2'},{'D1'},{'D4'},&,1.0,&
{'R4'},{'R1'},{'D3'},{'R3'},{'D1'},{'R2'},{'R5'},{'D4'},{'D2'},{'D5'},&,1.0,&
{'R4'},{'R1'},{'D1'},{'D3'},{'R2'},{'R5'},{'D5'},{'R3'},{'D2'},{'D4'},&,1.0,&
{'R4'},{'R1'},{'D1'},{'R2'},{'R5'},{'D3'},{'R3'},{'D5'},{'D4'},{'D2'},&,1.0,&
{'R4'},{'R1'},{'D1'},{'R2'},{'R5'},{'D3'},{'D4'},{'R3'},{'D5'},{'D2'},&,1.0,&
{'R4'},{'R1'},{'D1'},{'R2'},{'R5'},{'R3'},{'D3'},{'D5'},{'D2'},{'D4'},&,1.0,&
{'R4'},{'R1'},{'D1'},{'R2'},{'R3'},{'R5'},{'D5'},{'D3'},{'D4'},{'D2'},&,1.0,&
{'R4'},{'R1'},{'D5'},{'R2'},{'R5'},{'R3'},{'D1'},{'D3'},{'D2'},{'D4'},&,1.0,&
{'R4'},{'R1'},{'D5'},{'R5'},{'R2'},{'R3'},{'D1'},{'D3'},{'D4'},{'D2'},&,1.0,&
{'R4'},{'R1'},{'D4'},{'R5'},{'R2'},{'R3'},{'D1'},{'D3'},{'D5'},{'D2'},&,1.0,&
{'R4'},{'R1'},{'R2'},{'D5'},{'R5'},{'R3'},{'D3'},{'D4'},{'D1'},{'D2'},&,1.0,&
{'R4'},{'R1'},{'R2'},{'D3'},{'D1'},{'R3'},{'R5'},{'D2'},{'D4'},{'D5'},&,1.0,&
{'R4'},{'R1'},{'R2'},{'D3'},{'R5'},{'R3'},{'D1'},{'D5'},{'D4'},{'D2'},&,1.0,&
{'R4'},{'R1'},{'R2'},{'D2'},{'D1'},{'R5'},{'R3'},{'D5'},{'D3'},{'D4'},&,1.0,&
{'R4'},{'R1'},{'R2'},{'D2'},{'R5'},{'R3'},{'D3'},{'D1'},{'D5'},{'D4'},&,1.0,&
{'R4'},{'R1'},{'R2'},{'D2'},{'R5'},{'R3'},{'D5'},{'D3'},{'D1'},{'D4'},&,1.0,&
{'R4'},{'R1'},{'R2'},{'D1'},{'R5'},{'D3'},{'R3'},{'D2'},{'D5'},{'D4'},&,2.0,&
{'R4'},{'R1'},{'R2'},{'D1'},{'R3'},{'R5'},{'D5'},{'D3'},{'D2'},{'D4'},&,1.0,&
{'R4'},{'R1'},{'R2'},{'R5'},{'D1'},{'R3'},{'D3'},{'D5'},{'D2'},{'D4'},&,1.0,&
{'R4'},{'R1'},{'R2'},{'R5'},{'D1'},{'R3'},{'D3'},{'D5'},{'D4'},{'D2'},&,1.0,&
{'R4'},{'R1'},{'R2'},{'R5'},{'D4'},{'R3'},{'D1'},{'D3'},{'D5'},{'D2'},&,1.0,&
{'R4'},{'R1'},{'R2'},{'R5'},{'D3'},{'D1'},{'D5'},{'R3'},{'D2'},{'D4'},&,1.0,&
{'R4'},{'R1'},{'R2'},{'R5'},{'R3'},{'D1'},{'D2'},{'D5'},{'D3'},{'D4'},&,1.0,&
{'R4'},{'R1'},{'R2'},{'R5'},{'R3'},{'D1'},{'D2'},{'D3'},{'D5'},{'D4'},&,1.0,&
{'R4'},{'R1'},{'R2'},{'R5'},{'R3'},{'D1'},{'D3'},{'D5'},{'D2'},{'D4'},&,1.0,&
{'R4'},{'R1'},{'R2'},{'R5'},{'R3'},{'D1'},{'D3'},{'D5'},{'D4'},{'D2'},&,4.0,&
{'R4'},{'R1'},{'R2'},{'R5'},{'R3'},{'D1'},{'D3'},{'D4'},{'D5'},{'D2'},&,3.0,&
{'R4'},{'R1'},{'R2'},{'R5'},{'R3'},{'D1'},{'D4'},{'D3'},{'D5'},{'D2'},&,1.0,&
{'R4'},{'R1'},{'R2'},{'R5'},{'R3'},{'D1'},{'D5'},{'D3'},{'D2'},{'D4'},&,2.0,&
{'R4'},{'R1'},{'R2'},{'R5'},{'R3'},{'D1'},{'D5'},{'D4'},{'D3'},{'D2'},&,1.0,&
{'R4'},{'R1'},{'R2'},{'R5'},{'R3'},{'D5'},{'D3'},{'D1'},{'D2'},{'D4'},&,1.0,&
{'R4'},{'R1'},{'R2'},{'R5'},{'R3'},{'D5'},{'D3'},{'D1'},{'D4'},{'D2'},&,2.0,&
{'R4'},{'R1'},{'R2'},{'R5'},{'R3'},{'D5'},{'D1'},{'D3'},{'D4'},{'D2'},&,2.0,&
{'R4'},{'R1'},{'R2'},{'R5'},{'R3'},{'D5'},{'D4'},{'D1'},{'D3'},{'D2'},&,1.0,&
{'R4'},{'R1'},{'R2'},{'R5'},{'R3'},{'D3'},{'D2'},{'D1'},{'D5'},{'D4'},&,2.0,&
{'R4'},{'R1'},{'R2'},{'R5'},{'R3'},{'D3'},{'D1'},{'D5'},{'D2'},{'D4'},&,3.0,&
{'R4'},{'R1'},{'R2'},{'R5'},{'R3'},{'D3'},{'D5'},{'D1'},{'D2'},{'D4'},&,2.0,&
{'R4'},{'R1'},{'R2'},{'R5'},{'R3'},{'D3'},{'D5'},{'D1'},{'D4'},{'D2'},&,1.0,&
{'R4'},{'R1'},{'R2'},{'R3'},{'D3'},{'R5'},{'D1'},{'D2'},{'D5'},{'D4'},&,1.0,&
{'R4'},{'R1'},{'R2'},{'R3'},{'R5'},{'D1'},{'D3'},{'D4'},{'D5'},{'D2'},&,1.0,&
{'R4'},{'R1'},{'R2'},{'R3'},{'R5'},{'D5'},{'D1'},{'D3'},{'D4'},{'D2'},&,1.0,&
{'R4'},{'R1'},{'R2'},{'R3'},{'R5'},{'D3'},{'D1'},{'D5'},{'D4'},{'D2'},&,1.0,&
{'R4'},{'R1'},{'R2'},{'R3'},{'R5'},{'D3'},{'D4'},{'D5'},{'D1'},{'D2'},&,2.0,&
{'R4'},{'R1'},{'R2'},{'R3'},{'R5'},{'D3'},{'D5'},{'D1'},{'D4'},{'D2'},&,1.0,&
{'R4'},{'R1'},{'R2'},{'R3'},{'R5'},{'D4'},{'D1'},{'D3'},{'D5'},{'D2'},&,1.0,&
{'R4'},{'R1'},{'R5'},{'R2'},{'D3'},{'R3'},{'D2'},{'D1'},{'D5'},{'D4'},&,1.0,&
{'R4'},{'R1'},{'R5'},{'R2'},{'R3'},{'D1'},{'D2'},{'D3'},{'D5'},{'D4'},&,1.0,&
{'R4'},{'R1'},{'R5'},{'R2'},{'R3'},{'D1'},{'D3'},{'D5'},{'D2'},{'D4'},&,1.0,&
{'R4'},{'R1'},{'R5'},{'R2'},{'R3'},{'D5'},{'D2'},{'D3'},{'D1'},{'D4'},&,1.0,&
{'R4'},{'R1'},{'R5'},{'R2'},{'R3'},{'D5'},{'D3'},{'D1'},{'D4'},{'D2'},&,1.0,&
{'R4'},{'R1'},{'R5'},{'R2'},{'R3'},{'D3'},{'D1'},{'D5'},{'D2'},{'D4'},&,1.0,&
{'R4'},{'R1'},{'R5'},{'R2'},{'R3'},{'D3'},{'D1'},{'D5'},{'D4'},{'D2'},&,1.0,&
{'R4'},{'R1'},{'R5'},{'R2'},{'R3'},{'D3'},{'D1'},{'D4'},{'D5'},{'D2'},&,1.0,&
{'R4'},{'R1'},{'R5'},{'R2'},{'R3'},{'D3'},{'D5'},{'D1'},{'D2'},{'D4'},&,1.0,&
{'R4'},{'R1'},{'R5'},{'R2'},{'R3'},{'D3'},{'D5'},{'D1'},{'D4'},{'D2'},&,1.0,&
{'R4'},{'R1'},{'R5'},{'R2'},{'R3'},{'D2'},{'D5'},{'D3'},{'D1'},{'D4'},&,1.0,&
{'R4'},{'R1'},{'R3'},{'R2'},{'R5'},{'D1'},{'D4'},{'D5'},{'D2'},{'D3'},&,1.0,&
{'R4'},{'R1'},{'R3'},{'R2'},{'R5'},{'D1'},{'D5'},{'D2'},{'D3'},{'D4'},&,1.0,&
{'R4'},{'R1'},{'R3'},{'R2'},{'R5'},{'D3'},{'D4'},{'D5'},{'D1'},{'D2'},&,1.0,&
{'R4'},{'R1'},{'R3'},{'R2'},{'R5'},{'D3'},{'D5'},{'D4'},{'D1'},{'D2'},&,1.0,&
{'R4'},{'R2'},{'D3'},{'R5'},{'R1'},{'R3'},{'D4'},{'D1'},{'D5'},{'D2'},&,1.0,&
{'R4'},{'R2'},{'D3'},{'R1'},{'R5'},{'D1'},{'R3'},{'D5'},{'D2'},{'D4'},&,1.0,&
{'R4'},{'R2'},{'D3'},{'R1'},{'R5'},{'R3'},{'D4'},{'D1'},{'D2'},{'D5'},&,1.0,&
{'R4'},{'R2'},{'D3'},{'R1'},{'R3'},{'R5'},{'D4'},{'D5'},{'D1'},{'D2'},&,1.0,&
{'R4'},{'R2'},{'D3'},{'R3'},{'R1'},{'R5'},{'D1'},{'D5'},{'D2'},{'D4'},&,1.0,&
{'R4'},{'R2'},{'D3'},{'R3'},{'D5'},{'R1'},{'D1'},{'R5'},{'D4'},{'D2'},&,1.0,&
{'R4'},{'R2'},{'D1'},{'R1'},{'R5'},{'D3'},{'R3'},{'D5'},{'D2'},{'D4'},&,1.0,&
{'R4'},{'R2'},{'D1'},{'R1'},{'R3'},{'D3'},{'R5'},{'D5'},{'D4'},{'D2'},&,1.0,&
{'R4'},{'R2'},{'D5'},{'D3'},{'R1'},{'R5'},{'R3'},{'D2'},{'D1'},{'D4'},&,1.0,&
{'R4'},{'R2'},{'D5'},{'R5'},{'D1'},{'D3'},{'R1'},{'R3'},{'D2'},{'D4'},&,1.0,&
{'R4'},{'R2'},{'R1'},{'D5'},{'R5'},{'R3'},{'D1'},{'D3'},{'D2'},{'D4'},&,1.0,&
{'R4'},{'R2'},{'R1'},{'D3'},{'D1'},{'R5'},{'R3'},{'D5'},{'D2'},{'D4'},&,1.0,&
{'R4'},{'R2'},{'R1'},{'D3'},{'R5'},{'D1'},{'R3'},{'D5'},{'D4'},{'D2'},&,1.0,&
{'R4'},{'R2'},{'R1'},{'D3'},{'R5'},{'R3'},{'D1'},{'D5'},{'D4'},{'D2'},&,1.0,&
{'R4'},{'R2'},{'R1'},{'D3'},{'R5'},{'R3'},{'D5'},{'D1'},{'D4'},{'D2'},&,1.0,&
{'R4'},{'R2'},{'R1'},{'D2'},{'R5'},{'R3'},{'D1'},{'D5'},{'D3'},{'D4'},&,1.0,&
{'R4'},{'R2'},{'R1'},{'D1'},{'R5'},{'R3'},{'D2'},{'D4'},{'D5'},{'D3'},&,1.0,&
{'R4'},{'R2'},{'R1'},{'D1'},{'R3'},{'R5'},{'D5'},{'D3'},{'D2'},{'D4'},&,1.0,&
{'R4'},{'R2'},{'R1'},{'R5'},{'D1'},{'D3'},{'R3'},{'D5'},{'D2'},{'D4'},&,1.0,&
{'R4'},{'R2'},{'R1'},{'R5'},{'D1'},{'R3'},{'D3'},{'D2'},{'D5'},{'D4'},&,1.0,&
{'R4'},{'R2'},{'R1'},{'R5'},{'D1'},{'R3'},{'D3'},{'D5'},{'D4'},{'D2'},&,1.0,&
{'R4'},{'R2'},{'R1'},{'R5'},{'D1'},{'R3'},{'D4'},{'D3'},{'D5'},{'D2'},&,1.0,&
{'R4'},{'R2'},{'R1'},{'R5'},{'D1'},{'R3'},{'D5'},{'D3'},{'D4'},{'D2'},&,1.0,&
{'R4'},{'R2'},{'R1'},{'R5'},{'D5'},{'R3'},{'D1'},{'D2'},{'D4'},{'D3'},&,1.0,&
{'R4'},{'R2'},{'R1'},{'R5'},{'D3'},{'R3'},{'D2'},{'D1'},{'D5'},{'D4'},&,1.0,&
{'R4'},{'R2'},{'R1'},{'R5'},{'D3'},{'R3'},{'D1'},{'D5'},{'D2'},{'D4'},&,1.0,&
{'R4'},{'R2'},{'R1'},{'R5'},{'D3'},{'R3'},{'D1'},{'D5'},{'D4'},{'D2'},&,1.0,&
{'R4'},{'R2'},{'R1'},{'R5'},{'R3'},{'D1'},{'D3'},{'D2'},{'D5'},{'D4'},&,1.0,&
{'R4'},{'R2'},{'R1'},{'R5'},{'R3'},{'D1'},{'D3'},{'D5'},{'D2'},{'D4'},&,4.0,&
{'R4'},{'R2'},{'R1'},{'R5'},{'R3'},{'D1'},{'D3'},{'D5'},{'D4'},{'D2'},&,4.0,&
{'R4'},{'R2'},{'R1'},{'R5'},{'R3'},{'D1'},{'D3'},{'D4'},{'D5'},{'D2'},&,1.0,&
{'R4'},{'R2'},{'R1'},{'R5'},{'R3'},{'D1'},{'D3'},{'D4'},{'D2'},{'D5'},&,2.0,&
{'R4'},{'R2'},{'R1'},{'R5'},{'R3'},{'D1'},{'D4'},{'D5'},{'D3'},{'D2'},&,1.0,&
{'R4'},{'R2'},{'R1'},{'R5'},{'R3'},{'D1'},{'D5'},{'D2'},{'D3'},{'D4'},&,1.0,&
{'R4'},{'R2'},{'R1'},{'R5'},{'R3'},{'D1'},{'D5'},{'D3'},{'D2'},{'D4'},&,1.0,&
{'R4'},{'R2'},{'R1'},{'R5'},{'R3'},{'D1'},{'D5'},{'D3'},{'D4'},{'D2'},&,1.0,&
{'R4'},{'R2'},{'R1'},{'R5'},{'R3'},{'D5'},{'D3'},{'D1'},{'D4'},{'D2'},&,3.0,&
{'R4'},{'R2'},{'R1'},{'R5'},{'R3'},{'D5'},{'D1'},{'D3'},{'D4'},{'D2'},&,2.0,&
{'R4'},{'R2'},{'R1'},{'R5'},{'R3'},{'D3'},{'D2'},{'D1'},{'D5'},{'D4'},&,1.0,&
{'R4'},{'R2'},{'R1'},{'R5'},{'R3'},{'D3'},{'D1'},{'D2'},{'D4'},{'D5'},&,1.0,&
{'R4'},{'R2'},{'R1'},{'R5'},{'R3'},{'D3'},{'D1'},{'D5'},{'D2'},{'D4'},&,3.0,&
{'R4'},{'R2'},{'R1'},{'R5'},{'R3'},{'D3'},{'D1'},{'D5'},{'D4'},{'D2'},&,1.0,&
{'R4'},{'R2'},{'R1'},{'R5'},{'R3'},{'D3'},{'D1'},{'D4'},{'D5'},{'D2'},&,1.0,&
{'R4'},{'R2'},{'R1'},{'R5'},{'R3'},{'D3'},{'D4'},{'D1'},{'D5'},{'D2'},&,1.0,&
{'R4'},{'R2'},{'R1'},{'R5'},{'R3'},{'D3'},{'D5'},{'D1'},{'D4'},{'D2'},&,1.0,&
{'R4'},{'R2'},{'R1'},{'R5'},{'R3'},{'D3'},{'D5'},{'D4'},{'D1'},{'D2'},&,1.0,&
{'R4'},{'R2'},{'R1'},{'R5'},{'R3'},{'D2'},{'D4'},{'D1'},{'D3'},{'D5'},&,1.0,&
{'R4'},{'R2'},{'R1'},{'R3'},{'D3'},{'R5'},{'D1'},{'D5'},{'D2'},{'D4'},&,1.0,&
{'R4'},{'R2'},{'R1'},{'R3'},{'R5'},{'D1'},{'D3'},{'D2'},{'D5'},{'D4'},&,1.0,&
{'R4'},{'R2'},{'R1'},{'R3'},{'R5'},{'D1'},{'D4'},{'D5'},{'D2'},{'D3'},&,1.0,&
{'R4'},{'R2'},{'R1'},{'R3'},{'R5'},{'D1'},{'D5'},{'D3'},{'D4'},{'D2'},&,1.0,&
{'R4'},{'R2'},{'R1'},{'R3'},{'R5'},{'D5'},{'D1'},{'D2'},{'D3'},{'D4'},&,1.0,&
{'R4'},{'R2'},{'R1'},{'R3'},{'R5'},{'D3'},{'D2'},{'D1'},{'D5'},{'D4'},&,1.0,&
{'R4'},{'R2'},{'R1'},{'R3'},{'R5'},{'D2'},{'D1'},{'D3'},{'D5'},{'D4'},&,1.0,&
{'R4'},{'R2'},{'R5'},{'D3'},{'R1'},{'R3'},{'D4'},{'D5'},{'D1'},{'D2'},&,1.0,&
{'R4'},{'R2'},{'R5'},{'R1'},{'D1'},{'R3'},{'D3'},{'D5'},{'D4'},{'D2'},&,1.0,&
{'R4'},{'R2'},{'R5'},{'R1'},{'D5'},{'R3'},{'D2'},{'D3'},{'D1'},{'D4'},&,1.0,&
{'R4'},{'R2'},{'R5'},{'R1'},{'D5'},{'R3'},{'D1'},{'D2'},{'D3'},{'D4'},&,1.0,&
{'R4'},{'R2'},{'R5'},{'R1'},{'R3'},{'D1'},{'D3'},{'D2'},{'D5'},{'D4'},&,1.0,&
{'R4'},{'R2'},{'R5'},{'R1'},{'R3'},{'D1'},{'D3'},{'D5'},{'D4'},{'D2'},&,1.0,&
{'R4'},{'R2'},{'R5'},{'R1'},{'R3'},{'D1'},{'D3'},{'D4'},{'D5'},{'D2'},&,1.0,&
{'R4'},{'R2'},{'R5'},{'R1'},{'R3'},{'D1'},{'D5'},{'D3'},{'D2'},{'D4'},&,1.0,&
{'R4'},{'R2'},{'R5'},{'R1'},{'R3'},{'D5'},{'D3'},{'D1'},{'D4'},{'D2'},&,1.0,&
{'R4'},{'R2'},{'R5'},{'R1'},{'R3'},{'D5'},{'D1'},{'D3'},{'D2'},{'D4'},&,1.0,&
{'R4'},{'R2'},{'R5'},{'R1'},{'R3'},{'D3'},{'D2'},{'D1'},{'D5'},{'D4'},&,1.0,&
{'R4'},{'R2'},{'R5'},{'R1'},{'R3'},{'D3'},{'D1'},{'D2'},{'D5'},{'D4'},&,1.0,&
{'R4'},{'R2'},{'R5'},{'R1'},{'R3'},{'D3'},{'D1'},{'D5'},{'D2'},{'D4'},&,1.0,&
{'R4'},{'R2'},{'R5'},{'R1'},{'R3'},{'D3'},{'D1'},{'D5'},{'D4'},{'D2'},&,1.0,&
{'R4'},{'R2'},{'R5'},{'R1'},{'R3'},{'D3'},{'D1'},{'D4'},{'D5'},{'D2'},&,1.0,&
{'R4'},{'R2'},{'R5'},{'R1'},{'R3'},{'D3'},{'D5'},{'D2'},{'D1'},{'D4'},&,1.0,&
{'R4'},{'R2'},{'R3'},{'D5'},{'R1'},{'R5'},{'D1'},{'D3'},{'D4'},{'D2'},&,1.0,&
{'R4'},{'R2'},{'R3'},{'D5'},{'R1'},{'D3'},{'R5'},{'D1'},{'D4'},{'D2'},&,1.0,&
{'R4'},{'R2'},{'R3'},{'D3'},{'R1'},{'R5'},{'D1'},{'D5'},{'D2'},{'D4'},&,1.0,&
{'R4'},{'R2'},{'R3'},{'R5'},{'R1'},{'D3'},{'D1'},{'D2'},{'D5'},{'D4'},&,1.0,&
{'R4'},{'R2'},{'R3'},{'R1'},{'R5'},{'D5'},{'D3'},{'D1'},{'D2'},{'D4'},&,1.0,&
{'R4'},{'R2'},{'R3'},{'R1'},{'R5'},{'D3'},{'D1'},{'D4'},{'D5'},{'D2'},&,1.0,&
{'R4'},{'R2'},{'R3'},{'R1'},{'R5'},{'D3'},{'D5'},{'D4'},{'D1'},{'D2'},&,1.0,&
{'R4'},{'D1'},{'D5'},{'D3'},{'D4'},{'D2'},{'R2'},{'R1'},{'R5'},{'R3'},&,1.0,&
{'R4'},{'D1'},{'D4'},{'R1'},{'R2'},{'D5'},{'R5'},{'R3'},{'D3'},{'D2'},&,1.0,&
{'R4'},{'D1'},{'R1'},{'D3'},{'D5'},{'R2'},{'R5'},{'R3'},{'D4'},{'D2'},&,1.0,&
{'R4'},{'D1'},{'R1'},{'D2'},{'R5'},{'R3'},{'R2'},{'D5'},{'D3'},{'D4'},&,1.0,&
{'R4'},{'D1'},{'R1'},{'R2'},{'R5'},{'D3'},{'R3'},{'D4'},{'D2'},{'D5'},&,1.0,&
{'R4'},{'D1'},{'R1'},{'R2'},{'R5'},{'R3'},{'D3'},{'D5'},{'D4'},{'D2'},&,2.0,&
{'R4'},{'D1'},{'R1'},{'R2'},{'R3'},{'R5'},{'D3'},{'D5'},{'D2'},{'D4'},&,1.0,&
{'R4'},{'D1'},{'R1'},{'R5'},{'R2'},{'R3'},{'D3'},{'D5'},{'D2'},{'D4'},&,1.0,&
{'R4'},{'D1'},{'R1'},{'R3'},{'R2'},{'R5'},{'D3'},{'D5'},{'D2'},{'D4'},&,1.0,&
{'R4'},{'D1'},{'R5'},{'R1'},{'R2'},{'R3'},{'D3'},{'D5'},{'D2'},{'D4'},&,1.0,&
{'R4'},{'D1'},{'R5'},{'R1'},{'R2'},{'R3'},{'D4'},{'D3'},{'D5'},{'D2'},&,1.0,&
{'R4'},{'D1'},{'R3'},{'R2'},{'R1'},{'R5'},{'D3'},{'D5'},{'D4'},{'D2'},&,1.0,&
{'R4'},{'R3'},{'D3'},{'R2'},{'R5'},{'R1'},{'D5'},{'D1'},{'D2'},{'D4'},&,1.0,&
{'R4'},{'R3'},{'D3'},{'R2'},{'R5'},{'D5'},{'R1'},{'D1'},{'D2'},{'D4'},&,1.0,&
{'R4'},{'R3'},{'R2'},{'R5'},{'R1'},{'D5'},{'D3'},{'D1'},{'D2'},{'D4'},&,1.0,&
{'R4'},{'R3'},{'R2'},{'R1'},{'D1'},{'D2'},{'D5'},{'R5'},{'D3'},{'D4'},&,1.0,&
{'R4'},{'R3'},{'R2'},{'R1'},{'R5'},{'D1'},{'D3'},{'D5'},{'D2'},{'D4'},&,1.0,&
{'R4'},{'R3'},{'R1'},{'D3'},{'R2'},{'R5'},{'D1'},{'D4'},{'D2'},{'D5'},&,1.0,&
{'R4'},{'R3'},{'R1'},{'R2'},{'R5'},{'D1'},{'D3'},{'D4'},{'D5'},{'D2'},&,1.0,&
{'R3'},{'R5'},{'D3'},{'R2'},{'D1'},{'R1'},{'R4'},{'D5'},{'D4'},{'D2'},&,1.0,&
{'R3'},{'R5'},{'R2'},{'D3'},{'D1'},{'D2'},{'R1'},{'R4'},{'D4'},{'D5'},&,1.0,&
{'R3'},{'R5'},{'R2'},{'R1'},{'R4'},{'D5'},{'D1'},{'D3'},{'D2'},{'D4'},&,1.0,&
{'R3'},{'R5'},{'R2'},{'R4'},{'R1'},{'D1'},{'D4'},{'D5'},{'D3'},{'D2'},&,1.0,&
{'R3'},{'R5'},{'R2'},{'R4'},{'R1'},{'D4'},{'D1'},{'D3'},{'D5'},{'D2'},&,1.0,&
{'R3'},{'R5'},{'R1'},{'R2'},{'R4'},{'D5'},{'D4'},{'D1'},{'D3'},{'D2'},&,1.0,&
{'R3'},{'D3'},{'D5'},{'D4'},{'D1'},{'D2'},{'R2'},{'R1'},{'R5'},{'R4'},&,1.0,&
{'R3'},{'D3'},{'D5'},{'D1'},{'D4'},{'D2'},{'R1'},{'R2'},{'R5'},{'R4'},&,1.0,&
{'R3'},{'D3'},{'D2'},{'D5'},{'D4'},{'D1'},{'R2'},{'R1'},{'R5'},{'R4'},&,1.0,&
{'R3'},{'D3'},{'D4'},{'D5'},{'D2'},{'D1'},{'R1'},{'R2'},{'R5'},{'R4'},&,1.0,&
{'R3'},{'D3'},{'D4'},{'D5'},{'D1'},{'R1'},{'R2'},{'D2'},{'R5'},{'R4'},&,1.0,&
{'R3'},{'D3'},{'D4'},{'D5'},{'D1'},{'R1'},{'D2'},{'R2'},{'R5'},{'R4'},&,1.0,&
{'R3'},{'D3'},{'D4'},{'D5'},{'R2'},{'D1'},{'D2'},{'R1'},{'R5'},{'R4'},&,1.0,&
{'R3'},{'D3'},{'D4'},{'D2'},{'R2'},{'D5'},{'R1'},{'D1'},{'R4'},{'R5'},&,1.0,&
{'R3'},{'D3'},{'D4'},{'R2'},{'D5'},{'R1'},{'R5'},{'D2'},{'D1'},{'R4'},&,1.0,&
{'R3'},{'D3'},{'R2'},{'D2'},{'D1'},{'D4'},{'D5'},{'R5'},{'R1'},{'R4'},&,1.0,&
{'R3'},{'D2'},{'D3'},{'R2'},{'D5'},{'D4'},{'D1'},{'R1'},{'R5'},{'R4'},&,1.0,&
{'R3'},{'D2'},{'R1'},{'D3'},{'R2'},{'D5'},{'D4'},{'D1'},{'R5'},{'R4'},&,1.0,&
{'R3'},{'D5'},{'D3'},{'D4'},{'D2'},{'D1'},{'R2'},{'R1'},{'R5'},{'R4'},&,1.0,&
{'R3'},{'D5'},{'D3'},{'D4'},{'D1'},{'D2'},{'R2'},{'R1'},{'R5'},{'R4'},&,1.0,&
{'R3'},{'D5'},{'D3'},{'D4'},{'D1'},{'D2'},{'R2'},{'R5'},{'R1'},{'R4'},&,1.0,&
{'R3'},{'D5'},{'D3'},{'R2'},{'R1'},{'D1'},{'R4'},{'R5'},{'D4'},{'D2'},&,1.0,&
{'R3'},{'D5'},{'D2'},{'D3'},{'D4'},{'D1'},{'R2'},{'R5'},{'R1'},{'R4'},&,1.0,&
{'R3'},{'D5'},{'D4'},{'D3'},{'D2'},{'D1'},{'R2'},{'R1'},{'R5'},{'R4'},&,2.0,&
{'R3'},{'D5'},{'D4'},{'D3'},{'R2'},{'D2'},{'R1'},{'D1'},{'R5'},{'R4'},&,1.0,&
{'R3'},{'D5'},{'D4'},{'D2'},{'R2'},{'D1'},{'R1'},{'D3'},{'R5'},{'R4'},&,1.0,&
{'R3'},{'D5'},{'D4'},{'D1'},{'D3'},{'D2'},{'R2'},{'R1'},{'R5'},{'R4'},&,1.0,&
{'R3'},{'D5'},{'R2'},{'D4'},{'D1'},{'D3'},{'D2'},{'R5'},{'R1'},{'R4'},&,1.0,&
{'R3'},{'D5'},{'R1'},{'D3'},{'D4'},{'D2'},{'D1'},{'R2'},{'R4'},{'R5'},&,1.0,&
{'R3'},{'D5'},{'R4'},{'R2'},{'R1'},{'R5'},{'D1'},{'D3'},{'D2'},{'D4'},&,1.0,&
{'R3'},{'D4'},{'D3'},{'D5'},{'D2'},{'R1'},{'D1'},{'R2'},{'R5'},{'R4'},&,1.0,&
{'R3'},{'D4'},{'D1'},{'D3'},{'R5'},{'D2'},{'D5'},{'R2'},{'R1'},{'R4'},&,1.0,&
{'R3'},{'D4'},{'D5'},{'D3'},{'D2'},{'D1'},{'R2'},{'R1'},{'R5'},{'R4'},&,1.0,&
{'R3'},{'D4'},{'D5'},{'R1'},{'D3'},{'D2'},{'D1'},{'R5'},{'R2'},{'R4'},&,1.0,&
{'R3'},{'D4'},{'D2'},{'R5'},{'D5'},{'D1'},{'D3'},{'R2'},{'R1'},{'R4'},&,1.0,&
{'R3'},{'D4'},{'R2'},{'D5'},{'D3'},{'D2'},{'D1'},{'R1'},{'R5'},{'R4'},&,1.0,&
{'R3'},{'R1'},{'D3'},{'R4'},{'D1'},{'D5'},{'R2'},{'R5'},{'D2'},{'D4'},&,1.0,&
{'R3'},{'R1'},{'D3'},{'R4'},{'R2'},{'R5'},{'D1'},{'D5'},{'D4'},{'D2'},&,1.0,&
{'R3'},{'R1'},{'R2'},{'D5'},{'R4'},{'R5'},{'D2'},{'D1'},{'D3'},{'D4'},&,1.0,&
{'R3'},{'R1'},{'R2'},{'D3'},{'R4'},{'R5'},{'D1'},{'D4'},{'D5'},{'D2'},&,1.0,&
{'R3'},{'R1'},{'R2'},{'D3'},{'R4'},{'R5'},{'D5'},{'D1'},{'D2'},{'D4'},&,1.0,&
{'R3'},{'R1'},{'R2'},{'D1'},{'R5'},{'D3'},{'R4'},{'D2'},{'D5'},{'D4'},&,1.0,&
{'R3'},{'R1'},{'R2'},{'D1'},{'R4'},{'R5'},{'D5'},{'D3'},{'D4'},{'D2'},&,1.0,&
{'R3'},{'R1'},{'R2'},{'R5'},{'R4'},{'D1'},{'D4'},{'D3'},{'D5'},{'D2'},&,1.0,&
{'R3'},{'R1'},{'R2'},{'R5'},{'R4'},{'D5'},{'D3'},{'D1'},{'D2'},{'D4'},&,1.0,&
{'R3'},{'R1'},{'R2'},{'R5'},{'R4'},{'D3'},{'D1'},{'D5'},{'D2'},{'D4'},&,2.0,&
{'R3'},{'R1'},{'R2'},{'R5'},{'R4'},{'D3'},{'D1'},{'D5'},{'D4'},{'D2'},&,1.0,&
{'R3'},{'R1'},{'R2'},{'R4'},{'R5'},{'D1'},{'D5'},{'D3'},{'D4'},{'D2'},&,1.0,&
{'R3'},{'R1'},{'R2'},{'R4'},{'R5'},{'D5'},{'D1'},{'D4'},{'D3'},{'D2'},&,1.0,&
{'R3'},{'R1'},{'R2'},{'R4'},{'R5'},{'D2'},{'D3'},{'D5'},{'D1'},{'D4'},&,1.0,&
{'R3'},{'R1'},{'R5'},{'D3'},{'R2'},{'R4'},{'D1'},{'D5'},{'D4'},{'D2'},&,1.0,&
{'R3'},{'R1'},{'R5'},{'R2'},{'R4'},{'D1'},{'D4'},{'D3'},{'D5'},{'D2'},&,1.0,&
{'R3'},{'R1'},{'R5'},{'R2'},{'R4'},{'D3'},{'D5'},{'D1'},{'D4'},{'D2'},&,1.0,&
{'R3'},{'R1'},{'R5'},{'R2'},{'R4'},{'D4'},{'D1'},{'D2'},{'D5'},{'D3'},&,1.0,&
{'R3'},{'R1'},{'R5'},{'R4'},{'D1'},{'R2'},{'D5'},{'D3'},{'D4'},{'D2'},&,1.0,&
{'R3'},{'R1'},{'R5'},{'R4'},{'R2'},{'D3'},{'D1'},{'D5'},{'D2'},{'D4'},&,1.0,&
{'R3'},{'R1'},{'R4'},{'R2'},{'D3'},{'R5'},{'D1'},{'D5'},{'D2'},{'D4'},&,1.0,&
{'R3'},{'R1'},{'R4'},{'R2'},{'R5'},{'D1'},{'D3'},{'D2'},{'D5'},{'D4'},&,2.0,&
{'R3'},{'R1'},{'R4'},{'R2'},{'R5'},{'D1'},{'D5'},{'D3'},{'D2'},{'D4'},&,1.0,&
{'R3'},{'R1'},{'R4'},{'R2'},{'R5'},{'D3'},{'D4'},{'D1'},{'D2'},{'D5'},&,1.0,&
{'R3'},{'R2'},{'D1'},{'R1'},{'R4'},{'R5'},{'D3'},{'D2'},{'D4'},{'D5'},&,1.0,&
{'R3'},{'R2'},{'D1'},{'R1'},{'R4'},{'R5'},{'D3'},{'D5'},{'D2'},{'D4'},&,1.0,&
{'R3'},{'R2'},{'D1'},{'R1'},{'R4'},{'R5'},{'D3'},{'D4'},{'D5'},{'D2'},&,1.0,&
{'R3'},{'R2'},{'D5'},{'D4'},{'D1'},{'D3'},{'D2'},{'R1'},{'R5'},{'R4'},&,1.0,&
{'R3'},{'R2'},{'D2'},{'R1'},{'D1'},{'D3'},{'R5'},{'D5'},{'D4'},{'R4'},&,1.0,&
{'R3'},{'R2'},{'D4'},{'R1'},{'D5'},{'D3'},{'D2'},{'D1'},{'R5'},{'R4'},&,1.0,&
{'R3'},{'R2'},{'R1'},{'D3'},{'R5'},{'D1'},{'R4'},{'D5'},{'D2'},{'D4'},&,1.0,&
{'R3'},{'R2'},{'R1'},{'D3'},{'R4'},{'R5'},{'D1'},{'D2'},{'D5'},{'D4'},&,1.0,&
{'R3'},{'R2'},{'R1'},{'D2'},{'R5'},{'R4'},{'D1'},{'D3'},{'D5'},{'D4'},&,1.0,&
{'R3'},{'R2'},{'R1'},{'R5'},{'R4'},{'D1'},{'D3'},{'D5'},{'D4'},{'D2'},&,1.0,&
{'R3'},{'R2'},{'R1'},{'R5'},{'R4'},{'D1'},{'D4'},{'D3'},{'D5'},{'D2'},&,1.0,&
{'R3'},{'R2'},{'R1'},{'R5'},{'R4'},{'D1'},{'D5'},{'D3'},{'D4'},{'D2'},&,1.0,&
{'R3'},{'R2'},{'R1'},{'R5'},{'R4'},{'D5'},{'D1'},{'D3'},{'D2'},{'D4'},&,1.0,&
{'R3'},{'R2'},{'R1'},{'R5'},{'R4'},{'D3'},{'D1'},{'D2'},{'D4'},{'D5'},&,1.0,&
{'R3'},{'R2'},{'R1'},{'R4'},{'R5'},{'D1'},{'D2'},{'D5'},{'D3'},{'D4'},&,1.0,&
{'R3'},{'R2'},{'R1'},{'R4'},{'R5'},{'D3'},{'D1'},{'D5'},{'D2'},{'D4'},&,1.0,&
{'R3'},{'R2'},{'R5'},{'R1'},{'D3'},{'R4'},{'D5'},{'D1'},{'D4'},{'D2'},&,1.0,&
{'R3'},{'R2'},{'R5'},{'R1'},{'R4'},{'D1'},{'D3'},{'D5'},{'D4'},{'D2'},&,1.0,&
{'R3'},{'R2'},{'R5'},{'R4'},{'R1'},{'D3'},{'D1'},{'D2'},{'D4'},{'D5'},&,1.0,&
{'R3'},{'R2'},{'R4'},{'D5'},{'R5'},{'R1'},{'D3'},{'D1'},{'D2'},{'D4'},&,1.0,&
{'R3'},{'R2'},{'R4'},{'D3'},{'R1'},{'R5'},{'D1'},{'D5'},{'D2'},{'D4'},&,1.0,&
{'R3'},{'R2'},{'R4'},{'D3'},{'D5'},{'R5'},{'R1'},{'D1'},{'D2'},{'D4'},&,1.0,&
{'R3'},{'R2'},{'R4'},{'R1'},{'R5'},{'D5'},{'D1'},{'D4'},{'D3'},{'D2'},&,1.0,&
{'R3'},{'R2'},{'R4'},{'R1'},{'R5'},{'D3'},{'D1'},{'D5'},{'D2'},{'D4'},&,1.0,&
{'R3'},{'D1'},{'D3'},{'R2'},{'R1'},{'R5'},{'R4'},{'D5'},{'D2'},{'D4'},&,1.0,&
{'R3'},{'D1'},{'D3'},{'R2'},{'R1'},{'D4'},{'D5'},{'D2'},{'R5'},{'R4'},&,1.0,&
{'R3'},{'D1'},{'D5'},{'D4'},{'R2'},{'D3'},{'D2'},{'R5'},{'R1'},{'R4'},&,1.0,&
{'R3'},{'D1'},{'R2'},{'D3'},{'R1'},{'R5'},{'R4'},{'D5'},{'D4'},{'D2'},&,1.0,&
{'R3'},{'R4'},{'D3'},{'D5'},{'R1'},{'D1'},{'R2'},{'R5'},{'D4'},{'D2'},&,1.0,&
{'R3'},{'R4'},{'D3'},{'R1'},{'R2'},{'D4'},{'R5'},{'D5'},{'D1'},{'D2'},&,1.0,&
{'R3'},{'R4'},{'R2'},{'R5'},{'R1'},{'D1'},{'D3'},{'D2'},{'D5'},{'D4'},&,1.0,&
{'R3'},{'R4'},{'R2'},{'R5'},{'R1'},{'D1'},{'D5'},{'D3'},{'D2'},{'D4'},&,1.0,&
{'R3'},{'R4'},{'R2'},{'R5'},{'R1'},{'D3'},{'D1'},{'D5'},{'D4'},{'D2'},&,1.0,&
{'R3'},{'R4'},{'R2'},{'R1'},{'R5'},{'D1'},{'D3'},{'D5'},{'D2'},{'D4'},&,1.0,&
{'R3'},{'R4'},{'R2'},{'R1'},{'R5'},{'D3'},{'D1'},{'D5'},{'D4'},{'D2'},&,1.0,&
{'R3'},{'R4'},{'R1'},{'R2'},{'R5'},{'D4'},{'D5'},{'D3'},{'D1'},{'D2'},&,1.0,&
